Appendix_Data/App2_Dispersal/CEOR1980.asc
NCOLS 82 
NROWS 79 
XLLCORNER -73.79167 
YLLCORNER 40.875 
CELLSIZE 0.08333333
NODATA_value -9999 
[rows 46 to 68 of 79, columns 0 to 51 of 82]
-9999 -9999 -9999 0.000353106787868073 0.000461755030289018 0.000516079151499491 0.000624727393920436 0.000488917090894255 0.000543241212104727 0.0005975653333152 0.000570403272709964 0.000434592969683782 0.000434592969683782 0.000380268848473309 0.000380268848473309 0.000271620606052364 0.000190134424236655 1.35810303026182e-09 2.71620606052364e-05 2.71620606052364e-05 5.43241212104727e-05 2.71620606052364e-05 1.35810303026182e-09 1.35810303026182e-09 1.35810303026182e-09 5.43241212104727e-05 2.71620606052364e-05 1.35810303026182e-09 1.35810303026182e-09 1.35810303026182e-09 1.35810303026182e-09 1.35810303026182e-09 1.35810303026182e-09 1.35810303026182e-09 1.35810303026182e-09 5.43241212104727e-05 1.35810303026182e-09 2.71620606052364e-05 5.43241212104727e-05 8.14861818157091e-05 0.000108648242420945 0.000108648242420945 8.14861818157091e-05 8.14861818157091e-05 -9999 -9999 -9999 -9999 -9999 -9999 -9999 -9999
-9999 -9999 -9999 0.000325944727262836 0.000461755030289018 0.000543241212104727 0.000543241212104727 0.000543241212104727 0.000570403272709964 0.0005975653333152 0.000570403272709964 0.000488917090894255 0.000407430909078545 0.000380268848473309 0.000325944727262836 0.000217296484841891 0.000190134424236655 1.35810303026182e-09 2.71620606052364e-05 1.35810303026182e-09 1.35810303026182e-09 2.71620606052364e-05 1.35810303026182e-09 1.35810303026182e-09 1.35810303026182e-09 1.35810303026182e-09 1.35810303026182e-09 1.35810303026182e-09 2.71620606052364e-05 1.35810303026182e-09 2.71620606052364e-05 1.35810303026182e-09 5.43241212104727e-05 1.35810303026182e-09 1.35810303026182e-09 1.35810303026182e-09 1.35810303026182e-09 2.71620606052364e-05 1.35810303026182e-09 1.35810303026182e-09 5.43241212104727e-05 8.14861818157091e-05 8.14861818157091e-05 -9999 -9999 -9999 -9999 -9999 -9999 -9999 -9999 -9999
-9999 -9999 -9999 -9999 -9999 0.000516079151499491 0.000488917090894255 0.000516079151499491 0.000488917090894255 0.0005975653333152 0.0005975653333152 0.000516079151499491 0.000434592969683782 0.000407430909078545 0.0002987826666576 0.000190134424236655 0.000190134424236655 2.71620606052364e-05 1.35810303026182e-09 1.35810303026182e-09 1.35810303026182e-09 1.35810303026182e-09 5.43241212104727e-05 5.43241212104727e-05 5.43241212104727e-05 1.35810303026182e-09 2.71620606052364e-05 2.71620606052364e-05 5.43241212104727e-05 1.35810303026182e-09 1.35810303026182e-09 1.35810303026182e-09 1.35810303026182e-09 2.71620606052364e-05 1.35810303026182e-09 2.71620606052364e-05 1.35810303026182e-09 2.71620606052364e-05 1.35810303026182e-09 1.35810303026182e-09 2.71620606052364e-05 1.35810303026182e-09 -9999 -9999 -9999 -9999 -9999 -9999 -9999 -9999 -9999 -9999
-9999 -9999 -9999 -9999 -9999 0.000434592969683782 0.000434592969683782 0.000516079151499491 0.000488917090894255 0.000434592969683782 0.000488917090894255 0.000488917090894255 0.000488917090894255 0.000407430909078545 0.000271620606052364 0.000325944727262836 0.000135810303026182 2.71620606052364e-05 2.71620606052364e-05 1.35810303026182e-09 1.35810303026182e-09 1.35810303026182e-09 1.35810303026182e-09 2.71620606052364e-05 1.35810303026182e-09 2.71620606052364e-05 2.71620606052364e-05 1.35810303026182e-09 2.71620606052364e-05 1.35810303026182e-09 1.35810303026182e-09 1.35810303026182e-09 0.00135810303026182 0.00135810303026182 0.00135810303026182 1.35810303026182e-09 1.35810303026182e-09 1.35810303026182e-09 2.71620606052364e-05 1.35810303026182e-09 1.35810303026182e-09 -9999 -9999 -9999 -9999 -9999 -9999 -9999 -9999 -9999 -9999 -9999
-9999 -9999 -9999 -9999 -9999 0.000407430909078545 0.000434592969683782 0.000461755030289018 0.000461755030289018 0.000461755030289018 0.000488917090894255 0.000434592969683782 0.000434592969683782 0.000407430909078545 0.000217296484841891 0.000162972363631418 2.71620606052364e-05 2.71620606052364e-05 2.71620606052364e-05 1.35810303026182e-09 1.35810303026182e-09 1.35810303026182e-09 5.43241212104727e-05 1.35810303026182e-09 2.71620606052364e-05 2.71620606052364e-05 1.35810303026182e-09 2.71620606052364e-05 1.35810303026182e-09 5.43241212104727e-05 1.35810303026182e-09 2.71620606052364e-05 0.00135810303026182 0.00135810303026182 0.00135810303026182 0.00135810303026182 1.35810303026182e-09 5.43241212104727e-05 1.35810303026182e-09 -9999 -9999 -9999 -9999 -9999 -9999 -9999 -9999 -9999 -9999 -9999 -9999 -9999
-9999 -9999 -9999 -9999 -9999 0.000353106787868073 0.000434592969683782 0.000488917090894255 0.000488917090894255 0.000461755030289018 0.000488917090894255 0.000516079151499491 0.000461755030289018 0.000135810303026182 0.000162972363631418 8.14861818157091e-05 2.71620606052364e-05 2.71620606052364e-05 2.71620606052364e-05 1.35810303026182e-09 5.43241212104727e-05 2.71620606052364e-05 0.000217296484841891 0.000244458545447127 0.000190134424236655 5.43241212104727e-05 1.35810303026182e-09 0.000162972363631418 0.000325944727262836 0.000135810303026182 2.71620606052364e-05 1.35810303026182e-09 0.00135810303026182 0.00135810303026182 0.00135810303026182 0.00135810303026182 0.00135810303026182 2.71620606052364e-05 1.35810303026182e-09 -9999 -9999 -9999 -9999 -9999 -9999 -9999 -9999 -9999 -9999 -9999 -9999 -9999
-9999 -9999 -9999 -9999 -9999 0.000461755030289018 0.000380268848473309 0.000461755030289018 0.000461755030289018 0.000461755030289018 0.000407430909078545 0.000353106787868073 0.000434592969683782 0.000190134424236655 0.000190134424236655 0.000244458545447127 5.43241212104727e-05 2.71620606052364e-05 5.43241212104727e-05 1.35810303026182e-09 1.35810303026182e-09 0.000162972363631418 0.000271620606052364 0.000271620606052364 0.000271620606052364 0.000135810303026182 0.000380268848473309 0.000624727393920436 0.000461755030289018 0.000407430909078545 0.000135810303026182 1.35810303026182e-09 1.35810303026182e-09 0.00135810303026182 0.00135810303026182 0.00135810303026182 0.00135810303026182 0.000162972363631418 -9999 -9999 -9999 -9999 -9999 -9999 -9999 -9999 -9999 -9999 -9999 -9999 -9999 -9999
-9999 -9999 -9999 -9999 -9999 0.000325944727262836 0.000407430909078545 0.000488917090894255 0.000461755030289018 0.000461755030289018 0.000461755030289018 0.000380268848473309 0.000434592969683782 0.000353106787868073 0.000244458545447127 0.000135810303026182 2.71620606052364e-05 5.43241212104727e-05 2.71620606052364e-05 5.43241212104727e-05 2.71620606052364e-05 0.000190134424236655 0.000271620606052364 0.000325944727262836 0.0002987826666576 0.000271620606052364 0.000679051515130909 0.000733375636341382 0.000651889454525673 0.000570403272709964 0.0005975653333152 0.000516079151499491 0.000570403272709964 0.0005975653333152 0.00135810303026182 0.00135810303026182 0.00135810303026182 0.000135810303026182 -9999 -9999 -9999 -9999 -9999 -9999 -9999 -9999 -9999 -9999 -9999 -9999 -9999 -9999
-9999 -9999 -9999 -9999 -9999 0.000353106787868073 0.000380268848473309 0.000434592969683782 0.000434592969683782 0.000434592969683782 0.000353106787868073 0.000353106787868073 0.000271620606052364 0.000271620606052364 0.0002987826666576 0.000108648242420945 1.35810303026182e-09 1.35810303026182e-09 1.35810303026182e-09 2.71620606052364e-05 2.71620606052364e-05 0.000190134424236655 0.000325944727262836 0.000380268848473309 0.000325944727262836 0.000108648242420945 0.000760537696946618 0.000760537696946618 0.000733375636341382 0.000787699757551854 0.000733375636341382 0.000733375636341382 0.000787699757551854 0.000760537696946618 0.00135810303026182 0.00135810303026182 -9999 -9999 -9999 -9999 -9999 -9999 -9999 -9999 -9999 -9999 -9999 -9999 -9999 -9999 -9999 -9999
-9999 -9999 -9999 -9999 -9999 0.000353106787868073 0.000325944727262836 0.000325944727262836 0.000380268848473309 0.000434592969683782 0.000380268848473309 0.000461755030289018 0.000380268848473309 0.000271620606052364 0.000162972363631418 0.000135810303026182 1.35810303026182e-09 1.35810303026182e-09 2.71620606052364e-05 2.71620606052364e-05 2.71620606052364e-05 0.000271620606052364 0.000461755030289018 0.000488917090894255 0.000488917090894255 0.000461755030289018 0.000760537696946618 0.000842023878762327 0.000842023878762327 0.000869185939367564 0.000923510060578036 0.0008963479999728 0.000923510060578036 0.0008963479999728 0.000869185939367564 0.000760537696946618 -9999 -9999 -9999 -9999 -9999 -9999 -9999 -9999 -9999 -9999 -9999 -9999 -9999 -9999 -9999 -9999
-9999 -9999 -9999 -9999 -9999 0.000325944727262836 0.000407430909078545 0.000407430909078545 0.000407430909078545 0.000407430909078545 0.000516079151499491 0.000434592969683782 0.000135810303026182 0.000190134424236655 0.000190134424236655 0.000135810303026182 2.71620606052364e-05 2.71620606052364e-05 0.000108648242420945 5.43241212104727e-05 5.43241212104727e-05 0.000434592969683782 0.000488917090894255 0.0005975653333152 0.000543241212104727 0.0005975653333152 0.0008963479999728 0.000869185939367564 0.000842023878762327 0.000950672121183273 0.00103215830299898 0.00105932036360422 0.00103215830299898 0.0008963479999728 0.000814861818157091 0.000733375636341382 -9999 -9999 -9999 -9999 -9999 -9999 -9999 -9999 -9999 -9999 -9999 -9999 -9999 -9999 -9999 -9999
-9999 -9999 -9999 -9999 -9999 0.000271620606052364 0.0002987826666576 0.000407430909078545 0.000380268848473309 0.000407430909078545 0.000407430909078545 0.000244458545447127 0.000135810303026182 0.000135810303026182 0.000135810303026182 1.35810303026182e-09 1.35810303026182e-09 2.71620606052364e-05 1.35810303026182e-09 1.35810303026182e-09 1.35810303026182e-09 0.000543241212104727 0.000679051515130909 0.000679051515130909 0.000624727393920436 0.0008963479999728 0.000950672121183273 0.000950672121183273 0.00100499624239375 0.00103215830299898 0.00108648242420945 0.00111364448481469 0.000977834181788509 0.0008963479999728 0.000869185939367564 0.000760537696946618 0.000679051515130909 0.000543241212104727 -9999 -9999 -9999 -9999 -9999 -9999 -9999 -9999 -9999 -9999 -9999 -9999 -9999 -9999
-9999 -9999 -9999 -9999 -9999 0.0002987826666576 0.0002987826666576 0.000380268848473309 0.000380268848473309 0.000434592969683782 0.000407430909078545 0.000380268848473309 0.000244458545447127 0.000380268848473309 0.000108648242420945 2.71620606052364e-05 1.35810303026182e-09 1.35810303026182e-09 5.43241212104727e-05 0.000162972363631418 0.000434592969683782 0.0005975653333152 0.000814861818157091 0.0008963479999728 0.000787699757551854 0.000977834181788509 0.000869185939367564 0.00103215830299898 0.00100499624239375 0.00116796860602516 0.00116796860602516 0.0011951306666304 0.00111364448481469 0.00111364448481469 0.00122229272723564 0.000842023878762327 0.000679051515130909 0.000516079151499491 -9999 -9999 -9999 -9999 -9999 -9999 -9999 -9999 -9999 -9999 -9999 -9999 -9999 -9999
-9999 -9999 -9999 -9999 0.000244458545447127 0.000325944727262836 0.000407430909078545 0.000353106787868073 0.000380268848473309 0.000488917090894255 0.000434592969683782 0.000407430909078545 0.000488917090894255 0.000516079151499491 0.000353106787868073 5.43241212104727e-05 0.000108648242420945 0.000380268848473309 0.000135810303026182 0.000407430909078545 0.000543241212104727 0.000706213575736145 0.000814861818157091 0.0008963479999728 0.000977834181788509 0.000950672121183273 0.000977834181788509 0.00100499624239375 0.00111364448481469 0.0011951306666304 0.00124945478784087 0.00130377890905135 0.00130377890905135 0.00127661684844611 0.00130377890905135 0.00116796860602516 0.000679051515130909 0.000434592969683782 -9999 -9999 -9999 -9999 -9999 -9999 -9999 -9999 -9999 -9999 -9999 -9999 -9999 -9999
-9999 -9999 -9999 -9999 0.000380268848473309 0.000434592969683782 0.000516079151499491 0.000624727393920436 0.000570403272709964 0.000407430909078545 0.000570403272709964 0.000516079151499491 0.0005975653333152 0.000923510060578036 0.0005975653333152 0.000516079151499491 0.000488917090894255 0.000407430909078545 0.000570403272709964 0.000624727393920436 0.000706213575736145 0.000787699757551854 0.000869185939367564 0.000923510060578036 0.000977834181788509 0.000950672121183273 0.00100499624239375 0.00111364448481469 0.00116796860602516 0.00122229272723564 0.00127661684844611 0.00135810303026182 0.00135810303026182 0.00133094096965658 0.00133094096965658 0.00130377890905135 -9999 -9999 -9999 -9999 -9999 -9999 -9999 -9999 -9999 -9999 -9999 -9999 -9999 -9999 -9999 -9999
-9999 -9999 -9999 0.000407430909078545 0.000407430909078545 0.000488917090894255 0.000679051515130909 0.000651889454525673 0.000651889454525673 0.000706213575736145 0.0005975653333152 0.000624727393920436 0.0005975653333152 0.00127661684844611 0.00124945478784087 0.000651889454525673 0.000570403272709964 0.0005975653333152 0.000679051515130909 0.000760537696946618 0.000814861818157091 0.000814861818157091 0.0008963479999728 0.000950672121183273 0.000977834181788509 0.00100499624239375 0.00103215830299898 0.00114080654541993 0.00127661684844611 0.00127661684844611 0.00133094096965658 0.00133094096965658 0.00135810303026182 0.00135810303026182 0.00135810303026182 -9999 -9999 -9999 -9999 -9999 -9999 -9999 -9999 -9999 -9999 -9999 -9999 -9999 -9999 -9999 -9999 -9999
-9999 -9999 -9999 0.000488917090894255 0.000543241212104727 0.000706213575736145 0.000679051515130909 0.000706213575736145 0.000760537696946618 0.000787699757551854 0.000760537696946618 0.000869185939367564 0.00133094096965658 0.00135810303026182 0.00135810303026182 0.00100499624239375 0.000733375636341382 0.000679051515130909 0.000733375636341382 0.000842023878762327 0.000869185939367564 0.000923510060578036 0.000977834181788509 0.000950672121183273 0.000977834181788509 0.00103215830299898 0.00108648242420945 0.00116796860602516 0.00124945478784087 0.00135810303026182 0.00133094096965658 0.00133094096965658 0.00135810303026182 0.00135810303026182 0.00135810303026182 0.00135810303026182 -9999 -9999 -9999 -9999 -9999 -9999 -9999 -9999 -9999 -9999 -9999 -9999 -9999 -9999 -9999 -9999
-9999 -9999 -9999 0.000516079151499491 0.000706213575736145 0.000733375636341382 0.000787699757551854 0.000787699757551854 0.000842023878762327 0.000869185939367564 0.00103215830299898 0.00130377890905135 0.00135810303026182 0.00135810303026182 0.00135810303026182 0.00135810303026182 0.00111364448481469 0.000814861818157091 0.000923510060578036 0.000923510060578036 0.000950672121183273 0.000950672121183273 0.00103215830299898 0.000977834181788509 0.000950672121183273 0.00105932036360422 0.00105932036360422 0.00108648242420945 0.0011951306666304 0.00133094096965658 0.00135810303026182 0.00135810303026182 0.00135810303026182 0.00135810303026182 0.00135810303026182 0.00135810303026182 0.00135810303026182 -9999 -9999 -9999 -9999 -9999 -9999 -9999 -9999 -9999 -9999 -9999 -9999 -9999 -9999 -9999
-9999 -9999 0.000624727393920436 0.000679051515130909 0.000814861818157091 0.000814861818157091 0.000814861818157091 0.000950672121183273 0.00105932036360422 0.00108648242420945 0.0011951306666304 0.00135810303026182 0.00135810303026182 0.00135810303026182 0.00135810303026182 0.00135810303026182 0.00135810303026182 0.000950672121183273 0.000977834181788509 0.000950672121183273 0.00100499624239375 0.00100499624239375 0.00103215830299898 0.00108648242420945 0.00100499624239375 0.00100499624239375 0.00108648242420945 0.00130377890905135 0.00135810303026182 0.00135810303026182 0.00135810303026182 0.00135810303026182 0.00135810303026182 0.00135810303026182 0.00135810303026182 0.00135810303026182 0.00135810303026182 0.00135810303026182 -9999 -9999 -9999 -9999 -9999 -9999 -9999 -9999 -9999 -9999 -9999 -9999 -9999 -9999
-9999 -9999 0.000570403272709964 0.000706213575736145 0.000977834181788509 0.00111364448481469 0.00127661684844611 0.00133094096965658 0.00135810303026182 0.00135810303026182 0.00135810303026182 0.00135810303026182 0.00135810303026182 0.00135810303026182 0.00135810303026182 0.00135810303026182 0.00135810303026182 0.00103215830299898 0.000950672121183273 0.00100499624239375 0.00108648242420945 0.00111364448481469 0.00103215830299898 0.00105932036360422 0.00105932036360422 0.00100499624239375 0.00105932036360422 0.00122229272723564 0.00124945478784087 0.00135810303026182 0.00135810303026182 0.00135810303026182 0.00135810303026182 0.00135810303026182 0.00135810303026182 0.00135810303026182 0.00135810303026182 0.00135810303026182 -9999 -9999 -9999 -9999 2.71620606052364e-05 2.71620606052364e-05 5.43241212104727e-05 -9999 -9999 -9999 -9999 -9999 -9999 -9999
-9999 -9999 -9999 0.000733375636341382 0.00114080654541993 0.00130377890905135 0.00135810303026182 0.00135810303026182 0.00135810303026182 0.00135810303026182 0.00135810303026182 0.00135810303026182 0.00135810303026182 0.00135810303026182 0.00135810303026182 0.00135810303026182 0.00135810303026182 0.0011951306666304 0.00100499624239375 0.00103215830299898 0.00105932036360422 0.00114080654541993 0.00114080654541993 0.00108648242420945 0.00105932036360422 0.00108648242420945 0.00127661684844611 0.00135810303026182 0.00135810303026182 0.00135810303026182 0.00135810303026182 0.00135810303026182 0.00135810303026182 0.00135810303026182 0.00135810303026182 0.00135810303026182 0.00135810303026182 0.00135810303026182 0.00135810303026182 -9999 -9999 -9999 -9999 -9999 0.00135810303026182 0.00135810303026182 -9999 -9999 -9999 -9999 -9999 -9999
-9999 -9999 0.00108648242420945 0.00124945478784087 0.00135810303026182 0.00135810303026182 0.00135810303026182 0.00135810303026182 0.00135810303026182 0.00135810303026182 0.00135810303026182 0.00135810303026182 0.00135810303026182 0.00135810303026182 0.00135810303026182 0.00135810303026182 0.00135810303026182 0.00135810303026182 0.00111364448481469 0.00105932036360422 0.00111364448481469 0.00111364448481469 0.00116796860602516 0.00111364448481469 0.00111364448481469 0.00124945478784087 0.00135810303026182 0.00135810303026182 0.00135810303026182 0.00135810303026182 0.00135810303026182 0.00135810303026182 0.00135810303026182 0.00135810303026182 0.00135810303026182 0.00135810303026182 0.00135810303026182 0.00135810303026182 0.00135810303026182 -9999 -9999 -9999 -9999 -9999 0.00135810303026182 0.00135810303026182 -9999 -9999 -9999 -9999 -9999 -9999
-9999 -9999 0.00130377890905135 0.00135810303026182 0.00135810303026182 0.00135810303026182 0.00135810303026182 0.00135810303026182 0.00135810303026182 0.00135810303026182 0.00135810303026182 0.00135810303026182 0.00135810303026182 0.00135810303026182 0.00135810303026182 0.00135810303026182 0.00135810303026182 0.00135810303026182 0.00130377890905135 0.00111364448481469 0.00108648242420945 0.0011951306666304 0.00114080654541993 0.00116796860602516 0.00124945478784087 0.00127661684844611 0.00135810303026182 0.00135810303026182 0.00135810303026182 0.00135810303026182 0.00135810303026182 0.00135810303026182 0.00135810303026182 0.00135810303026182 0.00135810303026182 0.00135810303026182 0.00135810303026182 0.00135810303026182 0.00135810303026182 0.00135810303026182 -9999 -9999 0.00135810303026182 0.00135810303026182 0.00135810303026182 0.00135810303026182 -9999 -9999 -9999 -9999 -9999 -9999
