Appendix_Data/App6_Higher_Taxa/prnana_minxent.asc
NCOLS 472 
NROWS 227 
XLLCORNER 17.83333 
YLLCORNER -34.83333 
CELLSIZE 0.01666667 
NODATA_value -9999 
[rows 135 to 161 of 227, columns 0 to 61 of 472]
-9999 -9999 -9999 -9999 -9999 -9999 -9999 -9999 -9999 -9999 -9999 -9999 -9999 -9999 -9999 -9999 -9999 -9999 1.12862261407024e-14 1.0868863885559e-14 2.99854989102037e-10 5.59857712226386e-05 5.30190052440925e-05 4.99333049499631e-05 5.20801200351899e-06 4.96457961562294e-07 4.91866991810875e-07 5.03251376203056e-07 5.61415582182463e-07 5.94275735962589e-07 2.95095162592572e-07 7.40297378275462e-07 1.0488799919187e-06 2.47019816432984e-07 1.76247878698446e-07 1.88267655303945e-07 2.09860228518707e-08 1.36888490449688e-11 3.14716020217963e-06 2.69393835333168e-10 2.71109511219234e-09 2.29759517071363e-06 2.40664652365459e-05 2.94649945205214e-05 3.37051863235488e-05 2.56512609571134e-05 2.73816766596804e-05 2.87412505723972e-05 2.62091125862194e-05 2.67516865797439e-05 2.63090428779168e-05 3.04983567324311e-06 5.95691862162132e-07 4.04632044311768e-05 2.97275718194446e-05 2.78878909901222e-05 2.9030416861671e-05 3.38423776374358e-05 3.93699066648445e-05 4.09768401927637e-05 0.00010247458189366 0.000145575310829781
-9999 -9999 -9999 -9999 -9999 -9999 -9999 -9999 -9999 -9999 -9999 -9999 -9999 -9999 -9999 -9999 -9999 -9999 -9999 1.11385765726698e-14 1.07657983895675e-08 5.58023577846709e-05 2.51948446908778e-05 2.41255056860949e-06 3.78938932767688e-05 7.73606706523444e-07 4.90236139030713e-07 5.44660953157347e-07 5.37359001545662e-07 5.36435571746532e-07 5.40255115946629e-07 5.58208822898236e-07 8.44074004599677e-07 2.65154983380019e-07 2.24099581592341e-06 3.56899618563496e-07 1.86858404296195e-07 7.30004156082584e-09 2.20432134545531e-11 4.88768321743197e-05 5.25705425542064e-05 2.91836581377695e-06 3.93498061688828e-05 2.54262961146411e-05 2.4761118812972e-05 2.43610585904198e-05 2.48817540325583e-05 2.51498267963352e-05 2.88521314367441e-05 5.36540757057652e-05 4.79045196208213e-05 5.90212039472736e-07 1.49948864977741e-06 3.03686406052088e-05 2.83146540439098e-05 3.02096492372595e-05 3.43635775121642e-05 3.80143442405815e-05 5.52284063467918e-05 0.000128042105158689 5.18273468527794e-05 0.000197021120576146
-9999 -9999 -9999 -9999 -9999 -9999 -9999 -9999 -9999 -9999 -9999 -9999 -9999 -9999 -9999 -9999 -9999 -9999 4.76837926897057e-10 3.75949571139383e-14 1.66210474456261e-14 1.16800958953659e-05 4.92963216854783e-05 5.11608747330965e-05 4.41550152339471e-05 1.60948470410761e-06 6.48390220371408e-07 5.67910918309115e-07 5.35740388295997e-07 5.56003961623996e-07 5.33371202188562e-07 5.68059586611837e-07 4.68981217155213e-07 2.06870995368147e-07 2.84199843243345e-07 7.18527421556644e-07 1.99691429308182e-07 2.28025625889976e-07 3.67824849990066e-07 2.94084433065722e-07 5.9603255842372e-05 3.9101260499122e-05 2.20334230539861e-07 2.02138774884744e-06 6.25999500481274e-05 6.15980028106931e-05 2.74189411241854e-05 2.74438040410242e-05 3.03832551478242e-05 1.30010197521372e-05 5.35470471088997e-05 5.93231137503045e-07 1.10446150477693e-05 3.20921047030447e-05 3.06048086254424e-05 3.39030366376669e-05 3.69940490971231e-05 4.58306265378631e-05 4.88492585205304e-05 0.000296900028271662 0.000175899208283157 0.000173673027228155
-9999 -9999 -9999 -9999 -9999 -9999 -9999 -9999 -9999 -9999 -9999 -9999 -9999 -9999 -9999 -9999 -9999 -9999 2.61134425330518e-07 6.22690339957901e-14 1.06202832896652e-14 4.67945350404961e-13 7.35357074541e-08 5.09264797103341e-05 4.89502115582313e-05 2.17007682869294e-05 1.89681731679612e-06 4.24420300460737e-06 5.7301361141772e-07 5.39681213136652e-07 5.49177214641738e-07 5.54331552410675e-07 6.55624968299648e-07 5.61326800334699e-07 5.5860471534802e-07 8.65209753172542e-07 3.32104244516446e-07 1.65866352561915e-05 6.97182453876992e-07 1.60051788634867e-07 4.57004391269133e-05 6.87536966271491e-06 1.45138257099803e-07 3.08400011388042e-06 2.57058038002551e-05 5.94804715257888e-05 2.48837905368801e-05 2.5413190115885e-05 3.044766675146e-05 3.10697504215117e-05 3.82506505729553e-05 3.15294363222322e-06 2.94195908365679e-05 2.80068320261808e-05 2.75817416538162e-05 3.47488023955763e-05 3.86351707459425e-05 4.6299867465722e-05 5.8221843758934e-05 6.67150784298126e-05 0.00033999247915392 0.000158945918414675
-9999 -9999 -9999 -9999 -9999 -9999 -9999 -9999 -9999 -9999 -9999 -9999 -9999 -9999 -9999 -9999 -9999 -9999 -9999 -9999 1.02034471869084e-14 1.02799879604791e-14 1.02804882315112e-14 2.79868720707581e-07 5.08780298837131e-05 5.35313019859087e-05 4.96383542228884e-05 5.71453961502256e-06 5.62910698180728e-07 5.81104785221041e-07 5.6785139386823e-07 6.02827981889646e-07 6.185054449549e-07 6.26243204125221e-07 5.96998690753895e-07 5.638698500427e-07 6.1110349360282e-07 1.60288128402106e-05 6.13390840489739e-05 1.24188938666881e-06 8.41612679260295e-08 1.8584234324476e-06 2.67629875673465e-06 2.30420786653194e-05 2.98236926989291e-05 2.15824402852841e-05 2.54647037635728e-05 2.61908197525162e-05 4.93547820197259e-05 5.26611007414156e-05 3.45269658130982e-05 2.23655247414327e-05 1.23259968568227e-06 5.1887825482951e-05 2.77358068148927e-05 3.30351566810514e-05 3.70582166689003e-05 4.33885989816782e-05 5.11247095425769e-05 5.1186147432409e-05 6.34792787666628e-05 0.000336767760355671
-9999 -9999 -9999 -9999 -9999 -9999 -9999 -9999 -9999 -9999 -9999 -9999 -9999 -9999 -9999 -9999 -9999 -9999 -9999 -9999 -9999 -9999 9.77477112342868e-15 5.02953941820024e-10 5.0743846407714e-05 5.14075564840554e-05 5.40722122753219e-05 5.35295975939043e-05 2.70666866022712e-05 5.33934103745193e-07 5.13610881718992e-07 5.7384578238996e-07 5.89065463544382e-07 5.95990839700849e-07 6.19661620710621e-07 6.13885864163235e-07 5.75190248611076e-07 1.16886905126446e-06 9.1791198526181e-07 3.0561456002738e-07 6.61927152156942e-07 5.14863395354651e-05 6.69900309611378e-05 1.71347833444123e-05 9.12711155863539e-07 1.26265571252649e-05 2.5980931739612e-05 2.72731024180463e-05 5.33267654167527e-05 1.7206435958494e-06 4.42742933628027e-05 4.42044743292604e-05 6.87444225119011e-07 5.46000815606996e-05 2.84636272721359e-05 3.23011387923266e-05 3.55876390227681e-05 3.60069628415411e-05 5.0318172076142e-05 4.42710520009453e-05 4.47955086289413e-05 7.06350028988177e-05
-9999 -9999 -9999 -9999 -9999 -9999 -9999 -9999 -9999 -9999 -9999 -9999 -9999 -9999 -9999 -9999 -9999 -9999 -9999 -9999 -9999 -9999 -9999 4.19324262446851e-11 1.49742997800394e-07 4.11968621969654e-05 4.9182628424782e-05 4.16917557605804e-06 1.73139204964133e-05 1.56908161471068e-06 5.76929135755974e-07 5.85505431900166e-07 6.2071159762597e-07 6.16256702029949e-07 6.03024999480374e-07 6.51698530757602e-07 6.28869130967961e-07 6.4133315857152e-07 6.72756223465459e-07 9.64086584616323e-07 3.76454379523535e-06 5.76595949553611e-05 6.13487545565199e-05 7.08933340311558e-05 4.58074186096956e-05 8.2027711819625e-06 4.03862147957774e-05 2.74905760279272e-05 3.14380569548547e-05 5.45417956886344e-05 3.65054992119086e-05 2.39044426660234e-05 7.40978778675904e-07 3.03401105136321e-05 3.09094441352022e-05 3.10438127669563e-05 2.86764945845767e-05 3.6966510985856e-05 3.58904898076029e-05 3.98566723010486e-05 4.10610416998863e-05 5.33683720199954e-05
-9999 -9999 -9999 -9999 -9999 -9999 -9999 -9999 -9999 -9999 -9999 -9999 -9999 -9999 -9999 -9999 -9999 -9999 -9999 -9999 -9999 -9999 -9999 -9999 9.23947748578571e-15 7.934340716762e-08 4.0285132237732e-05 4.94512009228447e-05 5.35253871681285e-05 4.0782893915144e-05 2.44054451306905e-06 5.741089006288e-07 6.23872140315519e-07 5.96628097863868e-07 6.24701345995772e-07 6.55230238447692e-07 6.91047741040217e-07 6.52342078033611e-07 6.85198126870717e-07 3.09629045335865e-06 1.07060176746565e-05 5.9180496167114e-05 6.13653748660494e-05 6.42399291345151e-05 6.6014202722682e-05 7.34809769444256e-05 2.56787807759781e-05 3.471001576159e-05 3.23652102723065e-05 4.01257867655049e-05 5.16936779798278e-05 5.81617026148685e-06 6.72086086499921e-07 7.10158370747237e-07 6.98569732989575e-05 3.24846422875216e-05 3.31626876125788e-05 3.17276372425857e-05 3.07930816020515e-05 3.58934045934871e-05 4.14313364785822e-05 4.44332028777517e-05
-9999 -9999 -9999 -9999 -9999 -9999 -9999 -9999 -9999 -9999 -9999 -9999 -9999 -9999 -9999 -9999 -9999 -9999 -9999 -9999 -9999 -9999 -9999 -9999 -9999 8.68587807677977e-15 8.31883954948745e-12 1.0418688980667e-09 1.59843334039896e-05 4.48365143159234e-05 5.90575780306008e-05 1.10345644679966e-05 5.07496379437632e-06 6.36872511735456e-07 6.15813844873871e-07 6.02509370599945e-07 6.68493476449011e-07 7.35026785109461e-07 9.3315076826924e-07 1.1397477042397e-06 3.11581722792897e-05 8.97694068641005e-05 6.38662142938671e-05 6.62601119853134e-05 6.84372336079209e-05 7.91360953239472e-05 8.31345512136395e-05 8.49115327497857e-06 2.90857107485554e-05 5.55834715953566e-05 5.00082417140145e-05 7.32600723696698e-06 5.97216804739738e-07 5.76036565835465e-07 9.20844871123745e-06 3.65033588187518e-05 2.94798008704745e-05 3.54518015588676e-05 3.59205162750321e-05 3.18262911824476e-05 3.78812940505432e-05 5.53370305927931e-05
-9999 -9999 -9999 -9999 -9999 -9999 -9999 -9999 -9999 -9999 -9999 -9999 -9999 -9999 -9999 -9999 -9999 -9999 -9999 -9999 -9999 -9999 -9999 -9999 -9999 -9999 8.69749828443072e-15 8.33798117520949e-15 4.37003039521461e-07 1.29473692527649e-05 5.86004330733544e-05 7.20045316766472e-05 9.81294498670771e-05 8.97902485370145e-06 1.19153414958269e-05 5.86975579077642e-07 6.12556706369126e-07 6.84969181514158e-07 7.54670163224427e-07 7.76373490946648e-07 9.06030701973043e-06 9.03557944338381e-05 7.97067812986714e-05 7.24599369165821e-05 7.32272679088199e-05 9.30397356256403e-05 5.78073183328797e-05 2.48263069669132e-06 4.21236529852596e-05 4.82784140194361e-05 4.05634844248099e-05 6.03355384092344e-05 7.28162358205051e-06 9.89817475889389e-07 7.15292603520526e-07 4.66037869098448e-05 3.0579668154045e-05 3.53388533802663e-05 2.99422992025231e-05 3.39785378925875e-05 3.71483429969758e-05 4.08337606774526e-05
-9999 -9999 -9999 -9999 -9999 -9999 -9999 -9999 -9999 -9999 -9999 -9999 -9999 -9999 -9999 -9999 -9999 -9999 -9999 -9999 -9999 -9999 -9999 -9999 -9999 -9999 -9999 1.13270587050417e-14 2.3650771967029e-05 4.76133981370883e-05 1.66353895496302e-05 1.95526545811177e-05 6.28040153528385e-05 2.19164205988658e-05 6.92535223995067e-06 6.60910683041447e-07 7.35604100364925e-07 7.56456760186698e-07 8.06745076854074e-07 8.59276602019691e-07 9.61018581635561e-07 1.29512245835491e-05 0.000112664545808195 8.15168198563955e-05 8.82845726893295e-05 6.39247675224485e-05 3.01932462595596e-05 1.31020437333362e-06 8.25821596720427e-07 0.000108388012071396 7.1663821843786e-05 1.29613176330137e-05 6.82833511039109e-05 1.48692163399477e-05 7.93078288563882e-07 3.09611827427859e-06 4.85228729729292e-05 4.07948463946153e-05 4.78391383151957e-05 3.06219170712456e-05 3.72418441641334e-05 3.90901826083995e-05
-9999 -9999 -9999 -9999 -9999 -9999 -9999 -9999 -9999 -9999 -9999 -9999 -9999 -9999 -9999 -9999 -9999 -9999 -9999 -9999 -9999 -9999 -9999 -9999 -9999 -9999 -9999 -9999 6.06360263562727e-05 5.64689126446876e-05 3.75271768242134e-05 6.42049644031821e-05 5.81059071719847e-05 0.000109511192888827 7.02657241688939e-05 3.60366443656708e-05 1.547170434737e-06 9.9811950524617e-07 8.39277902869194e-05 1.37914681025799e-06 9.3051224760267e-07 9.08976100362588e-07 1.63850918513654e-05 5.36081670431771e-05 6.12953895226159e-05 1.45678527490961e-05 9.79394237869345e-05 1.66802728203301e-06 2.28791394723838e-05 9.83268506194891e-06 6.63510981954282e-06 7.00501799450081e-07 1.07070072852732e-05 0.000128743251168906 3.5288039809587e-05 1.33125921263877e-06 2.07230581964481e-06 6.47363553061767e-05 0.000101535241410895 4.32546555807686e-05 3.65627029873231e-05 4.0790431819623e-05
-9999 -9999 -9999 -9999 -9999 -9999 -9999 -9999 -9999 -9999 -9999 -9999 -9999 -9999 -9999 -9999 -9999 -9999 -9999 -9999 -9999 -9999 -9999 -9999 -9999 -9999 -9999 -9999 3.95215099864599e-06 1.11035628284813e-05 3.72921685076132e-05 4.72752174275382e-05 8.01590303790205e-05 8.96776913307782e-05 6.86245411349026e-05 6.40607751143262e-05 6.5599685675976e-05 6.63029292490057e-05 9.61118694413247e-05 9.27523383373736e-05 2.17624018816139e-05 5.36046623244169e-05 0.000110205219095073 9.99754738655644e-05 7.0050744944532e-05 5.63875029126438e-05 8.9164839794279e-05 3.07672737609459e-06 5.7113339041788e-05 2.78154129968583e-06 7.76538808625814e-05 8.13265610650258e-06 1.49984773058111e-05 5.57013471624871e-05 9.51045302436062e-05 1.15340021121622e-05 7.19009146845554e-07 2.51104191833485e-06 9.20546042541184e-05 5.72066088441105e-05 3.23999206127166e-05 3.69412581009394e-05
-9999 -9999 -9999 -9999 -9999 -9999 -9999 -9999 -9999 -9999 -9999 -9999 -9999 -9999 -9999 -9999 -9999 -9999 -9999 -9999 -9999 -9999 -9999 -9999 -9999 -9999 -9999 -9999 5.41927650042802e-05 1.83025327058607e-09 2.60918099674765e-05 4.86784203142064e-05 5.23838311699147e-05 5.54926899819834e-05 5.65703145920376e-05 1.3314210824958e-05 2.43440837461657e-08 2.13041235634842e-10 5.44052939213342e-06 8.66280426077891e-05 7.59400576732273e-05 8.52393067732829e-05 8.27399342504407e-05 4.16529433513868e-05 7.01227404046864e-05 6.29481026701183e-05 3.07597698875115e-05 5.97299082172663e-07 7.09159548386455e-07 2.7388607870503e-05 1.38422315952997e-05 2.30934609857264e-05 1.24216709698184e-06 4.35446824952186e-05 9.86493158726375e-05 2.88610609443853e-05 1.32114649350701e-06 8.10655556847851e-07 9.35160900144481e-06 8.17482921873094e-05 4.51043636953314e-05 5.0217909354505e-05
-9999 -9999 -9999 -9999 -9999 -9999 -9999 -9999 -9999 -9999 -9999 -9999 -9999 -9999 -9999 -9999 -9999 -9999 -9999 -9999 -9999 -9999 -9999 -9999 -9999 -9999 -9999 -9999 6.62439862496897e-05 2.01629542768134e-05 7.79575362468358e-07 8.12010951732966e-06 5.48284305218123e-05 5.82741345220343e-05 5.92424928923586e-05 8.45602559719998e-11 1.13784500560004e-14 1.17577192000762e-14 1.1158012681435e-09 6.92495561914848e-05 7.18370445899459e-05 7.42681341757425e-05 4.32056314534536e-05 6.33331623617497e-05 7.72516086748784e-05 7.08199186355448e-05 5.93507514031505e-05 7.57098815511831e-05 6.74818674986364e-05 4.71466400456373e-05 3.45731505450103e-06 7.02716961809373e-07 4.50229084885599e-05 5.00623098917694e-05 5.00648957395638e-05 8.32575795919639e-05 1.91757494482217e-05 1.06016161922243e-06 7.85700063304857e-06 4.81061908136902e-05 9.23531359899122e-05 0.000109241213755052
-9999 -9999 -9999 -9999 -9999 -9999 -9999 -9999 -9999 -9999 -9999 -9999 -9999 -9999 -9999 -9999 -9999 -9999 -9999 -9999 -9999 -9999 -9999 -9999 -9999 -9999 -9999 -9999 1.90098738527029e-05 6.93188345873869e-06 3.2667146210996e-14 6.85133818019255e-08 1.21311623398006e-05 5.89558705144197e-05 4.87738276847623e-07 3.99013664589885e-14 1.20200295989275e-14 1.22157845273544e-14 8.80438389935818e-08 6.6988796109507e-05 6.98997085927377e-05 7.64656748161679e-05 7.84525010012354e-05 5.8259893679972e-05 7.09436246116715e-05 7.16782516468523e-05 6.91426280375285e-05 6.36565388722492e-05 5.42007012256147e-05 7.15876312836723e-06 1.14261234997401e-05 3.57209097733377e-07 9.55867284110724e-06 5.94474853190957e-05 5.30651037253678e-05 3.34216014333538e-05 2.4158581732046e-06 1.29695414706093e-06 2.05958151564367e-06 2.29109746468688e-06 0.000154822090305441 8.50823839185e-05
-9999 -9999 -9999 -9999 -9999 -9999 -9999 -9999 -9999 -9999 -9999 -9999 -9999 -9999 -9999 -9999 -9999 -9999 -9999 -9999 -9999 -9999 -9999 -9999 -9999 -9999 -9999 -9999 -9999 -9999 8.82527942457208e-15 5.06861569477304e-07 1.56490166637552e-05 4.6896683373107e-06 2.12966473198002e-12 1.18549225121862e-14 1.21215006835616e-14 1.22782118084487e-14 4.42210398853461e-06 6.72849891925221e-05 7.23472723632227e-05 7.46072134141771e-05 7.32055975835053e-05 7.66845818667646e-05 7.37397762505509e-05 7.19569978760392e-05 7.80646309446382e-05 6.12440867781598e-05 6.21132528812727e-05 3.84421597875941e-05 3.13291045416666e-05 9.31128256075319e-06 3.23257668805319e-05 4.54363896802529e-05 0.000126779174365056 6.56492617460819e-05 1.3749492100311e-06 1.63598096864729e-06 1.42325321285502e-06 1.27509629523753e-06 3.47922615695982e-05 0.000137942125533828
-9999 -9999 -9999 -9999 -9999 -9999 -9999 -9999 -9999 -9999 -9999 -9999 -9999 -9999 -9999 -9999 -9999 -9999 -9999 -9999 -9999 -9999 -9999 -9999 -9999 -9999 -9999 -9999 -9999 -9999 1.93592181695491e-05 4.12874410783563e-08 4.27989012863813e-05 4.81620549187025e-08 1.09982590233592e-14 1.14616508872879e-14 1.18998099956698e-14 4.12120531266877e-13 6.23405912076782e-05 6.17796682881759e-05 6.36230599971885e-05 6.72503949558502e-05 6.87297869529271e-05 8.6648595489096e-05 7.06264999154575e-05 7.02984888442309e-05 7.29098589818003e-05 8.57120576590092e-05 0.000113985977676286 5.56625999999787e-05 8.13501548887243e-05 0.000102044896605975 0.00012868091310905 8.3334751899573e-05 9.14019958214636e-05 5.04820727695666e-05 8.32038791704034e-06 1.51057615320867e-06 1.71191356265447e-06 1.61496609480039e-06 4.28276901754481e-05 0.000148443287307905
-9999 -9999 -9999 -9999 -9999 -9999 -9999 -9999 -9999 -9999 -9999 -9999 -9999 -9999 -9999 -9999 -9999 -9999 -9999 -9999 -9999 -9999 -9999 -9999 -9999 -9999 -9999 -9999 -9999 -9999 -9999 1.89301698707138e-05 4.19269743560294e-08 2.42648681209305e-12 1.06097225293664e-14 1.13229407344833e-14 1.16781033269707e-14 3.23354781420339e-09 6.02470450915926e-05 6.06215749132797e-05 6.05078601275759e-05 8.55952886387329e-05 6.14097788240035e-05 8.32096958155048e-05 9.12270204314538e-05 8.21635994648147e-05 1.97142285680655e-05 6.89780465538391e-05 9.12682836590812e-05 0.00010880416886091 0.000104767385723455 0.000102077564244924 0.000124975589398354 5.88669260425518e-05 7.63128585416866e-05 0.000109982062573293 5.61568370024989e-06 1.44417019461395e-06 2.36240126087007e-06 7.89844949394636e-06 0.000103526210461224 8.63232136757847e-05
-9999 -9999 -9999 -9999 -9999 -9999 -9999 -9999 -9999 -9999 -9999 -9999 -9999 -9999 -9999 -9999 -9999 -9999 -9999 -9999 -9999 -9999 -9999 -9999 -9999 -9999 -9999 -9999 -9999 -9999 -9999 -9999 -9999 9.45842605048061e-15 1.00566231518563e-14 1.0925692990544e-14 4.79489312652278e-12 5.1521096549929e-05 0.000108596526430984 0.00010023898180026 7.75974649088981e-05 2.59409041834372e-05 9.41313040994397e-05 4.51100007149032e-05 3.74294753145033e-05 3.4218432606342e-05 4.27692712564709e-05 2.95769866005809e-05 0.000117546991922288 7.7010803596716e-05 5.13241510948617e-05 8.2036551131735e-05 0.000119833448791186 7.19534763855345e-05 7.57365978392929e-05 9.41587632600464e-05 8.88736564926784e-05 9.19463012486791e-05 0.000123837998310462 0.000120805978244956 0.000109203876659672 0.000135993764600952
-9999 -9999 -9999 -9999 -9999 -9999 -9999 -9999 -9999 -9999 -9999 -9999 -9999 -9999 -9999 -9999 -9999 -9999 -9999 -9999 -9999 -9999 -9999 -9999 -9999 -9999 -9999 -9999 -9999 -9999 -9999 -9999 -9999 -9999 1.08480659921641e-14 1.08578601403341e-14 1.48705971733558e-08 5.99750283512304e-05 6.96951105345818e-05 0.000107181312908662 3.75548021119311e-05 4.55633859914628e-05 2.76464388252476e-05 3.43479955049407e-05 2.92540135799643e-05 2.63016734927124e-05 2.52401370471479e-05 5.39969905904699e-05 2.54674600613612e-05 0.000102562854520999 0.000102950663671239 5.02228399459069e-05 9.03758136085417e-06 0.000104860230536638 6.92083816786913e-05 8.17821636447031e-05 8.54328381546817e-05 8.76017074793492e-05 9.68039184452186e-05 8.20005631052607e-05 0.000139974863582175 8.51203606579628e-05
-9999 -9999 -9999 -9999 -9999 -9999 -9999 -9999 -9999 -9999 -9999 -9999 -9999 -9999 -9999 -9999 -9999 -9999 -9999 -9999 -9999 -9999 -9999 -9999 -9999 -9999 -9999 -9999 -9999 -9999 -9999 -9999 -9999 -9999 1.05199769677461e-14 1.07840090435909e-14 8.14248606752374e-07 5.98283423923217e-05 0.000107466633210638 7.38688283693834e-05 7.78437127788756e-05 6.48969546217255e-05 4.84223409742706e-05 3.21075124594511e-05 2.48988534370027e-05 2.81037211222889e-05 2.58278384540406e-05 2.57069737967126e-05 9.57723219358284e-06 2.75929392734261e-05 6.93053960231658e-05 0.000114146164194795 6.30410089222157e-05 5.81565951622752e-05 6.72020701660456e-05 6.08394003461379e-05 6.42888638533369e-05 7.13630672119615e-05 0.000109912462531551 4.58565451530459e-05 4.47838181980766e-05 9.65154663981835e-05
-9999 -9999 -9999 -9999 -9999 -9999 -9999 -9999 -9999 -9999 -9999 -9999 -9999 -9999 -9999 -9999 -9999 -9999 -9999 -9999 -9999 -9999 -9999 -9999 -9999 -9999 -9999 -9999 -9999 -9999 -9999 -9999 -9999 -9999 -9999 2.15033487432768e-13 7.72048485426026e-06 5.96658158054796e-05 9.37657382739817e-05 0.000106339462165714 0.000108232117465407 6.38416540317122e-05 6.75073409310041e-05 2.82638834926845e-05 2.91653461163185e-05 3.52865420779338e-05 5.38403998876918e-05 2.65451862082761e-05 3.20840670706382e-05 3.29801377365308e-05 4.12897288837348e-05 8.79691791662551e-05 0.000102074071136465 5.91939034425678e-05 8.65770938169067e-05 9.50481619600447e-05 8.28430032721772e-05 8.21013726665555e-05 5.10635319998211e-05 7.21611148390094e-05 6.23764647207142e-05 6.32176949946739e-05
-9999 -9999 -9999 -9999 -9999 -9999 -9999 -9999 -9999 -9999 -9999 -9999 -9999 -9999 -9999 -9999 -9999 -9999 -9999 -9999 -9999 -9999 -9999 -9999 -9999 -9999 -9999 -9999 -9999 -9999 -9999 -9999 -9999 -9999 -9999 1.67421494105792e-07 2.10138970649257e-07 6.1313560041701e-05 0.000117970752700504 8.98622617240952e-05 0.000117292909860513 8.75285356666223e-05 8.98532905344329e-05 2.79454967238613e-05 3.75438634077e-05 3.21688192204736e-05 4.81863364098859e-05 2.72334539562797e-05 2.82899807855138e-05 2.76374145400815e-05 6.37326790540338e-05 7.57405358502757e-05 7.21155687044864e-05 6.10149789877268e-05 6.6304460683559e-05 3.24414535122409e-05 4.56013479010529e-05 5.25927490198426e-05 5.58718609749788e-05 3.52653929555922e-05 6.4784023815377e-05 4.67124694309496e-05
-9999 -9999 -9999 -9999 -9999 -9999 -9999 -9999 -9999 -9999 -9999 -9999 -9999 -9999 -9999 -9999 -9999 -9999 -9999 -9999 -9999 -9999 -9999 -9999 -9999 -9999 -9999 -9999 -9999 -9999 -9999 -9999 -9999 -9999 -9999 -9999 2.14443089654467e-08 7.20162316173542e-05 8.44168905862043e-05 0.000111082659974164 0.000107212901156199 7.28134506494532e-05 0.000118937432683292 2.91890112620195e-05 3.12076800700795e-05 3.2777023607059e-05 4.90064456995248e-05 3.11411824504415e-05 3.14542753193261e-05 3.09964188338642e-05 5.03434896163907e-05 9.46629082628103e-05 0.000105289866729528 0.0001053397982287 1.72260558159027e-05 1.01702210534782e-05 5.74488197361408e-05 3.22549769016454e-05 4.85770320898411e-05 4.96620422019522e-05 2.65888339227176e-06 4.47961722267677e-05
-9999 -9999 -9999 -9999 -9999 -9999 -9999 -9999 -9999 -9999 -9999 -9999 -9999 -9999 -9999 -9999 -9999 -9999 -9999 -9999 -9999 -9999 -9999 -9999 -9999 -9999 -9999 -9999 -9999 -9999 -9999 -9999 -9999 -9999 -9999 6.95497047126331e-08 4.11699934447389e-13 9.0710824070294e-05 0.00010836596296741 0.000120909085041605 6.43153082016213e-05 6.642485563553e-05 8.73930200838686e-05 2.90289931878587e-05 2.99385169449874e-05 3.0581160668189e-05 3.42679509974576e-05 2.9215070214984e-05 3.0130013095496e-05 3.92909637153596e-05 2.93863573434188e-05 5.29347252393015e-05 2.42616811358031e-06 8.15652504997788e-05 5.70785508032534e-05 3.20327679667635e-06 6.08572792312696e-07 4.04954657879629e-06 4.15126004702481e-05 4.64802206399101e-05 7.02580604871776e-05 1.31827935430229e-06
-9999 -9999 -9999 -9999 -9999 -9999 -9999 -9999 -9999 -9999 -9999 -9999 -9999 -9999 -9999 -9999 -9999 -9999 -9999 -9999 -9999 -9999 -9999 -9999 -9999 -9999 -9999 -9999 -9999 -9999 -9999 -9999 -9999 -9999 -9999 1.10402119110084e-08 1.10793778482845e-14 9.47625852298205e-06 4.3148260390737e-05 6.08719444810946e-05 5.84709551965372e-05 7.28382797286494e-05 9.55118814669728e-05 2.9898623439117e-05 4.28996370335394e-05 4.09678353711488e-05 3.54746076807615e-05 3.68955481624088e-05 3.66844021354258e-05 3.52289005924113e-05 3.59728137235643e-05 3.73866940342303e-05 6.78348611610895e-05 8.51179918270547e-06 8.90109305674717e-05 9.30334371907196e-05 1.03400832809986e-05 5.31423894644851e-06 1.82346555278225e-06 5.64877333215281e-05 6.82703446626095e-05 6.06377918614963e-06
