Appendix_Data/App6_Higher_Taxa/prnana_minxent.asc
NCOLS 472 
NROWS 227 
XLLCORNER 17.83333 
YLLCORNER -34.83333 
CELLSIZE 0.01666667 
NODATA_value -9999 
[rows 54 to 80 of 227, columns 0 to 61 of 472]
-9999 -9999 -9999 -9999 -9999 -9999 -9999 -9999 -9999 -9999 -9999 -9999 -9999 -9999 -9999 -9999 -9999 -9999 -9999 -9999 -9999 -9999 -9999 -9999 -9999 -9999 1.11067775146056e-12 1.93601074910804e-08 1.37527870666439e-06 2.69917507009604e-05 3.79894806479688e-06 2.12043796188248e-08 4.63806765319239e-11 2.04323239095358e-07 2.73540437811685e-05 1.26202108258081e-07 1.11529420778417e-07 1.11974013986163e-07 1.16827175037961e-07 1.21766845259769e-07 1.19643619124382e-07 1.21624753039725e-07 3.94419115922652e-07 3.44156693668508e-05 7.39085934674713e-06 1.34653579256227e-07 1.34900127929819e-07 5.80579092220046e-06 3.27556719702484e-05 2.48160185201203e-05 3.83430525661163e-05 2.51323974436042e-06 9.37878973403166e-08 1.91819939702807e-07 1.51675399766809e-05 3.29562229555293e-05 3.25165386634323e-05 3.35575724554011e-05 3.24543205697335e-05 3.05032404694632e-05 2.99604793688186e-05 3.53483785583451e-05
-9999 -9999 -9999 -9999 -9999 -9999 -9999 -9999 -9999 -9999 -9999 -9999 -9999 -9999 -9999 -9999 -9999 -9999 -9999 -9999 -9999 -9999 -9999 -9999 -9999 -9999 2.42518472463068e-06 2.89814976931625e-05 1.86166020182583e-05 2.93044215345169e-05 2.83180548271532e-05 2.96472637917623e-05 3.02674898475589e-05 3.25632689929471e-05 2.33331608283849e-05 1.24722622405486e-07 1.11501689246877e-07 1.14503818597669e-07 1.18673827325774e-07 1.24983911934891e-07 1.70141983143813e-07 7.03940156002662e-08 1.25686657631584e-08 3.23989302658401e-05 4.16102215043538e-06 1.77902437080613e-07 1.36286176689291e-07 1.58456092471369e-07 1.21128103983534e-06 5.60067607779254e-06 3.36404199800146e-05 4.01331348109594e-05 4.05140795866078e-05 2.31685503385873e-05 1.83661612436744e-05 2.60629730039344e-05 2.94469777964571e-05 3.12316392338609e-05 3.67540992662752e-05 3.64729443012708e-05 3.22655843913656e-05 3.19925524991663e-05
-9999 -9999 -9999 -9999 -9999 -9999 -9999 -9999 -9999 -9999 -9999 -9999 -9999 -9999 -9999 -9999 -9999 -9999 -9999 -9999 -9999 -9999 -9999 -9999 -9999 -9999 1.22887879085442e-07 1.23612023853358e-06 2.60432917602916e-08 2.54355734899646e-05 2.91771530238764e-05 2.86321502985262e-05 3.7220686686326e-05 8.24212465614728e-07 1.06899121931134e-07 1.06934717058031e-07 1.10696823699362e-07 1.15707887872862e-07 1.19965145353618e-07 1.25217062523615e-07 1.26298617546561e-05 4.34494700319664e-06 7.35597460164837e-12 1.45630762339891e-06 1.01809635332429e-05 1.91513658344409e-05 1.82655218342051e-05 1.83777079611786e-05 1.84137888955537e-05 4.26293740307987e-05 3.52118879746641e-05 4.15939320070994e-05 4.5254902534685e-05 3.68547476368429e-05 2.86313258635313e-05 2.83010920881986e-05 2.90295665514509e-05 3.4089545488373e-05 3.54935975027145e-05 3.73566025557874e-05 3.65791000100537e-05 3.68964710766226e-05
-9999 -9999 -9999 -9999 -9999 -9999 -9999 -9999 -9999 -9999 -9999 -9999 -9999 -9999 -9999 -9999 -9999 -9999 -9999 -9999 -9999 -9999 -9999 -9999 -9999 -9999 -9999 4.56056236051456e-06 2.86002572435661e-05 2.90607111369954e-05 2.65094203590393e-05 2.57603850622883e-05 3.38458660958451e-05 8.83860190572678e-07 1.0607169837543e-07 1.04182919650727e-07 1.09780894566669e-07 1.14640376885493e-07 1.22075781944961e-07 2.00416100159571e-09 2.5599529732345e-05 2.84713698792438e-05 3.16954305387878e-07 1.83942748814395e-07 1.99326393056597e-05 3.57833524774655e-05 2.96686329003072e-05 2.81391260521305e-05 2.67272702050914e-05 2.821081294428e-05 2.97147680726958e-05 3.95881512661307e-05 3.94552391724397e-05 3.69065749302695e-05 3.47985883319239e-05 2.98966619168882e-05 2.59292475874111e-05 2.71393095195259e-05 3.41324907456907e-05 3.11604075651463e-05 3.41475968219163e-05 3.79828124608981e-05
-9999 -9999 -9999 -9999 -9999 -9999 -9999 -9999 -9999 -9999 -9999 -9999 -9999 -9999 -9999 -9999 -9999 -9999 -9999 -9999 -9999 -9999 -9999 -9999 -9999 -9999 -9999 5.47128617394538e-08 2.83454394533978e-05 2.79490630819753e-05 2.47163512398603e-05 2.33932612868413e-05 2.75492963116504e-05 3.84266000289916e-05 2.3808159792073e-07 1.87300326020951e-07 1.8787800826053e-05 2.45356339474539e-05 1.31928002402539e-07 1.47556593660988e-08 1.86047176458565e-07 4.65680581296846e-06 1.61206590777337e-06 2.79217074244696e-07 9.90879353289517e-07 5.24307689380583e-05 2.70857529539419e-05 2.51864280462975e-05 2.40840903481508e-05 2.75599242297804e-05 3.01332434157665e-05 3.45082474947396e-05 5.06621392629331e-05 3.77950458432332e-05 3.58345075979454e-05 3.05973289733942e-05 2.27986199672992e-05 2.18263691282159e-05 4.16471579264659e-05 2.79519471325492e-05 3.26937955089336e-05 3.96166326571451e-05
-9999 -9999 -9999 -9999 -9999 -9999 -9999 -9999 -9999 -9999 -9999 -9999 -9999 -9999 -9999 -9999 -9999 -9999 -9999 -9999 -9999 -9999 -9999 -9999 -9999 -9999 -9999 2.16206294436276e-12 7.1648258012228e-06 2.7958084057219e-05 2.9009380310573e-05 2.81652033568298e-05 2.57225520030061e-05 2.65572948199667e-05 3.73195303585398e-05 3.82468919628082e-05 4.02946975609085e-05 4.17017674563202e-05 1.79521065692595e-06 1.65349158868103e-07 1.16350518780181e-07 1.78736674662733e-07 3.98360454103256e-07 5.68299661574046e-06 1.32258290643903e-07 1.34752848731605e-05 3.30100922657933e-05 3.74382528457823e-05 3.80224793955942e-05 3.29018729046037e-05 3.42574329699529e-05 3.1264265396727e-05 3.78813515362503e-05 3.25718192078454e-05 2.35534760238886e-05 2.30883998494734e-05 2.54105638186005e-05 1.98975350955139e-05 2.94437286471248e-05 2.84886068071652e-05 4.03917539738714e-05 4.01380015615338e-05
-9999 -9999 -9999 -9999 -9999 -9999 -9999 -9999 -9999 -9999 -9999 -9999 -9999 -9999 -9999 -9999 -9999 -9999 -9999 -9999 -9999 -9999 -9999 -9999 -9999 -9999 -9999 -9999 5.77580945316182e-13 4.71237574183976e-08 2.75547935000338e-05 2.8123743450422e-05 2.55254233934509e-05 2.66899922883281e-05 2.92746730845358e-05 3.48527595302845e-05 3.4874234810177e-05 3.20299035187567e-05 3.67746650088847e-05 3.01493477335064e-05 5.37241589005317e-07 1.55588093770682e-06 4.95107139469997e-07 1.35897846396132e-07 1.27376204228248e-07 4.65514520627269e-07 2.34387976184078e-05 3.20550112259886e-05 3.21194039129026e-05 4.64802088057479e-05 3.58250135328624e-05 3.37593359499061e-05 3.66261643835854e-05 3.5073950018717e-05 2.37996706016075e-05 2.66637760481502e-05 3.42788096346386e-05 3.11490324561514e-05 2.84025026734682e-05 3.34741134379615e-05 3.73321569178081e-05 3.96646709762597e-05
-9999 -9999 -9999 -9999 -9999 -9999 -9999 -9999 -9999 -9999 -9999 -9999 -9999 -9999 -9999 -9999 -9999 -9999 -9999 -9999 -9999 -9999 -9999 -9999 -9999 -9999 -9999 2.70774775859405e-05 3.10401720959236e-08 1.71233833991627e-05 3.17931142088027e-05 2.15626789084441e-05 3.41705224718412e-06 2.63900033750764e-12 1.31961597645107e-05 1.92924705906961e-05 1.21645167397093e-07 6.91163701584289e-06 4.30623386055367e-05 3.96674236400978e-05 4.71255394468855e-05 3.80551470688305e-05 4.99025407199267e-05 1.34106738675277e-07 3.43314868885845e-06 3.45173289266996e-05 4.13320184070026e-05 3.25896400410942e-05 3.1066152398318e-05 4.46523020011453e-05 3.78468332610566e-05 3.37317416150405e-05 3.24455403544723e-05 3.60794414509802e-05 2.45353111325409e-05 3.21315322802893e-05 2.95610786464321e-05 3.18767248625089e-05 2.75428377356179e-05 2.80852427168371e-05 3.53223373497223e-05 5.03059532296117e-05
-9999 -9999 -9999 -9999 -9999 -9999 -9999 -9999 -9999 -9999 -9999 -9999 -9999 -9999 -9999 -9999 -9999 -9999 -9999 -9999 -9999 -9999 -9999 -9999 -9999 -9999 -9999 2.62904133974939e-05 2.70237011135707e-05 2.78320753398869e-05 2.86346647502869e-05 4.9406997985768e-06 4.60398403578527e-06 1.74310258269071e-06 1.66187271595883e-05 2.74553175217857e-05 3.98593571722524e-07 1.50298888574949e-07 2.3952153613681e-07 8.30105008321187e-06 4.41471409365153e-05 3.91463969664759e-05 3.45084822226042e-05 1.37341751164219e-07 1.77570252342694e-07 3.74694445522046e-05 3.34707630735694e-05 3.43474054611026e-05 3.80866047424694e-05 4.37314276846987e-05 3.80968253161381e-05 3.74546664116347e-05 3.45152829620317e-05 3.10997847871658e-05 2.64923568248937e-05 3.09789726691509e-05 2.78710412182017e-05 2.83895234813806e-05 2.97427488064763e-05 2.39878648858167e-05 2.41852164926552e-05 2.84497073722617e-05
-9999 -9999 -9999 -9999 -9999 -9999 -9999 -9999 -9999 -9999 -9999 -9999 -9999 -9999 -9999 -9999 -9999 -9999 -9999 -9999 -9999 -9999 -9999 -9999 -9999 -9999 -9999 1.49375508219014e-07 2.89107452350471e-05 2.90221976295515e-05 3.86958317431709e-05 1.77773094145956e-07 2.85985392139526e-07 1.34435752256035e-06 1.34673413650945e-05 2.45372565229365e-05 3.2453323384972e-05 3.02967151987661e-05 2.1142174518697e-07 1.32468803699946e-07 3.68546869593922e-07 2.85717548623309e-06 1.62470961958644e-07 1.47597011742904e-07 1.33010298506552e-07 1.43701132518392e-07 3.31045812938756e-06 2.86962197265342e-05 3.02978908524191e-05 3.30389672715159e-05 4.36668882762759e-05 3.33170945035447e-05 3.13881085978219e-05 3.56165796372348e-05 3.03151705181143e-05 2.33513561944866e-05 2.99830342943514e-05 2.95798852903953e-05 3.01398195842166e-05 3.42160211522647e-05 2.42295483668984e-05 4.57982270840279e-06
-9999 -9999 -9999 -9999 -9999 -9999 -9999 -9999 -9999 -9999 -9999 -9999 -9999 -9999 -9999 -9999 -9999 -9999 -9999 -9999 -9999 -9999 -9999 -9999 -9999 -9999 -9999 8.53934478624204e-08 1.59677907501326e-05 2.99055476087498e-05 9.90958603120887e-06 9.7830085925167e-08 1.96040430930264e-07 9.3521758698448e-06 2.26494362590243e-07 3.37494559550723e-07 1.85190728808579e-07 4.52651433931172e-07 5.20157696695177e-06 2.19366422728208e-05 3.96990936385397e-05 6.29930889996372e-06 1.33770514740611e-07 1.34040591873826e-07 1.38466923771873e-07 1.48720291379e-07 1.62001695954002e-05 3.49717438435967e-05 3.40569959670689e-05 3.4403210436917e-05 4.90743827387794e-05 3.31176357634334e-05 2.95831764990174e-05 2.99400096453383e-05 3.54984835517935e-05 2.57020235435502e-05 3.32147451687347e-05 3.46307151382616e-05 3.1492240784873e-05 3.07737578953554e-05 2.74844958373801e-05 2.01153394647693e-05
-9999 -9999 -9999 -9999 -9999 -9999 -9999 -9999 -9999 -9999 -9999 -9999 -9999 -9999 -9999 -9999 -9999 -9999 -9999 -9999 -9999 -9999 -9999 -9999 -9999 -9999 -9999 1.37211031144481e-08 2.40384861708214e-06 3.20695853892628e-05 6.98942124628057e-06 9.43067004972005e-08 1.49507677184369e-07 8.17645690803538e-07 4.44287505221501e-07 2.29229343660491e-07 1.09801276912586e-06 3.09054439323442e-06 1.08539993439273e-07 1.14764935871031e-07 9.38475259868602e-07 4.14430356858927e-05 5.18391623130849e-06 1.96098358471329e-07 9.96916060085087e-07 5.48501225088758e-06 1.23863632510351e-06 2.86545301870372e-06 4.99981503189522e-06 3.73494767182981e-05 4.10859478914876e-05 4.34703675010358e-05 3.80837719610412e-05 2.9594207205023e-05 2.91765281159327e-05 2.75757984416895e-05 2.9930649565337e-05 4.19204647526214e-05 3.75712706739021e-05 3.3651895520988e-05 3.13220599978322e-05 2.43875969755075e-05
-9999 -9999 -9999 -9999 -9999 -9999 -9999 -9999 -9999 -9999 -9999 -9999 -9999 -9999 -9999 -9999 -9999 -9999 -9999 -9999 -9999 -9999 -9999 -9999 -9999 -9999 -9999 -9999 5.5823149272009e-06 3.4598247708081e-05 2.54074944248964e-06 9.43357109883948e-08 1.30977971085766e-07 9.88217509327874e-08 9.94696674213037e-08 1.25075425036804e-07 1.41044294972659e-07 1.75524682434998e-06 3.70466990571879e-07 1.41591839746208e-07 1.26056421022883e-07 1.00771410344554e-05 2.04707332286723e-07 3.37107525423801e-07 4.17186552533544e-05 4.42818765853685e-05 3.79720754017015e-05 3.70242874619684e-05 9.70798139097894e-06 1.36767555176666e-05 4.44966614134031e-05 4.1440407376366e-05 3.51452535819402e-05 3.15524214942702e-05 3.7750153033234e-05 3.42998543725427e-05 2.56523608222005e-05 3.66486670740445e-05 3.74783220303104e-05 3.72764274784754e-05 3.23510843753185e-05 3.10645677798319e-05
-9999 -9999 -9999 -9999 -9999 -9999 -9999 -9999 -9999 -9999 -9999 -9999 -9999 -9999 -9999 -9999 -9999 -9999 -9999 -9999 -9999 -9999 -9999 -9999 -9999 -9999 -9999 -9999 1.1130632619662e-08 2.34850348673861e-05 1.07705073653237e-07 2.57927636363903e-07 1.01608538537465e-07 8.75907198557447e-08 9.10346140836037e-08 7.9314285004728e-06 1.26865207984092e-06 2.23716001583216e-07 1.61747348672975e-07 1.11455775863448e-07 1.27100989408337e-07 1.28007398395981e-07 1.38401882352057e-07 1.36920920135755e-07 2.60944253523051e-05 4.78424537938081e-05 4.79755494020276e-05 4.54376523979799e-05 4.20220756084412e-05 2.19099717096123e-05 1.16783809236585e-05 3.58119837905454e-05 4.0592327699962e-05 3.78760353746775e-05 3.80783357508103e-05 3.90302393873016e-05 3.38116880473413e-05 2.92044058595174e-05 3.53403034858783e-05 3.48425679110904e-05 3.27382734555681e-05 2.83379887221252e-05
-9999 -9999 -9999 -9999 -9999 -9999 -9999 -9999 -9999 -9999 -9999 -9999 -9999 -9999 -9999 -9999 -9999 -9999 -9999 -9999 -9999 -9999 -9999 -9999 -9999 -9999 -9999 -9999 5.5908560278582e-15 6.38133702888581e-07 5.80327494646306e-06 2.38179207628671e-06 7.59997555720442e-06 5.74066752991469e-06 2.61602657426366e-06 5.69530140392397e-06 3.27874398417229e-05 1.19333584338285e-07 9.97739301936832e-08 4.73685012098383e-06 2.91802394490529e-05 3.66295186960698e-06 1.42797507465168e-07 1.41719787602038e-07 1.91179401741733e-06 4.12106407370317e-05 5.07178006551019e-05 5.08627760744657e-05 4.88813789630661e-05 4.60397196808559e-05 1.25631374026683e-05 7.62657777340308e-06 4.85178974654172e-05 5.05691116949807e-05 4.25776376823799e-05 3.91018072728143e-05 3.85670802851279e-05 3.77170764667341e-05 3.26337900689497e-05 3.5807000154532e-05 3.28761029682039e-05 3.0036680820416e-05
-9999 -9999 -9999 -9999 -9999 -9999 -9999 -9999 -9999 -9999 -9999 -9999 -9999 -9999 -9999 -9999 -9999 -9999 -9999 -9999 -9999 -9999 -9999 -9999 -9999 -9999 -9999 -9999 -9999 1.09911337968197e-06 3.17469114608447e-06 1.56919936288668e-05 3.35082338946829e-06 2.16421487768498e-07 8.45599005784237e-08 3.91718841443139e-07 1.43298891590661e-05 2.02812517464044e-05 2.3608919803475e-06 2.05027162802749e-05 1.12358341265522e-06 5.27813565527951e-06 1.44477760918821e-07 1.4464427975614e-07 2.64984090213055e-05 4.13409139594672e-05 4.14331700564393e-05 4.5527356720941e-05 5.09934062039423e-05 4.51741506527946e-05 4.52180228692462e-05 2.52016366737636e-05 3.81128579767611e-05 5.41599237997883e-05 5.15403672534907e-05 4.34045202268951e-05 4.71397110162584e-05 4.71620503251044e-05 3.80138960665085e-05 3.29475187487344e-05 3.42283385122751e-05 2.97606713389547e-05
-9999 -9999 -9999 -9999 -9999 -9999 -9999 -9999 -9999 -9999 -9999 -9999 -9999 -9999 -9999 -9999 -9999 -9999 -9999 -9999 -9999 -9999 -9999 -9999 -9999 -9999 -9999 -9999 -9999 9.40503880343416e-09 1.04900566448323e-07 5.75029634616971e-07 1.85178988669838e-07 8.53465199073563e-07 1.26927640234904e-07 1.63931540744106e-07 1.12987496563626e-07 1.18393865588293e-06 2.79718953630217e-05 2.67685988607631e-05 2.84750326138257e-05 1.58502929426701e-07 1.58081064475782e-07 3.50604437122081e-05 4.08596713590161e-05 3.94877552947959e-05 4.32460119497041e-05 4.62061240523925e-05 5.01952033397904e-05 5.64551214162885e-05 5.06955102106815e-05 3.79370687035544e-05 3.75996797818301e-05 3.18284294404687e-05 4.51472679305615e-05 5.52016662242521e-05 5.44912616056702e-05 6.16455608806406e-05 5.06582301392761e-05 3.8999355708476e-05 3.31040033304166e-05 3.74014071073245e-05
-9999 -9999 -9999 -9999 -9999 -9999 -9999 -9999 -9999 -9999 -9999 -9999 -9999 -9999 -9999 -9999 -9999 -9999 -9999 -9999 -9999 -9999 -9999 -9999 -9999 -9999 -9999 -9999 -9999 2.58371579953643e-12 1.04055485870439e-07 3.10854786166426e-07 4.01784055565676e-07 6.6653061645989e-07 3.34983838592034e-07 6.36693749877532e-07 1.31797510578759e-07 2.8029372675206e-07 5.96879532027974e-06 3.39833705338588e-05 2.44018395264722e-05 2.54548801191404e-05 2.94938052961066e-05 3.74437493540881e-05 4.11737966975058e-05 3.85902212333766e-05 4.51298777474136e-05 4.89897660653644e-05 5.35989934708959e-05 5.63434265693151e-05 5.15239808948245e-05 5.54878736111285e-05 5.08399470200951e-05 4.00942107694621e-05 3.60245198147518e-05 4.37390886988021e-05 5.43074169840237e-05 5.83363138531292e-05 4.74724515548557e-05 4.54105626190211e-05 4.06884044892846e-05 3.9261313740453e-05
-9999 -9999 -9999 -9999 -9999 -9999 -9999 -9999 -9999 -9999 -9999 -9999 -9999 -9999 -9999 -9999 -9999 -9999 -9999 -9999 -9999 -9999 -9999 -9999 -9999 -9999 -9999 -9999 -9999 5.68056640631616e-15 2.64680682461358e-09 1.19153028268256e-07 4.55350411543414e-07 3.9864072245307e-07 6.93427392868055e-07 8.52609229976798e-07 1.09137712074397e-07 1.10324602707689e-07 1.2925629816842e-07 3.93963329082311e-06 4.14889916303239e-05 2.47574930432896e-05 2.73941700499783e-05 3.26338570049252e-05 2.57898031688644e-05 2.80126121341729e-05 3.21377177436988e-05 2.64392790284253e-05 4.18005556368315e-05 4.35216123293169e-05 4.43137030703864e-05 4.34236884734066e-05 2.48046017851851e-05 4.43805413682918e-05 4.31295501513106e-05 3.81066706857399e-05 4.10128153957602e-05 5.60278894994438e-05 6.10975247590618e-05 4.71188233868339e-05 5.46071539895695e-05 4.17279434647886e-05
-9999 -9999 -9999 -9999 -9999 -9999 -9999 -9999 -9999 -9999 -9999 -9999 -9999 -9999 -9999 -9999 -9999 -9999 -9999 -9999 -9999 -9999 -9999 -9999 -9999 -9999 -9999 -9999 -9999 -9999 6.20891613126395e-15 6.1450254237867e-11 4.73274379388379e-07 1.07135360464643e-07 2.84903155165883e-07 2.16927986344951e-07 1.18322963639762e-07 6.17219397237254e-07 1.97561230045479e-07 1.15205994536425e-07 1.30980475688538e-07 3.27156152358445e-05 2.88669040614553e-05 2.75075523216391e-05 2.49197423310577e-05 2.57076856569747e-05 1.63026119593876e-05 4.92257562467877e-05 5.25249027291949e-05 5.62793349779504e-05 5.90509919704054e-05 5.30683272746776e-05 4.88132717289838e-05 2.89896899375409e-05 4.57772897649619e-05 5.4430612463517e-05 4.88212657318589e-05 4.92740462576037e-05 7.22382591575772e-05 5.25884978187571e-05 5.23444190515129e-05 4.60734458262773e-05
-9999 -9999 -9999 -9999 -9999 -9999 -9999 -9999 -9999 -9999 -9999 -9999 -9999 -9999 -9999 -9999 -9999 -9999 -9999 -9999 -9999 -9999 -9999 -9999 -9999 -9999 -9999 -9999 -9999 5.79375878280049e-15 3.67816970648183e-10 8.20525981342003e-10 1.75286351013086e-07 9.34464059681212e-07 8.41297862365616e-08 9.50275740303426e-08 1.13392418988658e-07 3.56164812240063e-06 1.73505741531827e-05 3.05711006206383e-06 1.58311633227726e-07 1.89052687943216e-05 2.56914517049074e-05 2.95944395431436e-05 2.4251332562479e-05 1.62966152506735e-05 1.52816789803389e-05 4.18553483865902e-05 4.64088234066612e-05 5.65004955034806e-05 6.78625842194718e-05 6.35161819693702e-05 5.90661362236665e-05 4.15813164946297e-05 4.98447588964323e-05 7.0226306280168e-05 8.34323760684198e-05 5.87224273899081e-05 6.5682669839206e-05 6.64076059122652e-05 5.03751124775428e-05 4.56336771520928e-05
-9999 -9999 -9999 -9999 -9999 -9999 -9999 -9999 -9999 -9999 -9999 -9999 -9999 -9999 -9999 -9999 -9999 -9999 -9999 -9999 -9999 -9999 -9999 -9999 -9999 -9999 -9999 -9999 1.07888624833157e-05 1.5883241196334e-05 9.58405206118937e-06 1.48109620676612e-05 2.46103582284445e-05 1.15477520524227e-05 3.34185162152754e-07 9.5785384468004e-08 1.09912871218039e-07 1.91965854446822e-07 3.90412440976974e-05 3.25298520666078e-05 4.32334506413712e-06 1.21909740157333e-07 1.5198806565507e-05 2.7559694861416e-05 2.4815896983767e-05 3.10350863335303e-05 2.70673847672066e-05 2.73036886971387e-05 3.34713726682971e-05 5.28336639110327e-05 6.25948682298535e-05 7.04284166901023e-05 7.83776327035963e-05 6.43119488380461e-05 7.9850320869773e-05 7.28504168431563e-05 9.85720480529093e-05 6.32934858701231e-05 5.52242804405676e-05 4.34170996721922e-05 3.88526906056096e-05 4.43263143155902e-05
-9999 -9999 -9999 -9999 -9999 -9999 -9999 -9999 -9999 -9999 -9999 -9999 -9999 -9999 -9999 -9999 -9999 -9999 -9999 -9999 -9999 -9999 -9999 -9999 -9999 -9999 -9999 -9999 6.4769028085629e-08 8.40693513605584e-06 8.4276238803652e-06 5.7382166392448e-06 2.99853204483984e-06 3.76379653586694e-05 2.46962320149334e-05 8.98590948034925e-07 1.07906556387755e-07 1.23489323208082e-07 5.75793463113919e-06 2.66665031670492e-06 3.33701898896966e-05 2.2922042617966e-07 1.4615997798442e-07 5.45901564432554e-07 4.17107912141444e-05 2.6901516106198e-05 3.16064157251115e-05 2.95831993570208e-05 3.26993332550655e-05 2.73910012689076e-05 4.46057145806041e-05 5.80006293528654e-05 6.35794651408576e-05 6.06664384738021e-05 5.51597075519918e-05 4.76708121626656e-05 6.87198449188403e-05 7.02226689564516e-05 5.52355885538898e-05 4.98842344188107e-05 5.23235151652412e-05 4.85437492661355e-05
-9999 -9999 -9999 -9999 -9999 -9999 -9999 -9999 -9999 -9999 -9999 -9999 -9999 -9999 -9999 -9999 -9999 -9999 -9999 -9999 -9999 -9999 -9999 -9999 -9999 -9999 -9999 -9999 5.34524450908682e-13 3.31372706786572e-06 1.71000605801754e-06 1.18269587693465e-06 1.03754068378655e-06 2.66920717642171e-06 3.52175987130337e-05 1.91919501390385e-05 3.00674209271635e-06 1.12318358093625e-07 1.38266339168251e-07 6.42076456281829e-07 1.27563994218027e-07 2.19076109439456e-06 1.65127531719409e-05 1.28008873525819e-07 5.56874394746118e-06 3.21619125637666e-05 3.149911577555e-05 3.16892231272876e-05 3.60855346435944e-05 2.96749732543412e-05 3.55907839088963e-05 4.54806843934913e-05 5.07251927648422e-05 5.41959184923044e-05 5.30593359929396e-05 5.39057131813465e-05 5.49962467978304e-05 5.85927810546603e-05 5.66174755972681e-05 5.69671350959461e-05 6.24694874893723e-05 4.86917559492393e-05
-9999 -9999 -9999 -9999 -9999 -9999 -9999 -9999 -9999 -9999 -9999 -9999 -9999 -9999 -9999 -9999 -9999 -9999 -9999 -9999 -9999 -9999 -9999 -9999 -9999 -9999 -9999 -9999 5.87210808456846e-15 7.29016672687171e-07 1.35346873573981e-06 2.86548570087116e-07 1.57470855704139e-06 3.97101872869005e-05 3.29469920153184e-05 3.03404002142044e-05 2.57611211984781e-05 2.13025660993471e-07 1.2002588955477e-07 1.2153274399227e-07 1.22642461101494e-07 1.07522540746683e-06 4.21107692231251e-05 3.31135853483777e-05 1.98224933184496e-07 2.31526106924159e-05 3.146866529802e-05 3.81049876086749e-05 3.96790429196775e-05 3.75752738122056e-05 2.72877222349295e-05 4.99531562821358e-05 4.69942582108248e-05 6.6826424302813e-05 7.28001808731734e-05 8.08347929954455e-05 5.56700912953876e-05 6.6846545061538e-05 0.000100424767908153 9.64202325189268e-05 7.30921837707205e-05 6.94348143949628e-05
-9999 -9999 -9999 -9999 -9999 -9999 -9999 -9999 -9999 -9999 -9999 -9999 -9999 -9999 -9999 -9999 -9999 -9999 -9999 -9999 -9999 -9999 -9999 -9999 -9999 -9999 -9999 -9999 -9999 9.61570261814513e-08 8.75256690015357e-07 8.99832734584979e-06 2.96827311449676e-06 4.30819661213032e-06 1.24148738236834e-06 3.92791260053478e-05 3.22631794274553e-05 2.55361642923651e-05 4.04443593390785e-07 2.50003161761883e-06 2.79903203057052e-07 2.44491572617171e-05 3.38013241775649e-05 3.27382517237483e-05 3.16755045969494e-05 4.08150684126654e-07 3.74916590330273e-05 3.26417571879354e-05 3.49973813816798e-05 4.12334253920295e-05 3.98999320804981e-05 3.40860484128778e-05 5.59252079095747e-05 5.031156842185e-05 5.20090902180751e-05 6.0751739130074e-05 7.65929700809211e-05 6.40613869847137e-05 7.52619574982903e-05 0.000120923029393743 0.000114735958304022 7.23430570782477e-05
-9999 -9999 -9999 -9999 -9999 -9999 -9999 -9999 -9999 -9999 -9999 -9999 -9999 -9999 -9999 -9999 -9999 -9999 -9999 -9999 -9999 -9999 -9999 -9999 -9999 -9999 -9999 -9999 -9999 2.00289020474329e-09 4.08766273074131e-05 3.40810532906298e-05 5.96576434812329e-06 1.01420255586673e-07 1.43068708259453e-07 1.84654854002166e-07 3.04329584990099e-05 2.71947145732058e-05 2.48489944930587e-05 6.7542811429823e-06 3.61035475536946e-05 4.47251844741322e-05 2.89606078114296e-05 2.89028518363017e-05 3.89089521002332e-05 4.04139538690134e-05 3.54264905177071e-05 3.74217983789223e-05 3.43425530815078e-05 3.2156844283571e-05 4.89031051461691e-05 3.61491759489827e-05 5.30161352786547e-05 5.73028136433226e-05 7.53651180929555e-05 5.55368205083972e-05 6.69615532789195e-05 8.88916838407521e-05 9.04921009351636e-05 7.86174453068079e-05 4.72600616356221e-05 7.36800110477823e-05
