Appendix_Data/App6_Higher_Taxa/prnana_minxent.asc
NCOLS 472 
NROWS 227 
XLLCORNER 17.83333 
YLLCORNER -34.83333 
CELLSIZE 0.01666667 
NODATA_value -9999 
[rows 108 to 134 of 227, columns 310 to 371 of 472]
-9999 -9999 -9999 -9999 -9999 -9999 -9999 -9999 -9999 -9999 -9999 -9999 -9999 -9999 -9999 -9999 -9999 -9999 -9999 -9999 -9999 -9999 -9999 -9999 -9999 -9999 -9999 -9999 -9999 -9999 -9999 -9999 -9999 -9999 -9999 -9999 -9999 -9999 -9999 -9999 -9999 -9999 -9999 -9999 -9999 -9999 -9999 -9999 -9999 -9999 -9999 -9999 -9999 -9999 -9999 -9999 -9999 -9999 -9999 -9999 -9999 -9999
-9999 -9999 -9999 -9999 -9999 -9999 -9999 -9999 -9999 -9999 -9999 -9999 -9999 -9999 -9999 -9999 -9999 -9999 -9999 -9999 -9999 -9999 -9999 -9999 -9999 -9999 -9999 -9999 -9999 -9999 -9999 -9999 -9999 -9999 -9999 -9999 -9999 -9999 -9999 -9999 -9999 -9999 -9999 -9999 -9999 -9999 -9999 -9999 -9999 -9999 -9999 -9999 -9999 -9999 -9999 -9999 -9999 -9999 -9999 -9999 -9999 -9999
-9999 -9999 -9999 -9999 -9999 -9999 -9999 -9999 -9999 -9999 -9999 -9999 -9999 -9999 -9999 -9999 -9999 -9999 -9999 -9999 -9999 -9999 -9999 -9999 -9999 -9999 -9999 -9999 -9999 -9999 -9999 -9999 -9999 -9999 -9999 -9999 -9999 -9999 -9999 -9999 -9999 -9999 -9999 -9999 -9999 -9999 -9999 -9999 -9999 -9999 -9999 -9999 -9999 -9999 -9999 -9999 -9999 -9999 -9999 -9999 -9999 -9999
-9999 -9999 -9999 -9999 -9999 -9999 -9999 -9999 -9999 -9999 -9999 -9999 -9999 -9999 -9999 -9999 -9999 -9999 -9999 -9999 -9999 -9999 -9999 -9999 -9999 -9999 -9999 -9999 -9999 -9999 -9999 -9999 -9999 -9999 -9999 -9999 -9999 -9999 -9999 -9999 -9999 -9999 -9999 -9999 -9999 -9999 -9999 -9999 -9999 -9999 -9999 -9999 -9999 -9999 -9999 -9999 -9999 -9999 -9999 -9999 -9999 -9999
-9999 -9999 -9999 -9999 -9999 -9999 -9999 -9999 -9999 -9999 -9999 -9999 -9999 -9999 -9999 -9999 -9999 -9999 -9999 -9999 -9999 -9999 -9999 -9999 -9999 -9999 -9999 -9999 -9999 -9999 -9999 -9999 -9999 -9999 -9999 -9999 -9999 -9999 -9999 -9999 -9999 -9999 -9999 -9999 -9999 -9999 -9999 -9999 -9999 -9999 -9999 -9999 -9999 -9999 -9999 -9999 -9999 -9999 -9999 -9999 -9999 -9999
-9999 -9999 -9999 -9999 -9999 -9999 -9999 -9999 -9999 -9999 -9999 -9999 -9999 -9999 -9999 -9999 -9999 -9999 -9999 -9999 -9999 -9999 -9999 -9999 -9999 -9999 -9999 -9999 -9999 -9999 -9999 -9999 -9999 -9999 -9999 -9999 -9999 -9999 -9999 -9999 -9999 -9999 -9999 -9999 -9999 -9999 -9999 -9999 -9999 -9999 -9999 -9999 -9999 -9999 -9999 -9999 -9999 -9999 -9999 -9999 -9999 -9999
-9999 -9999 -9999 -9999 -9999 -9999 -9999 -9999 -9999 -9999 -9999 -9999 -9999 -9999 -9999 -9999 -9999 -9999 -9999 -9999 -9999 -9999 -9999 -9999 -9999 -9999 -9999 -9999 -9999 -9999 -9999 -9999 -9999 -9999 -9999 -9999 -9999 -9999 -9999 -9999 -9999 -9999 -9999 -9999 -9999 -9999 -9999 -9999 -9999 -9999 -9999 -9999 -9999 -9999 -9999 -9999 -9999 -9999 -9999 -9999 -9999 -9999
-9999 -9999 -9999 -9999 -9999 -9999 -9999 -9999 -9999 -9999 -9999 -9999 -9999 -9999 -9999 -9999 -9999 -9999 -9999 -9999 -9999 -9999 -9999 -9999 -9999 -9999 -9999 -9999 -9999 -9999 -9999 -9999 -9999 -9999 -9999 -9999 -9999 -9999 -9999 -9999 -9999 -9999 -9999 -9999 -9999 -9999 -9999 -9999 -9999 -9999 -9999 -9999 -9999 -9999 -9999 -9999 -9999 -9999 -9999 -9999 -9999 -9999
-9999 -9999 -9999 -9999 -9999 -9999 -9999 -9999 -9999 -9999 -9999 -9999 -9999 -9999 -9999 -9999 -9999 -9999 -9999 -9999 -9999 -9999 -9999 -9999 -9999 -9999 -9999 -9999 -9999 -9999 -9999 -9999 -9999 -9999 -9999 -9999 -9999 -9999 -9999 -9999 -9999 -9999 -9999 -9999 -9999 -9999 -9999 -9999 -9999 -9999 -9999 -9999 -9999 -9999 -9999 -9999 -9999 -9999 -9999 -9999 -9999 -9999
-9999 -9999 -9999 -9999 -9999 -9999 -9999 -9999 -9999 -9999 -9999 -9999 -9999 -9999 -9999 -9999 -9999 -9999 -9999 -9999 -9999 -9999 -9999 -9999 -9999 -9999 -9999 -9999 -9999 -9999 -9999 -9999 -9999 -9999 -9999 -9999 -9999 -9999 -9999 -9999 -9999 -9999 -9999 -9999 -9999 -9999 -9999 -9999 -9999 -9999 -9999 -9999 -9999 -9999 -9999 -9999 -9999 -9999 -9999 -9999 -9999 -9999
-9999 -9999 -9999 -9999 -9999 -9999 -9999 -9999 -9999 -9999 -9999 -9999 -9999 -9999 -9999 -9999 -9999 -9999 -9999 -9999 -9999 -9999 3.37517021935537e-06 3.34744288038478e-06 3.54394256935127e-06 1.86543571718228e-09 7.69147967905903e-14 1.59995666358371e-10 1.29075751319277e-08 1.48035542974926e-07 2.40198387691419e-06 1.02822036586338e-07 8.53508726146344e-10 1.73814756153304e-10 1.76344297327869e-14 1.90507374561607e-15 1.95220195136449e-15 1.94951966342028e-15 2.00835770683805e-15 2.01309981729826e-15 6.9462014974887e-14 1.33870825331915e-12 9.96120122363489e-12 1.28607737248287e-12 4.28181833458004e-13 4.28553764238798e-13 3.41142051749114e-15 1.82982296879083e-15 3.5426925066937e-15 6.25917214257027e-14 3.36374763734156e-11 1.49754164413607e-13 2.42542731259629e-15 1.72668965246914e-15 5.52478047384931e-14 6.98432008729384e-09 1.13013307552138e-08 3.54091316866221e-09 2.97567373828287e-07 6.56651113379454e-07 -9999 -9999
-9999 -9999 -9999 -9999 -9999 -9999 -9999 -9999 -9999 -9999 -9999 -9999 -9999 -9999 -9999 -9999 -9999 -9999 -9999 -9999 -9999 -9999 9.4044488705095e-10 1.91806177625008e-09 2.82274065685297e-10 4.12483828870701e-09 3.09129024241935e-09 3.28078495631926e-06 1.57998145632583e-06 3.52944308435353e-10 3.1613936769296e-12 7.88983895467459e-14 1.89744219387966e-15 1.92461510223564e-15 1.91849434879777e-15 1.99126091205805e-15 2.03416129089412e-13 2.97185097249951e-14 8.34478530800612e-12 2.55518422522269e-07 1.03509491808901e-09 4.97049981206601e-08 1.52798930595521e-07 2.13395329952271e-08 2.89849142299507e-09 2.69978227768397e-10 1.61519979074911e-11 2.06992458462361e-14 1.87826368062744e-15 1.83591885645915e-15 1.82645696046607e-15 2.58834911914015e-11 1.23901322576152e-13 7.2671487349543e-11 3.32720773665759e-15 5.23930265146518e-09 7.10402946896756e-07 1.83262594710302e-07 3.3022486280874e-12 1.15202760871436e-07 -9999 -9999
-9999 -9999 -9999 -9999 -9999 -9999 -9999 -9999 -9999 -9999 -9999 -9999 -9999 -9999 -9999 -9999 -9999 -9999 -9999 -9999 -9999 -9999 3.00567858477409e-06 1.98570577772003e-07 7.26014992697037e-08 2.08336916163379e-08 8.37140550293331e-07 2.33378534167817e-06 2.75529519702628e-06 6.5576329624134e-09 1.81896656283615e-09 8.29744960162813e-10 3.65731213264236e-09 2.44985822716368e-11 1.173066687277e-13 1.84814088595497e-12 6.33622456860232e-09 7.66558481944422e-08 4.80940358380358e-07 5.98406628232079e-06 6.70261428830473e-06 6.15257796114981e-06 7.50882830619508e-06 7.17130943423933e-06 2.16288878843128e-06 1.97835842104458e-06 1.510316825132e-07 8.75358096895995e-08 5.48253202894382e-10 9.95653982850488e-12 2.69831952662426e-12 1.359932463736e-13 2.43682323529977e-15 7.67290567516356e-15 5.32984420546248e-10 5.98031720788754e-06 1.26142470938347e-07 8.64226982163255e-14 3.97728600151622e-13 1.86962364897561e-08 -9999 -9999
-9999 -9999 -9999 -9999 -9999 -9999 -9999 -9999 -9999 -9999 -9999 -9999 -9999 -9999 -9999 -9999 -9999 -9999 -9999 -9999 -9999 -9999 4.19072508453818e-06 2.31416696593507e-06 2.78764944490109e-06 2.15341152865794e-06 2.83083674241557e-07 3.39446015825062e-08 1.74575433687644e-11 2.21532766981592e-08 3.14036142778025e-06 4.3167511157115e-06 4.45794998768897e-06 4.32528453690114e-06 5.41762016801506e-06 4.26338507504537e-06 4.48914071719983e-06 4.48902246265573e-06 4.41975737964648e-06 4.62789674622401e-06 4.96364486326631e-06 5.25533844903134e-06 5.33841116339344e-06 6.22060390381711e-06 7.03528243579027e-06 4.63605630079498e-06 4.82317811535731e-06 5.06869918234126e-06 5.0609893130491e-06 5.18797039864219e-06 4.5508372666181e-06 4.2843222850559e-06 1.84247277186464e-06 1.33181732852723e-08 1.02893134455833e-11 6.74421125760756e-12 8.73839807437582e-13 5.73978812025796e-12 4.42042282030714e-15 6.55516838816363e-10 -9999 -9999
-9999 -9999 -9999 -9999 -9999 -9999 -9999 -9999 -9999 5.5303074887048e-06 6.31995946421207e-06 5.58233844688675e-06 5.20467962135802e-06 6.50061814584982e-06 4.29670018683388e-06 3.3903335657513e-06 3.82063366677525e-06 7.076778442043e-06 6.78240049679555e-06 6.70886458171075e-06 6.75871956029048e-06 6.92821549983286e-06 1.57463648106057e-06 4.04444387237172e-07 6.88591906021064e-09 1.03044808133861e-09 9.27896587003701e-08 1.4257876314313e-06 8.63063965603313e-07 3.2285912781648e-10 9.43483873533793e-10 3.11254827803577e-10 6.34233090449021e-07 4.58517324778807e-07 2.35057595020861e-07 4.67528692218206e-06 5.00755788433061e-06 4.83345654957161e-06 5.01970883568909e-06 4.30876316230049e-06 4.62645421635989e-06 4.79748925259819e-06 4.52354893113017e-06 3.77709151552188e-06 2.03602380826013e-06 3.1078528123485e-07 2.20505178446721e-07 1.4262159971867e-08 1.7759769220756e-06 3.53102477704075e-06 3.77741955855905e-06 2.49855836654677e-06 3.23214722619769e-06 1.85602677013916e-08 1.12555772860655e-10 3.31816582701526e-06 4.89363268225066e-06 4.73216274562624e-06 1.81685905021274e-06 2.43145097958714e-06 -9999 -9999
-9999 -9999 -9999 -9999 -9999 -9999 -9999 -9999 -9999 5.26876143304948e-06 5.21265241867857e-06 6.25515896236712e-06 5.81927603927388e-06 3.25927551578726e-06 2.87982497162875e-06 2.51480180383784e-06 2.67631283414859e-06 2.33411555092739e-06 5.59333281800344e-06 6.11287869665988e-06 5.45220230613391e-06 5.7133034413402e-06 5.52504718955569e-06 6.08300304654139e-06 1.86442055664882e-06 4.78131116436755e-06 3.7403826209314e-06 3.38519802682944e-06 3.27410703044361e-06 3.03722077663768e-06 2.66666129866502e-06 3.20323711468112e-06 1.83286784104176e-06 8.99197634389853e-07 8.01070613529643e-07 2.14084980729281e-07 4.64406695601935e-06 4.55643468058615e-06 4.7882589542684e-06 4.99889277262794e-06 4.44930927521464e-06 5.5322069880538e-06 5.02171937617094e-06 4.48470305949466e-06 4.31505289963613e-06 3.72565580903501e-06 3.74975374973843e-06 3.34312419481767e-06 1.18417761246577e-07 4.63775728408499e-06 4.02259066582198e-06 5.47128333242697e-07 5.49756365772342e-07 1.65951686078114e-07 1.02359283579972e-06 7.63046307677551e-07 3.30058209903721e-06 3.59468712385279e-06 5.13942879402016e-06 4.57078077019476e-06 -9999 -9999
-9999 -9999 -9999 -9999 -9999 -9999 -9999 -9999 -9999 3.71068404687908e-06 3.58460097943883e-06 4.67406197292833e-06 7.3850304940394e-06 5.85553602927671e-06 6.19215502303776e-06 4.51437139503686e-06 1.32994831574003e-06 2.89331607043732e-08 1.20947616079872e-08 3.91145991792726e-08 1.68044358401082e-06 2.13510142511309e-06 2.65590604689503e-08 9.3648489517048e-08 9.87671798736832e-07 2.26511131698863e-06 3.14807924698815e-06 4.00616634802611e-06 3.57484819198735e-06 4.67019043021437e-06 5.31338841673056e-06 5.67472993154644e-06 5.58923697984009e-06 4.64790741767436e-06 3.51832304433819e-06 1.61418962568107e-08 3.19488710289636e-06 3.5510960852781e-06 4.21447165226849e-06 3.90805948110022e-06 3.73599874697685e-06 5.89518510751874e-06 5.42231621311599e-06 6.0777905954283e-06 5.60139609074868e-06 4.64910326431667e-06 3.11124935688913e-06 3.15726745912555e-07 9.41408619787667e-08 2.10183366659936e-07 6.46767546716265e-08 1.40854280566842e-08 2.77761501301115e-09 3.23858611487968e-07 3.06162336411914e-06 3.4472587289165e-06 3.66056640130173e-06 3.80963201201841e-06 4.1944632484384e-06 4.15700413495205e-06 -9999 -9999
-9999 -9999 -9999 -9999 -9999 -9999 -9999 -9999 -9999 1.85949190611401e-06 1.76342276126619e-06 6.24398511440494e-08 5.16843284567115e-08 1.71640354263586e-06 1.64294054101477e-06 5.75466054689228e-06 6.78663727662335e-06 7.28073012496807e-06 6.49950427333325e-07 1.33146333846449e-08 4.57094068687824e-08 7.77437052398647e-08 3.85036815640977e-08 2.8005200220192e-06 4.50516448978283e-12 2.56787461395029e-11 1.88682040721461e-08 1.07159386280821e-07 2.04788840585761e-06 2.62637181161513e-06 3.59536694156486e-06 4.26924560581093e-06 4.1430965194658e-06 3.90971466631501e-06 3.58747143023637e-06 6.10062189000806e-09 1.11148369709221e-07 9.06868401599283e-07 3.63281438169525e-06 3.71363612959278e-06 3.38369614260653e-07 3.67771659226532e-06 3.14938470125073e-06 1.2189879274233e-06 1.88518670951347e-06 6.22959364515324e-08 2.37247837635825e-07 3.20381958650314e-06 3.11771295898054e-06 1.76722700956565e-06 4.42842869210711e-08 3.91411653405275e-06 4.53399332295023e-06 4.64392214791178e-06 4.34613870279602e-06 3.59422997896218e-06 3.13687314067671e-06 3.03607887669622e-06 3.03961731812582e-06 2.47503226888608e-06 -9999 -9999
-9999 -9999 -9999 -9999 -9999 -9999 -9999 -9999 -9999 6.31377743174365e-06 7.82128978408845e-07 4.25841133511883e-07 2.16012412213858e-08 1.15320245112127e-07 3.11620013630322e-08 3.22124493160709e-08 1.55737061007581e-09 4.85046724225324e-08 1.0874237087055e-06 2.72745941582243e-06 3.85348298981771e-06 6.15286469530598e-08 1.12907486225484e-08 3.30349593490442e-06 1.09057271550166e-06 2.04826727581376e-06 2.18826876289485e-06 1.93779061275337e-06 2.05464827352158e-06 1.96012171100436e-06 2.09574847755194e-07 3.0544198600645e-08 1.26850959612897e-08 2.84099966407208e-07 1.32364068820701e-08 1.86769196131082e-12 1.62107296211957e-10 9.48852813015122e-10 6.69476091221202e-08 6.63086222801839e-08 2.80232943252156e-09 3.3403106759445e-07 2.16420705477375e-09 1.33209239653932e-08 2.19950998062455e-10 1.3358322245463e-06 1.22371174734947e-09 1.31103108060909e-08 2.73285095088962e-10 1.86876349859104e-08 1.0849661870683e-07 3.87910314576128e-08 6.69278530419752e-07 2.94743966209679e-06 3.26381406219037e-06 3.23725223078733e-06 3.30451214310488e-06 4.09101537779902e-06 3.80808720693203e-06 2.79385308874048e-06 -9999 -9999
5.15935095453988e-06 6.07642910391956e-06 1.57525252661547e-06 1.5474458607155e-06 2.79863103606056e-06 6.5969168837395e-06 6.64993325919561e-06 6.3976827190682e-06 5.27938342500888e-06 4.26888398790784e-06 3.60504395645205e-06 3.43592552100112e-06 2.81139531791273e-06 2.12502175907209e-06 1.09941857353506e-07 5.43610370723658e-10 5.50166192379101e-07 2.70751062528735e-06 5.92767478946098e-06 3.01942130352249e-06 2.12910782943143e-06 4.4522447547843e-06 3.60291572839905e-06 3.78240316082381e-06 3.62823382221283e-06 3.09228170649807e-06 3.18507656725165e-06 3.75240086958875e-06 3.60844020424149e-06 4.01569055233629e-06 4.18501415131453e-06 3.31727321155234e-06 2.40269153468399e-07 3.7207783146982e-06 3.58223869246877e-06 1.55776032080322e-06 1.66747068538546e-06 1.67933814351593e-08 3.50160267694842e-06 4.20809003730636e-06 3.56958571916742e-07 1.2937424368389e-08 9.28132324826385e-08 3.13895577765519e-06 3.15111691030609e-06 2.97403883966189e-06 2.76575252906998e-06 3.9463586852749e-09 4.52035834332e-08 3.89626002582423e-09 1.27731318294395e-10 2.19047090586185e-12 1.02659059081617e-11 5.12523759211241e-10 3.96359550844389e-09 1.21108247069997e-07 3.11326736081584e-07 1.31530304574802e-06 1.11893177462833e-06 2.71168748489417e-07 -9999 -9999
4.71647622285239e-06 3.40839949631267e-06 5.18011907128985e-08 4.53482213569793e-06 5.90419337888508e-06 5.76956361588238e-06 4.95880741557414e-06 4.2631785815938e-06 3.75592641314728e-06 3.62491920591833e-06 3.46524637822765e-06 3.68463743636086e-06 3.64513825273752e-06 1.77392815557246e-09 4.5156193800965e-09 4.48573160806369e-06 6.70906731919105e-06 3.92123669481919e-06 3.62241703559175e-06 4.04577144037191e-06 3.1514533839908e-06 3.67846344904462e-06 4.11988677882769e-06 6.24347917604527e-06 4.4048162694297e-06 4.11656641317783e-06 4.01755566660789e-06 3.76854001768956e-06 3.93822452057744e-06 3.62512918770399e-06 2.10698386992693e-06 3.76331912454511e-08 4.33977446693055e-07 3.44373363288784e-06 3.33807764451572e-06 1.51113039235015e-06 2.2246560498904e-07 2.33847953420078e-11 2.45527442508344e-06 1.11723159967311e-07 4.55823800518311e-11 2.23793679776876e-10 3.15266232523297e-06 3.14791541657583e-06 3.36394093012955e-06 3.13389823899743e-06 1.07247101324005e-06 8.84820550132827e-08 1.43048354485534e-06 3.425756970903e-06 2.6628334269531e-06 2.99347840593108e-06 3.45151669630998e-06 2.0703923378264e-06 3.83305112885042e-09 4.61752188921229e-09 1.12092098895789e-09 3.07766034293024e-09 2.1419006594772e-08 4.51700708284504e-09 -9999 -9999
2.4109752635548e-06 2.33719634785251e-06 2.24749068118575e-06 2.23126588334035e-06 2.4173524346062e-06 2.73647354190529e-06 3.02936726294674e-06 3.02943861432945e-06 3.2981736165375e-06 3.76120713766635e-06 3.84050958308921e-06 3.75585321430699e-06 3.33148802007149e-06 2.9629049036589e-06 1.34066418822566e-07 2.94680338494675e-06 3.2252699262596e-06 3.85892867445537e-06 6.59106389380478e-06 6.63700457675357e-06 4.92978802802246e-06 4.22413739197234e-06 4.77204854905405e-06 4.4772380815599e-06 4.06888060385003e-06 4.04650949695181e-06 4.20078925960545e-06 4.08399751333338e-06 3.60478342332941e-06 3.60957607669648e-06 3.83726037432293e-08 3.15501670005101e-06 3.48863835700192e-06 2.04056633499699e-06 8.64031222269145e-08 8.78221949667671e-07 3.25045665348035e-06 1.11735168471275e-06 1.45042457380711e-06 1.83673254934876e-14 7.67109703200993e-09 3.95795020718864e-08 1.54373483641427e-07 3.12540216003722e-06 3.07903813580171e-06 3.43714287035021e-07 2.45353983517864e-07 8.13213002795577e-10 1.84107689014338e-09 3.24409496155054e-06 3.16775972840983e-06 3.96751832053997e-06 3.24232749714963e-06 5.55163871458563e-08 4.2280703009518e-06 4.18683570889314e-06 2.85767151252918e-06 4.16190864497137e-06 3.69508409934574e-06 2.39727291691486e-06 -9999 -9999
2.59884789435383e-06 2.55357632189606e-06 2.56236133321868e-06 2.21851839106425e-06 2.82105670494628e-06 2.9864517873314e-06 3.00857852115371e-06 2.81355930493065e-06 2.54984565239778e-06 2.31036220163567e-06 2.27000670378676e-06 2.25913123757912e-06 2.47804648714977e-06 2.34712576187603e-06 2.37659453807801e-06 2.98824966815891e-06 2.99856822021047e-06 3.32986216222701e-06 3.08442971142232e-06 2.8896537560243e-06 2.67176706313202e-06 2.77580922836504e-06 2.87812093009038e-06 3.28060904443367e-06 3.96971184097537e-06 6.34229232063554e-06 8.49326053315558e-06 4.87284130541533e-06 3.94785190378606e-06 1.49900523130505e-09 7.90977919611375e-08 3.6093453035467e-06 3.57774376005165e-06 4.38797346362522e-07 3.40913856514165e-06 3.40045183050366e-06 3.26860119503376e-06 3.20784014463058e-06 5.4010861291999e-07 3.55194482280534e-10 3.08787200404616e-06 3.09938216656227e-06 3.10729845888638e-06 3.0977006639071e-06 3.1038674955247e-06 4.6010249343379e-07 2.07812224343798e-06 4.42354274776799e-07 7.87442074321074e-08 1.97972947273062e-06 3.08171080235044e-06 3.12231939521969e-06 5.23384441461113e-07 7.86331880215505e-08 3.7551464119617e-06 3.92150073002663e-06 4.06929686823239e-06 4.41040610232003e-06 3.50910706942732e-06 3.25325042830521e-06 -9999 -9999
7.71950715200318e-08 2.51934385534963e-06 5.55771497980715e-06 3.03623039195304e-07 1.29252883059792e-06 3.63778544895415e-06 2.52634146623271e-06 2.42130384537385e-06 2.26774479761048e-06 2.22017516212092e-06 2.26814745075126e-06 2.3268877957983e-06 2.56837297169695e-06 2.94375985875357e-06 3.21662706267714e-06 3.95728732559686e-06 4.14919647348547e-06 4.65333172641394e-06 4.65217064863031e-06 3.4255818659824e-06 4.07451723492521e-06 4.45931010814996e-06 5.15555999354267e-06 5.47301306788278e-06 4.92488883481362e-06 4.61899394734345e-06 4.3897077452545e-06 4.18847545441323e-06 3.84051874748982e-06 4.26905287384664e-09 1.83185236359303e-07 1.1140691405971e-06 3.37717436486071e-10 3.66033137468329e-06 3.5883982657615e-06 3.41555489001207e-06 3.33436627456104e-06 3.23654515195165e-06 2.38133918505428e-08 5.50154189393546e-10 3.12726664858157e-06 3.13203323764769e-06 3.12192521369579e-06 7.18327647340967e-07 1.8640888164569e-06 3.10443741189504e-06 3.05813503783852e-06 2.96529011104908e-06 2.98162135181691e-06 2.9492137234489e-06 2.9827043522408e-06 3.03816654247682e-06 2.69569610640305e-06 3.02467895483789e-06 3.05531872025859e-06 3.00983666609084e-06 2.89792619691927e-06 2.88154239709612e-06 2.78933474303669e-06 2.71304474428617e-06 1.89281308489647e-08 1.21363779712465e-06
1.26818498184799e-06 2.03446084070629e-07 3.03595642495498e-07 1.01444425138354e-08 3.77343667263042e-07 3.37148419131785e-06 3.51806410420397e-06 3.20641583457374e-06 3.31671177575815e-06 3.78689337482892e-06 3.60378943751459e-06 3.7860647250314e-06 3.67233703069301e-06 3.64591812447258e-06 3.65830749430582e-06 3.7873318499418e-06 3.86264447121248e-06 3.82917424437335e-06 3.85612416787395e-06 4.1327837509784e-06 4.15812143588921e-06 4.2600371763209e-06 4.40239855106065e-06 4.26449674696687e-06 4.15374410500949e-06 4.1551512414985e-06 3.98326015286168e-06 3.96055726311475e-06 3.93700944962247e-06 5.02629766518077e-07 2.79175039895995e-06 4.53943491836098e-07 1.26314325851555e-07 1.9170719725601e-06 1.08738958118098e-06 4.82996554923171e-07 5.37553361276151e-07 7.19408945121933e-10 4.061357624788e-07 3.50694705582504e-08 1.08433618496175e-06 1.3510279197343e-06 7.33821592004034e-08 2.478282360548e-09 3.84892376648936e-07 3.01884730777121e-06 3.0483924097348e-06 3.03992763672197e-06 2.99278882780355e-06 3.02509152713558e-06 2.98609057997066e-06 3.01555258080881e-06 1.0290886443305e-06 1.44817491846503e-07 3.67012635183797e-07 1.31066397918154e-06 1.88901351154182e-06 8.40370738924401e-07 6.36209723504396e-07 3.03158209438351e-08 1.66144651179836e-10 2.54150816049037e-06
3.43468444308892e-06 3.46953637374119e-06 3.76735533691627e-06 2.39262350202808e-06 1.6572178818312e-07 3.58360437110768e-06 4.38300387501085e-06 4.81171854235376e-06 4.11291636807958e-06 3.50182703541959e-06 3.39213305543045e-06 1.40531040077689e-06 5.85057518815168e-08 9.10913731358132e-08 2.80271170529567e-06 3.80605508644884e-06 3.94199801451547e-06 3.89246294909662e-06 4.1398256869532e-06 5.83992311065486e-06 6.04724963229465e-06 6.1027843989713e-06 6.19766746953746e-06 4.47869521542804e-06 4.19879739478095e-06 4.00984854980786e-06 3.99869975287204e-06 4.06171469650012e-06 4.12367111703597e-06 1.50878929102745e-06 3.60348345859178e-07 1.34216354279587e-07 1.31458859421664e-07 1.51171203076579e-06 8.00624122678862e-07 3.66343450336663e-07 8.56511775587194e-09 1.03278529508368e-09 1.67619085818333e-06 1.83476829987932e-06 2.27230869752821e-06 1.0588606955204e-06 8.10055065600402e-08 5.95918865587233e-07 4.07996744671094e-07 8.57297353071956e-07 9.37291001019942e-07 1.81789062486203e-06 2.88977190981933e-06 3.02659329524982e-06 2.96666429718747e-06 2.97294979845373e-06 7.8031290633763e-07 1.73455062301788e-14 1.3307004023371e-11 2.0069980247397e-07 2.72947234038179e-07 8.68311457217282e-09 3.09197745249302e-08 1.21326622373489e-07 1.29063206825427e-06 2.81113867230985e-06
2.03889946261436e-06 2.52274738357295e-06 3.02817561702224e-06 2.97529031386257e-06 1.12898018492758e-07 3.29108481326007e-06 3.36231407813988e-06 3.5271879183636e-06 3.61865764883035e-06 3.33252595519464e-06 2.00239012982929e-07 3.70938273658864e-08 1.93566333800991e-06 1.38524931581595e-06 5.6036277975534e-06 5.63113500788298e-06 5.71091467790636e-06 5.79055652530371e-06 5.94270906669072e-06 5.99206925715661e-06 6.09188162452468e-06 6.24994966094432e-06 6.24001383178368e-06 6.17531807600443e-06 6.01704196975472e-06 4.24411015708859e-06 4.21051162949258e-06 4.24464406843953e-06 4.13220876901586e-06 3.87116184683496e-06 3.14125528832405e-06 7.79824079391571e-07 3.65558621466675e-07 9.66737709540508e-07 1.52952765302759e-06 8.34429429217902e-07 8.89020062301552e-08 2.17095704714269e-08 3.55815558223473e-06 3.42908403642573e-06 2.91599573144153e-06 1.26317905953806e-06 2.11623583481476e-06 1.5598961363983e-06 1.33422269419984e-06 8.90288696463956e-07 5.98462401328792e-07 4.4154682559838e-07 3.96372062504412e-07 9.75077417173719e-07 1.09780284264216e-06 1.49612433600077e-07 5.00765396191663e-12 2.33638781720308e-12 2.95452364109617e-06 2.94939025850007e-06 2.93525575518325e-06 2.89976445791901e-06 2.88346381916777e-06 2.85654136120897e-06 2.83712127708751e-06 2.80756027326515e-06
