Appendix_Data/App5-Higher-Order-Taxon-Info/pr_rose_prior.asc
NCOLS 472 
NROWS 227 
XLLCORNER 17.83333 
YLLCORNER -34.83333 
CELLSIZE 0.01666667 
NODATA_value -9999 
[rows 135 to 161 of 227, columns 0 to 61 of 472]
-9999 -9999 -9999 -9999 -9999 -9999 -9999 -9999 -9999 -9999 -9999 -9999 -9999 -9999 -9999 -9999 -9999 -9999 4.64702480959013e-07 4.59290846828014e-07 2.28016783276369e-05 4.56920192325126e-05 4.44664223451739e-05 4.32367699513075e-05 4.10734581366035e-05 4.17949213405312e-05 4.1264299023796e-05 4.18773688835182e-05 4.47007842063935e-05 4.78974988745458e-05 2.4187652600419e-05 6.05370455011217e-05 5.02108368958111e-05 1.855039035392e-05 1.56233108165412e-05 1.94459099189942e-05 0.000107521972802061 8.28181045703162e-06 8.90385396082896e-05 3.10354009405361e-05 7.92364629358435e-05 8.97259381308114e-05 1.79197256535595e-05 2.02805811518897e-05 2.30226326292062e-05 1.74334857618015e-05 1.80456627020457e-05 1.8571609975611e-05 1.77301277732173e-05 1.79300237293009e-05 1.81919559544898e-05 6.38462129535732e-05 4.56768828706131e-05 3.14595199915201e-05 2.10005043647354e-05 1.85513639115006e-05 1.89012034692597e-05 2.05758700166077e-05 2.23653396539291e-05 2.29165345207512e-05 5.55405867213024e-05 8.12383962725616e-05
-9999 -9999 -9999 -9999 -9999 -9999 -9999 -9999 -9999 -9999 -9999 -9999 -9999 -9999 -9999 -9999 -9999 -9999 -9999 5.48064178534043e-07 4.24106935600831e-05 4.55947067436789e-05 7.25043220999433e-05 7.15333606728964e-05 4.15765100893694e-05 3.95607896038836e-05 4.11748261319648e-05 4.3873626084524e-05 4.36635933289043e-05 4.35122179092112e-05 4.39239049249085e-05 4.47288974024683e-05 6.83058304488395e-05 2.20378840533917e-05 6.23943652180702e-05 1.77517250172426e-05 1.6192805615704e-05 9.51448972992131e-05 1.10929805890044e-05 4.90890389476107e-05 5.10801589114438e-05 0.000145263822492284 4.78480342823197e-05 1.80180372681527e-05 1.70944340087485e-05 1.69356792192728e-05 1.71777174345067e-05 1.73526352466033e-05 1.86756272276614e-05 4.95737093465418e-05 3.90693613385951e-05 4.71252179316941e-05 5.84869967853092e-05 1.92844252347268e-05 1.86390804661207e-05 1.93740338345844e-05 2.08439130365499e-05 2.20123394759033e-05 3.02298675976538e-05 7.22472556958744e-05 2.69404879488757e-05 9.76439389704981e-05
-9999 -9999 -9999 -9999 -9999 -9999 -9999 -9999 -9999 -9999 -9999 -9999 -9999 -9999 -9999 -9999 -9999 -9999 2.3546929771842e-05 7.75872841751251e-07 5.29039609585058e-07 5.76676782604423e-05 4.84016325579569e-05 4.36608909690746e-05 4.17481591081348e-05 4.32389334125977e-05 4.43974905349018e-05 4.48518882100338e-05 4.35065417734989e-05 4.45272431423907e-05 4.3514920269041e-05 4.50713811918407e-05 3.81946306697369e-05 1.69854427625137e-05 2.47717163445884e-05 3.71290551801201e-05 1.67514073872706e-05 1.62977413554112e-05 8.66462706520255e-05 8.13086812295316e-05 4.8778448511222e-05 8.30189485158014e-05 1.77568347194535e-05 1.71883400294417e-05 4.50932754200977e-05 4.38425391125667e-05 1.80490967051481e-05 1.80760731006541e-05 2.00827385172488e-05 8.35993068408156e-05 6.74692160343488e-05 4.75587991756483e-05 8.25558969955085e-05 1.99339867860659e-05 1.94909433491414e-05 2.06715618762567e-05 2.18604231908876e-05 2.44807799706297e-05 2.62907651213314e-05 0.00015177187594131 0.000104061968828455 8.60942890720069e-05
-9999 -9999 -9999 -9999 -9999 -9999 -9999 -9999 -9999 -9999 -9999 -9999 -9999 -9999 -9999 -9999 -9999 -9999 5.34945935120176e-05 9.38963219944936e-07 4.48578333033202e-07 1.98887082455884e-06 5.20303078408788e-05 4.34608573381816e-05 4.26807367983273e-05 4.33286777204817e-05 5.36002844963934e-05 6.68288393595782e-05 4.53070922661922e-05 4.38257821214825e-05 4.42358445744292e-05 4.44702064356488e-05 5.33337578661373e-05 4.5741216342252e-05 4.65343137162816e-05 7.18250267233448e-05 2.74096974667137e-05 6.76703235287549e-05 2.59686886722746e-05 0.000112471397933431 5.30253308910388e-05 0.000135801535116512 7.6238692300807e-05 5.57230491129528e-05 2.36060748699504e-05 4.34795103080692e-05 1.71389265735732e-05 1.74021568755362e-05 1.92777755414339e-05 1.99679098590964e-05 2.39605088327767e-05 6.77022247488706e-05 8.6555987445602e-05 1.84681611238451e-05 1.8432373540539e-05 2.09910697067271e-05 2.25008746034119e-05 2.49182810130852e-05 2.88055921929029e-05 3.31595167370104e-05 0.000171770408611578 8.91788263054788e-05
-9999 -9999 -9999 -9999 -9999 -9999 -9999 -9999 -9999 -9999 -9999 -9999 -9999 -9999 -9999 -9999 -9999 -9999 -9999 -9999 4.32892101632753e-07 4.35460074868462e-07 4.39036300965969e-07 5.86599950172065e-05 4.34441003470974e-05 4.46864581590863e-05 4.70000636628383e-05 4.70587209987649e-05 4.46377999478865e-05 4.58125790963012e-05 4.53430450592696e-05 4.68673372794669e-05 4.82005211299848e-05 4.88568405476813e-05 4.63318491416117e-05 4.49973160779618e-05 4.89933470879616e-05 8.02360764575047e-05 8.39250297055378e-05 0.000100611429014604 7.63995279466873e-05 8.49665435720415e-05 8.50762979300769e-05 9.73006409329674e-05 5.34502622233981e-05 1.71514687487075e-05 1.73363896190968e-05 1.76863648848823e-05 3.57488416147189e-05 3.9311830279304e-05 2.08563195036577e-05 8.70714734004376e-05 5.9058166300189e-05 3.61267392986291e-05 1.83956379678312e-05 2.02941244195664e-05 2.18595047032308e-05 2.37885628297797e-05 2.64962841099865e-05 2.63749139316056e-05 3.09548474095696e-05 0.000166624470390869
-9999 -9999 -9999 -9999 -9999 -9999 -9999 -9999 -9999 -9999 -9999 -9999 -9999 -9999 -9999 -9999 -9999 -9999 -9999 -9999 -9999 -9999 4.22860801565499e-07 1.84969508932688e-05 4.34049062956508e-05 4.37690168307933e-05 4.49808265693644e-05 4.58039291847063e-05 4.5121931448278e-05 4.10850818240809e-05 4.23660947889769e-05 4.53427736432168e-05 4.59225970032574e-05 4.60907294140346e-05 4.72595610106842e-05 4.71463018453587e-05 4.54490074596981e-05 5.47207292978959e-05 7.24445869669376e-05 2.48157506489761e-05 0.000150929573590409 5.05800807345604e-05 5.21219441940002e-05 8.92858743701185e-05 6.88832149979711e-05 3.60334783827571e-05 1.75344210649048e-05 1.80675588970856e-05 5.98520739888109e-05 6.33247794469725e-05 2.7251835596716e-05 7.27284173539494e-05 5.16097034310998e-05 7.03580426259422e-05 1.8627537416746e-05 2.00974972568141e-05 2.11383365167518e-05 2.14620906316999e-05 2.62445693224364e-05 2.43577065581786e-05 2.45608182044526e-05 3.30868008362634e-05
-9999 -9999 -9999 -9999 -9999 -9999 -9999 -9999 -9999 -9999 -9999 -9999 -9999 -9999 -9999 -9999 -9999 -9999 -9999 -9999 -9999 -9999 -9999 9.01695263666244e-06 5.44179784585097e-05 4.34708603964744e-05 4.29018543428848e-05 4.30294395555176e-05 4.61026245175648e-05 4.45831981184875e-05 4.55349676771072e-05 4.60231507504604e-05 4.72006322587048e-05 4.75752886842457e-05 4.65545873153539e-05 4.87879087374092e-05 4.77388266899558e-05 4.83756828231723e-05 4.97826603715164e-05 7.13806360400715e-05 7.74996991491175e-05 4.78764149608812e-05 4.96831844213924e-05 5.42668744548694e-05 5.47639788558702e-05 7.80365443672365e-05 2.81941449291485e-05 1.81270285143875e-05 1.95949055312681e-05 6.84404449438825e-05 2.22833818399069e-05 8.45408058586557e-05 5.3972773527078e-05 8.76656149406534e-05 1.95233264310899e-05 1.95970689925583e-05 1.8799483419743e-05 2.17036155165731e-05 2.13680764379423e-05 2.27717006212865e-05 2.32430440986699e-05 2.72761627355329e-05
-9999 -9999 -9999 -9999 -9999 -9999 -9999 -9999 -9999 -9999 -9999 -9999 -9999 -9999 -9999 -9999 -9999 -9999 -9999 -9999 -9999 -9999 -9999 -9999 4.1236457243774e-07 4.95020751764399e-05 4.29797035472386e-05 4.29613219934038e-05 4.49402793712199e-05 4.57547320749669e-05 4.39941859483125e-05 4.50235372287992e-05 4.7635566649357e-05 4.63826668805358e-05 4.7893714784071e-05 4.91376932252445e-05 5.07811960960984e-05 4.89774004114698e-05 5.09093241408367e-05 8.06337049083816e-05 5.21465447156529e-05 4.86843812143236e-05 4.96385817167202e-05 5.09187843670239e-05 5.17508043764474e-05 5.53970508986118e-05 6.98736397094979e-05 2.22757861239953e-05 2.06556938710845e-05 2.49757759802641e-05 6.99974447652218e-05 7.56791504069707e-05 5.09850098839003e-05 5.22389913833666e-05 6.27038739238138e-05 2.00355691607733e-05 2.02300603971973e-05 1.98444863592728e-05 1.95417886230274e-05 2.13944037950612e-05 2.32895388485795e-05 2.44183090424834e-05
-9999 -9999 -9999 -9999 -9999 -9999 -9999 -9999 -9999 -9999 -9999 -9999 -9999 -9999 -9999 -9999 -9999 -9999 -9999 -9999 -9999 -9999 -9999 -9999 -9999 3.94688817117855e-07 5.33440274235253e-06 2.24475413490422e-05 5.56600648544458e-05 4.56909375018675e-05 4.75039259301966e-05 4.76674639359066e-05 4.84832658527855e-05 4.54946918950154e-05 4.72398302437175e-05 4.66767678083271e-05 5.04243823258529e-05 5.26498641509056e-05 6.78976600411303e-05 4.39968883081423e-05 8.4167235097326e-05 7.3283907674824e-05 5.07687620940287e-05 5.19129931690256e-05 5.28455708592181e-05 6.39954249119761e-05 7.58970227595929e-05 1.78250604546318e-05 1.87601536602699e-05 5.3175353164034e-05 4.52811425314077e-05 7.74888897097984e-05 4.74036396654803e-05 4.60150436709711e-05 7.91432059535374e-05 2.4412200214513e-05 1.8969889431658e-05 2.10933837247071e-05 2.127376329317e-05 1.99645309259177e-05 2.20481014910305e-05 3.09386273502419e-05
-9999 -9999 -9999 -9999 -9999 -9999 -9999 -9999 -9999 -9999 -9999 -9999 -9999 -9999 -9999 -9999 -9999 -9999 -9999 -9999 -9999 -9999 -9999 -9999 -9999 -9999 3.99248987868629e-07 3.95964706121364e-07 5.7298430488127e-05 5.653479945687e-05 4.98978115820794e-05 6.97165881540925e-05 7.63160026066212e-05 5.74373719057503e-05 4.72211772738299e-05 4.57917665986893e-05 4.70165492378697e-05 5.02757092659895e-05 5.32161717782313e-05 5.41130680913993e-05 8.44110532511668e-05 6.2258936474869e-05 5.73387062702187e-05 5.43825684975379e-05 5.4735055345203e-05 7.98630485282804e-05 7.12649419974029e-05 8.35825498497314e-05 3.81584064606068e-05 7.13019725875594e-05 2.75048464942572e-05 5.38078863082361e-05 4.89498261139346e-05 4.32605562248019e-05 5.21608707629601e-05 7.19385651718551e-05 1.93376227810702e-05 2.14071623163244e-05 1.92231992802139e-05 2.06204982894587e-05 2.170939982535e-05 2.30065207429431e-05
-9999 -9999 -9999 -9999 -9999 -9999 -9999 -9999 -9999 -9999 -9999 -9999 -9999 -9999 -9999 -9999 -9999 -9999 -9999 -9999 -9999 -9999 -9999 -9999 -9999 -9999 -9999 4.47597123437532e-07 7.46297930098985e-05 5.3368086096464e-05 6.3142320988888e-05 6.80830962086633e-05 5.32932106679927e-05 6.23784146080124e-05 5.45277288829791e-05 4.92198693521787e-05 5.29682941842968e-05 5.35902814381006e-05 5.59706552908345e-05 5.73733059165982e-05 5.53056859615432e-05 0.000101894062608684 9.45161482454859e-05 6.03386364329794e-05 7.73929264340966e-05 9.14508068140072e-05 9.69632904472017e-05 7.95808387704533e-05 3.61599857983107e-05 8.88006611390819e-05 6.80433593251111e-05 5.69608125198745e-05 6.48055546267087e-05 5.72078758656507e-05 5.56268183547642e-05 7.15352566516999e-05 3.28846076776463e-05 2.53180178553286e-05 3.17703798771786e-05 1.9353787770474e-05 2.16878281495036e-05 2.22937880887129e-05
-9999 -9999 -9999 -9999 -9999 -9999 -9999 -9999 -9999 -9999 -9999 -9999 -9999 -9999 -9999 -9999 -9999 -9999 -9999 -9999 -9999 -9999 -9999 -9999 -9999 -9999 -9999 -9999 6.44465773951729e-05 5.1649440314652e-05 2.80587181527302e-05 5.32002211681735e-05 4.77772104268101e-05 8.1487627013194e-05 5.51251195486962e-05 4.80226531434016e-05 4.69989819321932e-05 5.10117699332772e-05 9.71422362308641e-05 6.46874257066971e-05 6.24881610989158e-05 6.02297002566683e-05 9.43542348025265e-05 9.12353654051619e-05 8.44940436262593e-05 6.77043882101608e-05 7.60148723964197e-05 3.70122833403724e-05 8.45599937935169e-05 6.73545997887594e-05 4.25661244863039e-05 5.14099412162597e-05 8.25261671038151e-05 9.18462718035939e-05 5.62990844489525e-05 5.82818298508095e-05 6.68856085838334e-05 5.38219409394905e-05 6.75262527410908e-05 2.53763782070236e-05 2.13539116668404e-05 2.51123375904682e-05
-9999 -9999 -9999 -9999 -9999 -9999 -9999 -9999 -9999 -9999 -9999 -9999 -9999 -9999 -9999 -9999 -9999 -9999 -9999 -9999 -9999 -9999 -9999 -9999 -9999 -9999 -9999 -9999 6.83158295735663e-05 5.36989501319249e-05 8.01933657980699e-05 4.21863347571562e-05 6.73408165735578e-05 7.27673360557773e-05 5.51691794212628e-05 5.0368427349756e-05 5.10469124117622e-05 5.3721926090827e-05 6.839854459904e-05 6.6726126084651e-05 4.66924470023322e-05 6.23697646964175e-05 7.9544885977376e-05 8.8471964498477e-05 5.23595512471551e-05 4.5397107990129e-05 7.73956327274924e-05 4.42577388026861e-05 8.92947956977661e-05 6.40559742931402e-05 6.79806425490909e-05 8.15908831202268e-05 8.77637416776454e-05 3.4461613615571e-05 6.86629117015719e-05 5.77017390082822e-05 5.27066294415947e-05 5.53043367484113e-05 7.93870241073782e-05 3.49230366395473e-05 2.003010937119e-05 2.31421107623496e-05
-9999 -9999 -9999 -9999 -9999 -9999 -9999 -9999 -9999 -9999 -9999 -9999 -9999 -9999 -9999 -9999 -9999 -9999 -9999 -9999 -9999 -9999 -9999 -9999 -9999 -9999 -9999 -9999 6.84939650426363e-05 2.47549573867212e-05 4.7540956520353e-05 4.2862927773925e-05 4.46237453166321e-05 4.61599287067936e-05 4.68924766996591e-05 6.33674901064072e-05 4.77326077221379e-05 1.65886246262291e-05 8.06742521065261e-05 6.24338306855696e-05 5.5130252852303e-05 5.79696187852361e-05 6.02440263039755e-05 6.71459162462716e-05 5.08839133045917e-05 4.79050670554956e-05 7.24975642335859e-05 2.52704964446976e-05 2.54446334439467e-05 4.20798334581881e-05 2.57446524217583e-05 2.93275645980433e-05 5.9269009370401e-05 2.80949403950773e-05 6.23635496621656e-05 6.19956550365482e-05 5.81750532022226e-05 5.62344795612608e-05 9.19292621786864e-05 4.58944838071826e-05 2.73329280262221e-05 3.10002604288341e-05
-9999 -9999 -9999 -9999 -9999 -9999 -9999 -9999 -9999 -9999 -9999 -9999 -9999 -9999 -9999 -9999 -9999 -9999 -9999 -9999 -9999 -9999 -9999 -9999 -9999 -9999 -9999 -9999 5.99785814043645e-05 4.61177608794643e-05 7.02901964798812e-05 5.88840863376466e-05 4.56082224763938e-05 4.73341689566687e-05 4.78418153145018e-05 1.20217476371516e-05 4.7637730479419e-07 4.86000435928822e-07 2.55741657717407e-05 5.30418203996362e-05 5.42928241896539e-05 5.89559879902353e-05 6.95776546036011e-05 5.97655748728623e-05 5.61541994131301e-05 5.35524405333518e-05 4.68216567777155e-05 6.10987547898142e-05 6.12833806427549e-05 3.14914172780698e-05 3.02420321504537e-05 2.53496712607874e-05 6.84547709911896e-05 3.50344037596354e-05 2.95208383957958e-05 8.57436982031452e-05 6.73548672712462e-05 6.60887231857629e-05 5.8875165009999e-05 0.000105696011473122 5.92219757219518e-05 7.02793791734301e-05
-9999 -9999 -9999 -9999 -9999 -9999 -9999 -9999 -9999 -9999 -9999 -9999 -9999 -9999 -9999 -9999 -9999 -9999 -9999 -9999 -9999 -9999 -9999 -9999 -9999 -9999 -9999 -9999 8.34592876261131e-05 6.40027256104391e-05 7.29990007199725e-07 5.03673456191109e-05 5.9336859450028e-05 4.73909342473578e-05 6.68612834117994e-05 7.95694879741159e-07 4.88846801150724e-07 4.94499058888291e-07 5.89100360724312e-05 5.1879746669344e-05 5.30131643714558e-05 5.7328707145492e-05 6.05808378912016e-05 5.41960545329258e-05 5.41492883669634e-05 5.37311149009614e-05 5.45515151564735e-05 5.06344150814726e-05 5.58344201666069e-05 3.22309925865626e-05 1.98268875850685e-05 1.990411725278e-05 8.44345759757404e-05 5.52716291472693e-05 3.11073025931248e-05 0.000100560339859627 7.55218235019465e-05 7.46235779756466e-05 6.91589343719276e-05 7.05929473192674e-05 9.65805308757375e-05 4.86011233567443e-05
-9999 -9999 -9999 -9999 -9999 -9999 -9999 -9999 -9999 -9999 -9999 -9999 -9999 -9999 -9999 -9999 -9999 -9999 -9999 -9999 -9999 -9999 -9999 -9999 -9999 -9999 -9999 -9999 -9999 -9999 3.99440933596167e-07 6.37053794907125e-05 5.5160529509668e-05 6.55983805846855e-05 3.57658700218559e-06 4.80180602134216e-07 4.88419732662797e-07 4.92712298002844e-07 7.12087156052533e-05 5.1687013736914e-05 5.38908688161966e-05 5.47407354144813e-05 5.4275795782517e-05 5.56779075097411e-05 5.46685584122739e-05 5.35648745354216e-05 5.92784695965882e-05 4.83462204139656e-05 4.4331807850131e-05 2.54278469511177e-05 2.3379391329528e-05 2.19489225251382e-05 2.03535920700854e-05 2.83755236233708e-05 8.47897612496693e-05 9.46618475294667e-05 7.82417113017362e-05 8.85227783038351e-05 7.93672933404115e-05 7.25635222679754e-05 0.000109297922773101 8.12029863115898e-05
-9999 -9999 -9999 -9999 -9999 -9999 -9999 -9999 -9999 -9999 -9999 -9999 -9999 -9999 -9999 -9999 -9999 -9999 -9999 -9999 -9999 -9999 -9999 -9999 -9999 -9999 -9999 -9999 -9999 -9999 1.4305321348021e-05 7.14422671518806e-05 4.51097649286951e-05 4.91303964603475e-05 4.59947690885073e-07 4.69951978417183e-07 4.82280911251823e-07 1.97809887704051e-06 4.93004209163623e-05 4.90555170983103e-05 4.9934574689749e-05 5.16291667155798e-05 5.21238362392376e-05 6.44800953109072e-05 5.30966936450879e-05 5.29407238203276e-05 5.66304873829531e-05 6.10144191351558e-05 8.04366489869372e-05 3.67641343303852e-05 5.45577301907254e-05 7.04677891168457e-05 9.13183557802544e-05 6.08573675797504e-05 6.19970042496801e-05 7.34879968122446e-05 7.40032074174615e-05 8.29735315629709e-05 9.04044231928176e-05 8.48432813484232e-05 7.37085675911306e-05 8.79878290645195e-05
-9999 -9999 -9999 -9999 -9999 -9999 -9999 -9999 -9999 -9999 -9999 -9999 -9999 -9999 -9999 -9999 -9999 -9999 -9999 -9999 -9999 -9999 -9999 -9999 -9999 -9999 -9999 -9999 -9999 -9999 -9999 1.40697981014451e-05 6.22729950396893e-05 3.63970500193601e-06 4.50973321558647e-07 4.67243441659579e-07 4.76331331241773e-07 3.1437895212533e-05 4.82299835391915e-05 4.85289502881028e-05 4.91744563329142e-05 6.80644432387757e-05 4.90136206870339e-05 5.90262690136393e-05 6.34937261059081e-05 7.18669270681872e-05 7.4516529911007e-05 4.94882880276723e-05 6.17396664295584e-05 7.4825503651777e-05 7.45078839329781e-05 7.50293174395788e-05 8.97097239718328e-05 4.4036086293155e-05 5.36275873778758e-05 7.02491064496311e-05 6.89016004853719e-05 8.09940352866152e-05 7.57288864152496e-05 7.2606500409897e-05 7.11014000581269e-05 5.56865574213359e-05
-9999 -9999 -9999 -9999 -9999 -9999 -9999 -9999 -9999 -9999 -9999 -9999 -9999 -9999 -9999 -9999 -9999 -9999 -9999 -9999 -9999 -9999 -9999 -9999 -9999 -9999 -9999 -9999 -9999 -9999 -9999 -9999 -9999 4.1279978463649e-07 4.36492666669775e-07 4.57447295083699e-07 4.72874027907063e-06 4.92258169039438e-05 8.12727284364543e-05 7.36631585054321e-05 5.66504934995386e-05 3.25002235434314e-05 7.19501849257665e-05 3.11229817871298e-05 2.51815919531509e-05 2.3223582780973e-05 5.59474079158797e-05 5.46674806151948e-05 8.5869934202646e-05 5.89532856304055e-05 3.96064701056349e-05 6.12920305543497e-05 8.78988990047939e-05 5.40871183566147e-05 5.58490136964009e-05 6.29044425196803e-05 6.75430097321749e-05 7.18069165855627e-05 7.36255850831701e-05 7.01263870581184e-05 6.45492946036661e-05 8.29651530674288e-05
-9999 -9999 -9999 -9999 -9999 -9999 -9999 -9999 -9999 -9999 -9999 -9999 -9999 -9999 -9999 -9999 -9999 -9999 -9999 -9999 -9999 -9999 -9999 -9999 -9999 -9999 -9999 -9999 -9999 -9999 -9999 -9999 -9999 -9999 4.59907156716866e-07 4.5699859198287e-07 4.21901188476311e-05 4.77088214486435e-05 4.93509711727996e-05 8.0856171666071e-05 2.60399963564e-05 3.22582935012621e-05 1.90171118912743e-05 2.39833490836524e-05 1.97138978690127e-05 1.72107751230212e-05 1.6904484074251e-05 4.81010451798609e-05 5.66423824864833e-05 8.23774940439517e-05 7.66365961013027e-05 7.10119271662957e-05 5.17313450255335e-05 7.74286117446871e-05 5.30893929466249e-05 5.81026126510944e-05 5.91633183860252e-05 6.06665266925579e-05 6.56581196512572e-05 5.53308253817355e-05 8.86760457687657e-05 5.56449284925463e-05
-9999 -9999 -9999 -9999 -9999 -9999 -9999 -9999 -9999 -9999 -9999 -9999 -9999 -9999 -9999 -9999 -9999 -9999 -9999 -9999 -9999 -9999 -9999 -9999 -9999 -9999 -9999 -9999 -9999 -9999 -9999 -9999 -9999 -9999 4.4355052889531e-07 4.55476732181537e-07 6.68558708250079e-05 4.79256120706206e-05 8.06539785074538e-05 5.73592512853438e-05 5.46688298283267e-05 4.51338226182422e-05 3.27956756511377e-05 2.11577191631291e-05 1.65670804853446e-05 1.78011109381492e-05 1.70985150834551e-05 1.70880262297635e-05 7.25324392295841e-05 4.60872167396125e-05 5.30477640178353e-05 8.3512807724867e-05 5.25893147697415e-05 4.55428072741097e-05 5.16683607670264e-05 4.63356332320866e-05 4.94517963360554e-05 5.41363154663541e-05 7.5449650433305e-05 2.95789548663998e-05 2.93372962402832e-05 6.33272143243155e-05
-9999 -9999 -9999 -9999 -9999 -9999 -9999 -9999 -9999 -9999 -9999 -9999 -9999 -9999 -9999 -9999 -9999 -9999 -9999 -9999 -9999 -9999 -9999 -9999 -9999 -9999 -9999 -9999 -9999 -9999 -9999 -9999 -9999 -9999 -9999 1.79194274400885e-06 6.36037440128643e-05 4.77123341230656e-05 7.18228711291865e-05 7.56088654500007e-05 7.91453694148276e-05 4.80867191325537e-05 4.49721766577696e-05 1.8397447408183e-05 1.81766032464612e-05 2.14600628784361e-05 3.57901991274558e-05 1.74114282905563e-05 2.07293538276672e-05 7.4619518535553e-05 4.75055465593812e-05 6.57356974395582e-05 8.03820432239722e-05 5.48210155626121e-05 6.540023899903e-05 6.70867239453714e-05 6.05054196306248e-05 5.74700795068923e-05 3.42559038489658e-05 4.89314445600997e-05 4.15732648974341e-05 4.00914119206188e-05
-9999 -9999 -9999 -9999 -9999 -9999 -9999 -9999 -9999 -9999 -9999 -9999 -9999 -9999 -9999 -9999 -9999 -9999 -9999 -9999 -9999 -9999 -9999 -9999 -9999 -9999 -9999 -9999 -9999 -9999 -9999 -9999 -9999 -9999 -9999 8.56223240911984e-05 6.03091740237727e-05 4.83813589588846e-05 8.47294832845581e-05 6.74802929561547e-05 8.4948976266365e-05 6.53359055273911e-05 6.10463164217055e-05 1.7942593439397e-05 2.31275664021304e-05 1.92515543905966e-05 3.13559905016516e-05 1.76468168124973e-05 1.80357697836004e-05 1.78563087027944e-05 5.90019399080394e-05 5.78809562079973e-05 5.06114391225705e-05 6.99263573607914e-05 4.51954537300514e-05 2.1063352915216e-05 3.09126776154573e-05 3.58145282330557e-05 3.85982066723789e-05 7.46403349667308e-05 6.59259994282112e-05 2.69533290750246e-05
-9999 -9999 -9999 -9999 -9999 -9999 -9999 -9999 -9999 -9999 -9999 -9999 -9999 -9999 -9999 -9999 -9999 -9999 -9999 -9999 -9999 -9999 -9999 -9999 -9999 -9999 -9999 -9999 -9999 -9999 -9999 -9999 -9999 -9999 -9999 -9999 4.81361876583459e-05 5.46645068393122e-05 5.74592661340072e-05 7.89226273075194e-05 7.96935590372393e-05 5.49450881008227e-05 8.30557037563391e-05 1.85920723858504e-05 1.90177078265206e-05 1.95033773512112e-05 3.01649932606923e-05 1.90194641637317e-05 1.90767447515645e-05 1.90183568649077e-05 3.18403914513129e-05 6.43735940119391e-05 7.48928069657325e-05 7.34888071268369e-05 5.04141117850733e-05 7.25962338026834e-05 6.12163408777202e-05 2.00028340246694e-05 3.4912494682715e-05 3.4358624991025e-05 6.75827466157272e-05 9.8329992213454e-05
-9999 -9999 -9999 -9999 -9999 -9999 -9999 -9999 -9999 -9999 -9999 -9999 -9999 -9999 -9999 -9999 -9999 -9999 -9999 -9999 -9999 -9999 -9999 -9999 -9999 -9999 -9999 -9999 -9999 -9999 -9999 -9999 -9999 -9999 -9999 8.50065558052124e-05 2.25722644007271e-06 6.79179336402026e-05 7.50344546767516e-05 8.76877845185291e-05 4.97275157100119e-05 5.02962542811146e-05 6.53548259797655e-05 1.85536355458553e-05 1.82442900831e-05 1.8196768672469e-05 2.07348411522124e-05 1.78430919210942e-05 1.82735912161014e-05 2.44402327724852e-05 1.81766032464612e-05 3.42594165233879e-05 3.00471377235165e-05 6.96111685857695e-05 4.60282879876332e-05 4.40344617304043e-05 4.63177945103573e-05 7.02093695660789e-05 6.92567936264329e-05 2.98549456564091e-05 5.72021997299384e-05 6.20721510942041e-05
-9999 -9999 -9999 -9999 -9999 -9999 -9999 -9999 -9999 -9999 -9999 -9999 -9999 -9999 -9999 -9999 -9999 -9999 -9999 -9999 -9999 -9999 -9999 -9999 -9999 -9999 -9999 -9999 -9999 -9999 -9999 -9999 -9999 -9999 -9999 6.84217919739949e-05 4.60977578359773e-07 0.000108291008552977 5.02165130315234e-05 4.84532606114733e-05 4.38830863107112e-05 5.35145956950371e-05 6.71475447425882e-05 2.94981318861635e-05 2.26529246296709e-05 2.39920265302091e-05 2.0725650375295e-05 2.0966986449001e-05 2.08709445019796e-05 2.04564194184261e-05 2.06708853029078e-05 2.11117102086182e-05 6.70710447513664e-05 3.68895600152937e-05 6.74429948835115e-05 6.4896109249185e-05 7.97673527350654e-05 8.43388801825254e-05 6.75032728486227e-05 7.77116239499746e-05 4.84667763441881e-05 8.86779417475691e-05
