Appendix_Data/App5-Higher-Order-Taxon-Info/pr_rose_prior.asc
NCOLS 472 
NROWS 227 
XLLCORNER 17.83333 
YLLCORNER -34.83333 
CELLSIZE 0.01666667 
NODATA_value -9999 
[rows 108 to 134 of 227, columns 310 to 371 of 472]
-9999 -9999 -9999 -9999 -9999 -9999 -9999 -9999 -9999 -9999 -9999 -9999 -9999 -9999 -9999 -9999 -9999 -9999 -9999 -9999 -9999 -9999 -9999 -9999 -9999 -9999 -9999 -9999 -9999 -9999 -9999 -9999 -9999 -9999 -9999 -9999 -9999 -9999 -9999 -9999 -9999 -9999 -9999 -9999 -9999 -9999 -9999 -9999 -9999 -9999 -9999 -9999 -9999 -9999 -9999 -9999 -9999 -9999 -9999 -9999 -9999 -9999
-9999 -9999 -9999 -9999 -9999 -9999 -9999 -9999 -9999 -9999 -9999 -9999 -9999 -9999 -9999 -9999 -9999 -9999 -9999 -9999 -9999 -9999 -9999 -9999 -9999 -9999 -9999 -9999 -9999 -9999 -9999 -9999 -9999 -9999 -9999 -9999 -9999 -9999 -9999 -9999 -9999 -9999 -9999 -9999 -9999 -9999 -9999 -9999 -9999 -9999 -9999 -9999 -9999 -9999 -9999 -9999 -9999 -9999 -9999 -9999 -9999 -9999
-9999 -9999 -9999 -9999 -9999 -9999 -9999 -9999 -9999 -9999 -9999 -9999 -9999 -9999 -9999 -9999 -9999 -9999 -9999 -9999 -9999 -9999 -9999 -9999 -9999 -9999 -9999 -9999 -9999 -9999 -9999 -9999 -9999 -9999 -9999 -9999 -9999 -9999 -9999 -9999 -9999 -9999 -9999 -9999 -9999 -9999 -9999 -9999 -9999 -9999 -9999 -9999 -9999 -9999 -9999 -9999 -9999 -9999 -9999 -9999 -9999 -9999
-9999 -9999 -9999 -9999 -9999 -9999 -9999 -9999 -9999 -9999 -9999 -9999 -9999 -9999 -9999 -9999 -9999 -9999 -9999 -9999 -9999 -9999 -9999 -9999 -9999 -9999 -9999 -9999 -9999 -9999 -9999 -9999 -9999 -9999 -9999 -9999 -9999 -9999 -9999 -9999 -9999 -9999 -9999 -9999 -9999 -9999 -9999 -9999 -9999 -9999 -9999 -9999 -9999 -9999 -9999 -9999 -9999 -9999 -9999 -9999 -9999 -9999
-9999 -9999 -9999 -9999 -9999 -9999 -9999 -9999 -9999 -9999 -9999 -9999 -9999 -9999 -9999 -9999 -9999 -9999 -9999 -9999 -9999 -9999 -9999 -9999 -9999 -9999 -9999 -9999 -9999 -9999 -9999 -9999 -9999 -9999 -9999 -9999 -9999 -9999 -9999 -9999 -9999 -9999 -9999 -9999 -9999 -9999 -9999 -9999 -9999 -9999 -9999 -9999 -9999 -9999 -9999 -9999 -9999 -9999 -9999 -9999 -9999 -9999
-9999 -9999 -9999 -9999 -9999 -9999 -9999 -9999 -9999 -9999 -9999 -9999 -9999 -9999 -9999 -9999 -9999 -9999 -9999 -9999 -9999 -9999 -9999 -9999 -9999 -9999 -9999 -9999 -9999 -9999 -9999 -9999 -9999 -9999 -9999 -9999 -9999 -9999 -9999 -9999 -9999 -9999 -9999 -9999 -9999 -9999 -9999 -9999 -9999 -9999 -9999 -9999 -9999 -9999 -9999 -9999 -9999 -9999 -9999 -9999 -9999 -9999
-9999 -9999 -9999 -9999 -9999 -9999 -9999 -9999 -9999 -9999 -9999 -9999 -9999 -9999 -9999 -9999 -9999 -9999 -9999 -9999 -9999 -9999 -9999 -9999 -9999 -9999 -9999 -9999 -9999 -9999 -9999 -9999 -9999 -9999 -9999 -9999 -9999 -9999 -9999 -9999 -9999 -9999 -9999 -9999 -9999 -9999 -9999 -9999 -9999 -9999 -9999 -9999 -9999 -9999 -9999 -9999 -9999 -9999 -9999 -9999 -9999 -9999
-9999 -9999 -9999 -9999 -9999 -9999 -9999 -9999 -9999 -9999 -9999 -9999 -9999 -9999 -9999 -9999 -9999 -9999 -9999 -9999 -9999 -9999 -9999 -9999 -9999 -9999 -9999 -9999 -9999 -9999 -9999 -9999 -9999 -9999 -9999 -9999 -9999 -9999 -9999 -9999 -9999 -9999 -9999 -9999 -9999 -9999 -9999 -9999 -9999 -9999 -9999 -9999 -9999 -9999 -9999 -9999 -9999 -9999 -9999 -9999 -9999 -9999
-9999 -9999 -9999 -9999 -9999 -9999 -9999 -9999 -9999 -9999 -9999 -9999 -9999 -9999 -9999 -9999 -9999 -9999 -9999 -9999 -9999 -9999 -9999 -9999 -9999 -9999 -9999 -9999 -9999 -9999 -9999 -9999 -9999 -9999 -9999 -9999 -9999 -9999 -9999 -9999 -9999 -9999 -9999 -9999 -9999 -9999 -9999 -9999 -9999 -9999 -9999 -9999 -9999 -9999 -9999 -9999 -9999 -9999 -9999 -9999 -9999 -9999
-9999 -9999 -9999 -9999 -9999 -9999 -9999 -9999 -9999 -9999 -9999 -9999 -9999 -9999 -9999 -9999 -9999 -9999 -9999 -9999 -9999 -9999 -9999 -9999 -9999 -9999 -9999 -9999 -9999 -9999 -9999 -9999 -9999 -9999 -9999 -9999 -9999 -9999 -9999 -9999 -9999 -9999 -9999 -9999 -9999 -9999 -9999 -9999 -9999 -9999 -9999 -9999 -9999 -9999 -9999 -9999 -9999 -9999 -9999 -9999 -9999 -9999
-9999 -9999 -9999 -9999 -9999 -9999 -9999 -9999 -9999 -9999 -9999 -9999 -9999 -9999 -9999 -9999 -9999 -9999 -9999 -9999 -9999 -9999 5.49880711597018e-06 5.47269462989307e-06 5.83072387202716e-06 1.61552056418716e-05 7.78032615323354e-07 7.88769468057681e-06 2.29997097734449e-05 2.1603085370766e-05 1.42497715292203e-05 2.60521058392762e-05 1.48349710905671e-05 1.03976549476369e-05 4.19735982895435e-07 1.54061415273763e-07 1.57506558358012e-07 1.57017551571357e-07 1.61478522705017e-07 1.61765872773115e-07 6.62219889593697e-07 1.81338940621137e-06 3.22528882899068e-06 1.72103431683067e-06 1.16860455613804e-06 1.17370811215207e-06 1.91577570346637e-07 1.47304409383898e-07 2.02075428216561e-07 7.45692433828866e-07 7.05280710155229e-06 1.05956586126351e-06 1.65933286179861e-07 1.40942603951307e-07 6.58205746970828e-07 2.10646490252072e-05 1.31146210912934e-05 9.69276090701772e-06 9.63977970680343e-06 1.5641043331989e-05 -9999 -9999
-9999 -9999 -9999 -9999 -9999 -9999 -9999 -9999 -9999 -9999 -9999 -9999 -9999 -9999 -9999 -9999 -9999 -9999 -9999 -9999 -9999 -9999 1.37772656830892e-05 1.64282206892154e-05 1.20043386575059e-05 1.15241289223986e-05 1.02284939093553e-05 5.27720475940533e-06 1.60720569407483e-05 1.26496558911501e-05 3.19082390724611e-06 7.80276223020453e-07 1.53710820840107e-07 1.5600335226411e-07 1.55146726078532e-07 1.60564337385966e-07 9.56379452102948e-07 4.82737758063474e-07 3.2584020791246e-06 1.40074363297548e-05 1.02160864588559e-05 1.62535182398563e-05 1.40450913735109e-05 1.37061192751691e-05 1.0997694870043e-05 7.26002883258196e-06 3.67173701312058e-06 4.00373496043791e-07 1.50763058735718e-07 1.47875852035766e-07 1.47283327928712e-07 3.60515919624094e-06 8.57266680750731e-07 9.13886368036585e-06 1.90883403509223e-07 1.96677276382966e-05 7.80305958320799e-06 2.33026749921771e-05 2.23500941355736e-06 1.10347815135147e-05 -9999 -9999
-9999 -9999 -9999 -9999 -9999 -9999 -9999 -9999 -9999 -9999 -9999 -9999 -9999 -9999 -9999 -9999 -9999 -9999 -9999 -9999 -9999 -9999 6.94084355452213e-06 1.10304840926791e-05 1.16952370758414e-05 1.17060219303731e-05 5.86594551352754e-06 4.99483618385166e-06 6.17815657910093e-06 1.12665482045776e-05 1.03718674724491e-05 9.41933971898632e-06 1.16060601848504e-05 4.40071627824878e-06 8.397828404274e-07 2.29725711183422e-06 1.65378875254077e-05 2.41539714416964e-05 2.21055964582093e-05 1.44503706102232e-05 1.37760757793796e-05 1.23277407182986e-05 1.47772597772592e-05 1.67938997337933e-05 2.02628486364419e-05 1.50689808976313e-05 1.92040074117867e-05 1.56045241054102e-05 9.73376734899068e-06 3.32416908971616e-06 2.17409716093146e-06 7.67476952472082e-07 1.65122065023492e-07 2.56866975346694e-07 1.33663358788435e-05 1.08240731679375e-05 2.31762226465473e-05 7.12141267169576e-07 1.11803721327352e-06 1.5528106719074e-05 -9999 -9999
-9999 -9999 -9999 -9999 -9999 -9999 -9999 -9999 -9999 -9999 -9999 -9999 -9999 -9999 -9999 -9999 -9999 -9999 -9999 -9999 -9999 -9999 6.8322859839368e-06 6.26576496065655e-06 4.79020962297875e-06 4.69262670148377e-06 7.93064725431947e-06 9.68516519110608e-06 3.38231334112996e-06 1.14330334345998e-05 6.92394888862857e-06 9.17584215077303e-06 9.39941817406946e-06 8.89506814452941e-06 1.0778876494802e-05 8.9842715870908e-06 9.30759300978092e-06 9.48745826449161e-06 8.89260868239903e-06 9.54671153566452e-06 9.98750988980461e-06 1.0488588175839e-05 1.05336225893777e-05 1.20942993115189e-05 1.26532246188875e-05 9.46918586711279e-06 9.95469411559809e-06 1.03584599127987e-05 1.05303242943016e-05 1.21989646185648e-05 8.77045474099623e-06 8.1156762977733e-06 9.96312768106393e-06 1.16138181603588e-05 3.11913712569921e-06 2.74359171424638e-06 1.43414890121401e-06 2.37766682179453e-06 2.11257139493627e-07 7.48960501908848e-06 -9999 -9999
-9999 -9999 -9999 -9999 -9999 -9999 -9999 -9999 -9999 9.16675954692013e-06 1.01831084250526e-05 8.44845794665061e-06 8.45459430958285e-06 1.0843535469026e-05 1.5264876417111e-05 1.74327836202737e-05 1.62240538638666e-05 1.21380897348157e-05 1.14978005818882e-05 1.13987848589842e-05 1.15560252255568e-05 1.20383718703839e-05 1.92736393968036e-05 2.48820587707381e-05 2.02818516937019e-05 1.49404476955968e-05 2.29894372658824e-05 1.17140778735047e-05 8.22009772372834e-06 6.76292393988538e-06 7.9304849947227e-06 5.97061032887773e-06 7.90377804848654e-06 8.94515719035528e-06 1.14191931826914e-05 9.43374738778763e-06 1.02129779583385e-05 1.02569306412321e-05 9.99283495475302e-06 8.15078976620918e-06 9.16765148300659e-06 9.37635961028179e-06 8.77042720603435e-06 7.01807174714645e-06 6.91246090917754e-06 1.00435455040041e-05 1.04097378789427e-05 1.14235181384888e-05 7.56894209477502e-06 6.59076159075933e-06 7.2078043521235e-06 6.52988719870601e-06 6.44587409645813e-06 1.08117473389323e-05 5.5028345958402e-06 7.79984290962605e-06 9.90968723702122e-06 9.68535400227323e-06 9.98121126727561e-06 6.66380004391687e-06 -9999 -9999
-9999 -9999 -9999 -9999 -9999 -9999 -9999 -9999 -9999 9.55979457612133e-06 9.55071197226842e-06 1.1419166631121e-05 1.05671414885035e-05 5.54019167197318e-06 5.04727701043914e-06 4.75990739743486e-06 5.11428727372895e-06 1.23823169795187e-05 9.86211173985798e-06 1.02986392247329e-05 8.97408070102241e-06 9.39298384351407e-06 9.08107074556383e-06 1.01388577745358e-05 1.5580250069734e-05 8.34484683528791e-06 6.88375374463943e-06 6.49023242834368e-06 6.41941053961712e-06 5.96317687256287e-06 5.43071512203526e-06 6.87050844458586e-06 7.2468917055929e-06 8.12616416807334e-06 8.63162149643738e-06 1.24027528381877e-05 9.87792467510643e-06 9.53095170355683e-06 9.96961511476008e-06 9.82321368925148e-06 9.06766318591349e-06 1.0020353198973e-05 9.9575862699865e-06 9.10110046354521e-06 8.59026398370051e-06 6.86366944843005e-06 6.65633954433588e-06 5.69616198842924e-06 1.22926818280908e-05 8.82489529418991e-06 8.21515126450572e-06 1.34724605388688e-05 1.11307969089658e-05 1.41596220640402e-05 1.26043244933797e-05 1.01464810254093e-05 5.95739207209029e-06 6.61684703357031e-06 9.84897461286892e-06 9.58763635614336e-06 -9999 -9999
-9999 -9999 -9999 -9999 -9999 -9999 -9999 -9999 -9999 5.95571637298187e-06 5.69197224896244e-06 9.24215027253502e-06 1.27672419790561e-05 9.72157624462034e-06 1.04578807929989e-05 1.31149996970192e-05 1.94270956729013e-05 1.76986356439638e-05 1.06929172607845e-05 1.05844413116933e-05 5.3440798063645e-06 4.8087529447146e-06 1.03564056079645e-05 9.05687734799029e-06 6.04921723637882e-06 4.93958433267415e-06 6.59168057011193e-06 8.15314154697078e-06 7.39461726775026e-06 9.40571581320696e-06 1.12098360170291e-05 1.15556741547929e-05 1.11952395370607e-05 9.35546450778433e-06 6.52267008852017e-06 1.14869881923947e-05 5.8950853703237e-06 6.65798869187391e-06 8.07039898653516e-06 7.58299820111667e-06 7.54664123413467e-06 1.19987972464285e-05 9.52743804574323e-06 1.13207999466041e-05 1.0765739367813e-05 9.31024128307844e-06 7.17323125731443e-06 1.2422026328109e-05 1.2854904447144e-05 1.13364781572177e-05 1.20471024200814e-05 1.04141985427665e-05 9.35019352936818e-06 9.55279282867301e-06 5.493319791425e-06 6.48936753552335e-06 6.81441825215839e-06 7.49530868976268e-06 8.51800929356493e-06 8.7756981844505e-06 -9999 -9999
-9999 -9999 -9999 -9999 -9999 -9999 -9999 -9999 -9999 3.51465841444904e-06 5.6408830939856e-06 2.38428421067681e-05 2.35523089233226e-05 6.59143767241253e-06 2.09056247864617e-05 9.72227936953966e-06 1.15993298534549e-05 1.29418913252744e-05 1.89652124217051e-05 1.87784270410403e-05 1.83765267375067e-05 1.82480741735749e-05 1.5124070489212e-05 1.12052681635323e-05 2.51578587827973e-06 3.69211853940949e-06 1.07910135126401e-05 1.11063881486547e-05 7.53426082690143e-06 5.57976580423288e-06 7.23426790896452e-06 8.38980061072401e-06 7.89247888020266e-06 7.29887279665621e-06 6.68485740601109e-06 1.10844113155121e-05 1.24760341890447e-05 9.90395603138515e-06 6.67342351309233e-06 6.72553982048628e-06 1.05798724748049e-05 7.23661968972612e-06 5.56662818554807e-06 6.75724731247731e-06 6.69877878771786e-06 1.12539509595195e-05 1.05213773984751e-05 5.83172398117813e-06 5.78685182723616e-06 8.2056630116609e-06 1.20853514323008e-05 8.17365804374246e-06 9.85827356285085e-06 9.76782711343907e-06 8.70617437249807e-06 6.77573654768091e-06 5.43266125380496e-06 4.80899633410975e-06 4.69760020397252e-06 4.39336346003655e-06 -9999 -9999
-9999 -9999 -9999 -9999 -9999 -9999 -9999 -9999 -9999 1.15414562805502e-05 2.34328583251411e-05 2.59391161232204e-05 2.18041161606354e-05 2.37520711381628e-05 1.79811659874185e-05 2.48892493293536e-05 2.02804179089014e-05 2.17954406808617e-05 5.89273358956209e-06 5.11304377518283e-06 7.07886500940139e-06 2.58573726885443e-05 2.30625307889637e-05 1.14324660177068e-05 7.21061537671353e-06 4.4928654700351e-06 4.28802256303317e-06 4.98313185827162e-06 5.36627249394034e-06 7.30692775639626e-06 9.91958015546646e-06 1.1396514208021e-05 1.13360995514919e-05 1.03778415757845e-05 1.17161321783389e-05 1.81863616861195e-06 6.01010333133905e-06 8.11454097229168e-06 1.08690259599822e-05 1.06227168754831e-05 7.93564780007434e-06 1.1306446364335e-05 8.96756671575589e-06 1.02479562104437e-05 5.86153942793173e-06 5.16502486624614e-06 8.041259129739e-06 1.03756250113536e-05 6.33128882770083e-06 1.04736130901447e-05 1.01746738761953e-05 1.04943724846158e-05 8.05190925963581e-06 5.56254661914578e-06 6.26033172264363e-06 6.2646025919088e-06 6.45798407103009e-06 8.26832127588715e-06 7.2574336624252e-06 5.7893388243284e-06 -9999 -9999
8.71663470783624e-06 1.05215662096423e-05 1.60731111364316e-05 1.93976588318735e-05 1.75871052808874e-05 1.21710412170486e-05 1.22213997121443e-05 1.18437999958573e-05 9.93169062173417e-06 8.08467143900583e-06 6.69269651131788e-06 6.40419206452773e-06 5.32472567834057e-06 4.03060410480887e-06 2.04836121600611e-05 1.68403394137792e-05 1.02664724889134e-05 5.0836880639534e-06 1.08568889421441e-05 5.50634874534955e-06 3.81997639733436e-06 8.04179950336581e-06 8.5859114929412e-06 7.75137596807209e-06 7.06724181361973e-06 5.77717476322419e-06 5.62296176737068e-06 6.90943304676274e-06 5.92108919164054e-06 6.85526243453459e-06 7.25408177251262e-06 5.37913967996387e-06 1.10811671069683e-05 6.22719142924357e-06 5.76838963529869e-06 7.04012921839165e-06 6.56251416174539e-06 1.17053728919861e-05 6.68050540694754e-06 8.20558237355826e-06 1.14370338712037e-05 1.24164849170316e-05 1.2213507012001e-05 5.98445058078611e-06 6.04640621178879e-06 5.67053677283818e-06 5.15010386708415e-06 9.51938210261167e-06 1.05247563316538e-05 9.04579452583544e-06 7.51725798794337e-06 2.15589433850094e-06 2.85706894663608e-06 6.98476919414963e-06 8.99649022642302e-06 9.37392768311329e-06 8.31916753316459e-06 5.96355547828865e-06 6.26835963911756e-06 7.87650368535744e-06 -9999 -9999
8.85100728857126e-06 9.09677550774778e-06 2.74756535343203e-05 1.19803085029206e-05 1.09054645484583e-05 1.07760118753755e-05 9.30959322808287e-06 8.05882938559e-06 7.07016101127427e-06 6.78854964717219e-06 6.41062541169162e-06 6.78954975632316e-06 9.54427862510453e-06 1.79587839969798e-05 1.85408219546683e-05 1.59213580944042e-05 1.1900538734976e-05 6.75121912260959e-06 7.22623950079484e-06 8.51384659736426e-06 6.41646429869645e-06 7.67855386104357e-06 7.79841010821703e-06 1.08078275404311e-05 7.40415911543159e-06 6.3124750733037e-06 5.78660892953676e-06 5.60476951639875e-06 5.51475526754927e-06 5.45501620097756e-06 6.63339013700421e-06 1.21792849879558e-05 9.78480241743527e-06 5.27915089117502e-06 5.26782467962502e-06 6.93151756127407e-06 1.03070462386284e-05 3.77107700937024e-06 5.42049719270074e-06 1.03624603494026e-05 4.31891974043187e-06 6.11257862552439e-06 4.94350363947967e-06 4.95061306829675e-06 5.23071099288719e-06 5.17348596667386e-06 7.51377088170014e-06 1.0806178392893e-05 7.75334914310791e-06 6.75511187784473e-06 6.26822491448266e-06 5.88848976356304e-06 6.89964780968627e-06 8.4605949644887e-06 1.07381945720226e-05 1.07646310855975e-05 8.3936928742634e-06 9.21128063009819e-06 1.00235964241253e-05 8.50627743302301e-06 -9999 -9999
4.50192103062188e-06 4.44039809187724e-06 4.40282466961524e-06 4.37863176373745e-06 4.6201827084853e-06 5.32104926923445e-06 5.86970305243204e-06 5.69199929222857e-06 6.18632020360125e-06 6.98174182343058e-06 7.16149988846826e-06 6.87842818799528e-06 7.23269989122486e-06 6.46563387347398e-06 1.25019032857266e-05 5.84983510235169e-06 6.74816470862441e-06 7.95321805592535e-06 1.27691881108258e-05 1.1319150799066e-05 8.32297915860135e-06 7.21867082814933e-06 7.94286540195594e-06 6.98455333971636e-06 7.03272280534291e-06 7.61575988879094e-06 8.33354766700403e-06 7.63303316041029e-06 5.97212426008513e-06 5.55597805565125e-06 1.2126655841897e-05 5.73568203415668e-06 5.3760041361803e-06 6.42065403816324e-06 1.13360179299977e-05 8.06447896973194e-06 5.07325378848986e-06 7.23686307912127e-06 6.58376082670251e-06 3.54017588720936e-07 1.02484154542721e-05 1.07325449878807e-05 1.01169084763551e-05 4.92374386246382e-06 4.80869885818235e-06 9.33554296286746e-06 9.34976083711013e-06 7.77181133504538e-06 8.60207648234506e-06 5.01881274360043e-06 5.40700899494777e-06 7.90242637687591e-06 8.09337543713295e-06 1.3977215725705e-05 9.25801729431573e-06 9.15183854775814e-06 8.95937604798944e-06 9.01841198964183e-06 7.87780127043582e-06 4.86524829443824e-06 -9999 -9999
4.66394658021179e-06 4.58109584671165e-06 4.58879973568779e-06 5.47785792694046e-06 4.8949285248612e-06 5.02538130709496e-06 5.03319336913561e-06 4.85527375449887e-06 4.67616472784826e-06 4.51021987145283e-06 4.60226138187038e-06 4.61358710172464e-06 4.99161951026972e-06 4.76480026182097e-06 4.78564127778617e-06 5.92871195081831e-06 5.85691699620689e-06 6.32161127199312e-06 5.60850001203712e-06 5.24452370983369e-06 5.18754207301551e-06 5.84640208264072e-06 6.00950837948424e-06 6.66544919145491e-06 7.94489266352402e-06 1.22307261970881e-05 1.33756623637873e-05 7.09557037243206e-06 5.62225864245137e-06 9.73063131351137e-06 1.20453991860111e-05 5.50761928716181e-06 5.46877532308756e-06 9.67221687528417e-06 5.24438849350305e-06 5.25228168534209e-06 5.06036005089595e-06 4.98064486117937e-06 8.4556209703042e-06 6.75616607352796e-06 4.84748873572434e-06 4.87124944103984e-06 4.897901809048e-06 4.87154642527149e-06 4.90968775612217e-06 8.81921915847759e-06 5.61393325005003e-06 8.44453814814935e-06 1.02671480788709e-05 5.39268245594484e-06 4.80434685911879e-06 4.81986281013559e-06 8.16062908981791e-06 1.07411948994755e-05 6.91402843522145e-06 7.36023347580408e-06 8.01733665652249e-06 8.62921612083927e-06 6.86553445040136e-06 6.45730848107265e-06 -9999 -9999
1.86873846563822e-05 1.0200488886345e-05 9.65191672464152e-06 1.56326913880173e-05 1.17121042067731e-05 6.64320241734681e-06 4.66997427838376e-06 4.66889303943441e-06 4.47818786026826e-06 4.50446211424638e-06 4.58671838758746e-06 4.65140391338179e-06 5.16391658403065e-06 6.01891550253068e-06 6.58557174214157e-06 7.42597368897738e-06 7.55453442597371e-06 8.43048253350344e-06 8.65349015651544e-06 6.8704543580536e-06 7.65452272306681e-06 7.83149631508483e-06 8.53939117485268e-06 9.01827726500694e-06 7.72169573764913e-06 6.98933753934221e-06 6.15080108617345e-06 5.83153467831524e-06 5.71602993850959e-06 1.12345968314956e-05 1.15612696524026e-05 8.33681842711823e-06 7.43043386110545e-06 5.54019167197318e-06 5.50102368040115e-06 5.22687232418431e-06 5.14118352282801e-06 5.01356880845041e-06 1.08565378713802e-05 7.41535011065095e-06 4.91220179648055e-06 4.90255128403896e-06 4.90103784452731e-06 7.94127034095015e-06 5.96490714989929e-06 4.90484897826831e-06 4.84292039053176e-06 4.70670985109155e-06 4.74085025364258e-06 4.68119231686926e-06 4.67700257740246e-06 4.79453457877619e-06 5.07422685437471e-06 4.68546318613443e-06 4.74114772956999e-06 4.64894395955567e-06 4.46310410981376e-06 4.43128844475821e-06 4.65221471966987e-06 4.48564835984925e-06 8.83224811240214e-06 5.73368132415898e-06
7.28441104132264e-06 1.15854896015465e-05 8.4530798866797e-06 1.14849338875605e-05 1.02600116067877e-05 6.82988011664293e-06 7.33147222473371e-06 6.434520841642e-06 6.14828704581508e-06 7.04553541313844e-06 6.48169068981333e-06 6.66390821698138e-06 6.43011475604619e-06 6.08781830275367e-06 5.73984473035734e-06 5.69286418504891e-06 5.78944699739291e-06 5.84669906687238e-06 5.90487060740018e-06 6.27360406596333e-06 6.26095322606882e-06 6.34412847876249e-06 6.40575959057163e-06 6.31028555213886e-06 6.10019821829116e-06 6.09168352302693e-06 5.92154892716471e-06 5.81988443926745e-06 5.8835698559108e-06 1.07695244416794e-05 5.92057586127987e-06 9.60269306333173e-06 1.24990386663001e-05 6.2996349305463e-06 6.45263196281556e-06 6.53442850063247e-06 7.46254700208841e-06 8.38890769124605e-06 7.09800328299205e-06 1.16510680468188e-05 5.72700507929569e-06 5.46828854429726e-06 1.09553097131933e-05 9.69559897487387e-06 9.04571388773281e-06 4.87357368683957e-06 4.81067203321817e-06 4.81399687986463e-06 4.74758107673388e-06 4.80715788370882e-06 4.74249940118062e-06 4.82283609432238e-06 6.79419873961838e-06 9.51270585774838e-06 8.26061738691101e-06 5.93233427339217e-06 4.90568682782252e-06 6.41749145111355e-06 6.93635633912793e-06 9.76001505139842e-06 5.45088054804302e-06 4.78399213024814e-06
6.92911218567595e-06 7.13487407203048e-06 7.64865728449159e-06 8.22788274250286e-06 1.36694377889936e-05 6.76038285626088e-06 8.72839410334003e-06 9.67924517430287e-06 7.82130592071219e-06 6.22848901432195e-06 5.58357693797388e-06 7.59545973814829e-06 1.11383119867748e-05 1.21609850556151e-05 6.30750107911921e-06 5.63882878915139e-06 6.08622324174789e-06 5.86813503469239e-06 6.08365511485726e-06 8.01220040274123e-06 8.32549270726397e-06 8.38247434408216e-06 8.28843261536265e-06 6.40440841065675e-06 6.22397475566163e-06 6.02370019385228e-06 5.91708875503664e-06 5.99991244527066e-06 5.95868965716867e-06 6.83561083058325e-06 7.75248425028757e-06 1.26613612001217e-05 1.24758188263072e-05 6.40394867513258e-06 6.96568549878698e-06 7.26738115909844e-06 1.24544910315517e-05 9.75904149381783e-06 8.16425141239177e-06 6.45363207196653e-06 5.47039693566372e-06 7.49311916859783e-06 1.14088400370262e-05 6.32120611469695e-06 6.75711209614668e-06 5.52818987046573e-06 5.46655875865659e-06 4.96796697801873e-06 4.77826190800356e-06 4.79007440664812e-06 4.69257261495152e-06 4.72438828000707e-06 7.31246916747369e-06 3.39412596269845e-07 3.08691581165175e-06 9.32583885558937e-06 8.89909611609518e-06 9.85640806918379e-06 1.01411559604609e-05 9.62266869478085e-06 5.96144708692219e-06 4.44145228756047e-06
7.61000262328024e-06 6.47733869074977e-06 5.59360556444551e-06 5.45904417254334e-06 1.20297209753975e-05 5.72289597793153e-06 5.4661801529308e-06 5.37700424533128e-06 5.53110906812028e-06 6.07173444314819e-06 1.37847797775067e-05 1.26242194867262e-05 8.2531032924935e-06 8.4225347634364e-06 7.87323292524324e-06 7.85255367717906e-06 7.91318517153298e-06 8.07958927175682e-06 8.27251150704969e-06 8.22574730787028e-06 8.19444546487115e-06 8.37304066946534e-06 8.16765738883661e-06 8.17268497785761e-06 8.08431987654617e-06 6.20053856953966e-06 6.09106201960175e-06 6.05554290217395e-06 5.93598363923215e-06 6.147476239527e-06 6.37026751640997e-06 7.1311435763921e-06 1.04594217674724e-05 7.01417948360706e-06 6.48320412932498e-06 6.88653772596333e-06 1.21928007206707e-05 1.22713264983734e-05 6.19475376906709e-06 5.98366681776416e-06 6.00458896352775e-06 6.36042819280124e-06 6.00412922800358e-06 5.93152346710408e-06 5.55754607339091e-06 5.72103097596022e-06 5.94552548691348e-06 5.9048976506663e-06 5.71546252161666e-06 5.19513778892714e-06 6.48109573795852e-06 9.85629989611928e-06 2.35548765585175e-06 1.87146875378646e-06 4.6951948283744e-06 4.69792472316605e-06 4.68627448411826e-06 4.63231972632338e-06 4.60888403189717e-06 4.56852613661552e-06 4.5374671913158e-06 4.49018966177571e-06
