Appendix_Data/App3-Native_Range_Info/Japan_ASCII/bio12.asc
NCOLS 192 
NROWS 175 
XLLCORNER 129.596700668 
YLLCORNER 31.009801865 
CELLSIZE 0.0833333333333333 
NODATA_value -3.4e+38 
[rows 87 to 115 of 175, columns 65 to 129 of 192]
-3.4e+38 -3.4e+38 -3.4e+38 -3.4e+38 -3.4e+38 -3.4e+38 -3.4e+38 -3.4e+38 -3.4e+38 -3.4e+38 -3.4e+38 -3.4e+38 -3.4e+38 -3.4e+38 -3.4e+38 -3.4e+38 -3.4e+38 -3.4e+38 -3.4e+38 -3.4e+38 -3.4e+38 -3.4e+38 -3.4e+38 -3.4e+38 -3.4e+38 -3.4e+38 -3.4e+38 -3.4e+38 -3.4e+38 -3.4e+38 -3.4e+38 -3.4e+38 -3.4e+38 -3.4e+38 -3.4e+38 -3.4e+38 -3.4e+38 -3.4e+38 -3.4e+38 -3.4e+38 -3.4e+38 -3.4e+38 -3.4e+38 -3.4e+38 -3.4e+38 -3.4e+38 -3.4e+38 -3.4e+38 -3.4e+38 -3.4e+38 -3.4e+38 -3.4e+38 -3.4e+38 2089 2077 1986 1930 1877 1913 1837 1738 1609 1530 1364 1354
-3.4e+38 -3.4e+38 -3.4e+38 -3.4e+38 -3.4e+38 -3.4e+38 -3.4e+38 -3.4e+38 -3.4e+38 -3.4e+38 -3.4e+38 -3.4e+38 -3.4e+38 -3.4e+38 -3.4e+38 -3.4e+38 -3.4e+38 -3.4e+38 -3.4e+38 -3.4e+38 -3.4e+38 -3.4e+38 -3.4e+38 -3.4e+38 -3.4e+38 -3.4e+38 -3.4e+38 -3.4e+38 -3.4e+38 -3.4e+38 -3.4e+38 -3.4e+38 -3.4e+38 -3.4e+38 -3.4e+38 -3.4e+38 -3.4e+38 -3.4e+38 -3.4e+38 -3.4e+38 -3.4e+38 -3.4e+38 -3.4e+38 -3.4e+38 -3.4e+38 -3.4e+38 -3.4e+38 -3.4e+38 -3.4e+38 -3.4e+38 -3.4e+38 -3.4e+38 -3.4e+38 2138 2066 1966 1895 1850 1821 1817 1691 1603 1567 1364 1481
-3.4e+38 -3.4e+38 -3.4e+38 -3.4e+38 -3.4e+38 -3.4e+38 -3.4e+38 -3.4e+38 -3.4e+38 -3.4e+38 -3.4e+38 -3.4e+38 -3.4e+38 -3.4e+38 -3.4e+38 -3.4e+38 -3.4e+38 -3.4e+38 -3.4e+38 -3.4e+38 -3.4e+38 -3.4e+38 -3.4e+38 -3.4e+38 -3.4e+38 -3.4e+38 -3.4e+38 -3.4e+38 -3.4e+38 -3.4e+38 -3.4e+38 -3.4e+38 -3.4e+38 -3.4e+38 -3.4e+38 -3.4e+38 -3.4e+38 -3.4e+38 -3.4e+38 -3.4e+38 -3.4e+38 -3.4e+38 -3.4e+38 -3.4e+38 -3.4e+38 -3.4e+38 -3.4e+38 -3.4e+38 -3.4e+38 -3.4e+38 -3.4e+38 -3.4e+38 2064 2071 2015 1908 1862 1824 1788 1721 1634 1587 1509 1401 1552
-3.4e+38 -3.4e+38 -3.4e+38 -3.4e+38 -3.4e+38 -3.4e+38 -3.4e+38 -3.4e+38 -3.4e+38 -3.4e+38 -3.4e+38 -3.4e+38 -3.4e+38 -3.4e+38 -3.4e+38 -3.4e+38 -3.4e+38 -3.4e+38 -3.4e+38 -3.4e+38 -3.4e+38 -3.4e+38 -3.4e+38 -3.4e+38 -3.4e+38 -3.4e+38 -3.4e+38 -3.4e+38 -3.4e+38 -3.4e+38 -3.4e+38 -3.4e+38 -3.4e+38 -3.4e+38 -3.4e+38 -3.4e+38 -3.4e+38 -3.4e+38 -3.4e+38 -3.4e+38 -3.4e+38 -3.4e+38 -3.4e+38 -3.4e+38 -3.4e+38 -3.4e+38 -3.4e+38 -3.4e+38 -3.4e+38 -3.4e+38 -3.4e+38 1971 1998 1973 1939 1876 1829 1774 1719 1663 1595 1504 1454 1495 1540
-3.4e+38 -3.4e+38 -3.4e+38 -3.4e+38 -3.4e+38 -3.4e+38 -3.4e+38 -3.4e+38 -3.4e+38 -3.4e+38 -3.4e+38 -3.4e+38 -3.4e+38 -3.4e+38 -3.4e+38 -3.4e+38 -3.4e+38 -3.4e+38 -3.4e+38 -3.4e+38 -3.4e+38 -3.4e+38 -3.4e+38 -3.4e+38 -3.4e+38 -3.4e+38 -3.4e+38 -3.4e+38 -3.4e+38 -3.4e+38 -3.4e+38 -3.4e+38 -3.4e+38 -3.4e+38 -3.4e+38 -3.4e+38 -3.4e+38 -3.4e+38 -3.4e+38 -3.4e+38 -3.4e+38 -3.4e+38 -3.4e+38 -3.4e+38 -3.4e+38 -3.4e+38 -3.4e+38 -3.4e+38 1865 1879 1908 1926 1933 1904 1852 1849 1769 1719 1664 1606 1538 1459 1423 1508 1425
-3.4e+38 -3.4e+38 -3.4e+38 -3.4e+38 -3.4e+38 -3.4e+38 -3.4e+38 -3.4e+38 -3.4e+38 -3.4e+38 -3.4e+38 -3.4e+38 -3.4e+38 -3.4e+38 -3.4e+38 -3.4e+38 -3.4e+38 -3.4e+38 -3.4e+38 -3.4e+38 -3.4e+38 -3.4e+38 -3.4e+38 -3.4e+38 -3.4e+38 -3.4e+38 -3.4e+38 -3.4e+38 -3.4e+38 -3.4e+38 -3.4e+38 -3.4e+38 -3.4e+38 -3.4e+38 -3.4e+38 -3.4e+38 -3.4e+38 -3.4e+38 -3.4e+38 -3.4e+38 -3.4e+38 -3.4e+38 -3.4e+38 -3.4e+38 -3.4e+38 -3.4e+38 1957 1922 1879 1869 1884 1888 1879 1856 1844 1941 1918 1722 1654 1606 1508 1435 1445 1564 1400
-3.4e+38 -3.4e+38 -3.4e+38 -3.4e+38 -3.4e+38 -3.4e+38 -3.4e+38 -3.4e+38 -3.4e+38 -3.4e+38 -3.4e+38 -3.4e+38 -3.4e+38 -3.4e+38 -3.4e+38 -3.4e+38 -3.4e+38 -3.4e+38 -3.4e+38 -3.4e+38 -3.4e+38 -3.4e+38 -3.4e+38 -3.4e+38 -3.4e+38 -3.4e+38 -3.4e+38 -3.4e+38 -3.4e+38 -3.4e+38 -3.4e+38 -3.4e+38 -3.4e+38 -3.4e+38 -3.4e+38 -3.4e+38 -3.4e+38 -3.4e+38 -3.4e+38 -3.4e+38 -3.4e+38 -3.4e+38 -3.4e+38 -3.4e+38 -3.4e+38 2027 2001 1962 1918 1894 1879 1865 1841 1799 1792 1823 1795 1698 1703 1732 1654 1682 1719 1517 1283
-3.4e+38 -3.4e+38 -3.4e+38 -3.4e+38 -3.4e+38 -3.4e+38 -3.4e+38 -3.4e+38 -3.4e+38 -3.4e+38 -3.4e+38 -3.4e+38 -3.4e+38 -3.4e+38 -3.4e+38 -3.4e+38 -3.4e+38 -3.4e+38 -3.4e+38 -3.4e+38 -3.4e+38 -3.4e+38 -3.4e+38 -3.4e+38 -3.4e+38 -3.4e+38 -3.4e+38 -3.4e+38 -3.4e+38 -3.4e+38 -3.4e+38 -3.4e+38 -3.4e+38 -3.4e+38 -3.4e+38 -3.4e+38 -3.4e+38 -3.4e+38 -3.4e+38 -3.4e+38 -3.4e+38 -3.4e+38 -3.4e+38 -3.4e+38 -3.4e+38 2074 2063 2018 1968 1927 1882 1850 1803 1752 1698 1662 1619 1532 1470 1569 1646 1803 1913 1646 1266
-3.4e+38 -3.4e+38 -3.4e+38 -3.4e+38 -3.4e+38 -3.4e+38 -3.4e+38 -3.4e+38 -3.4e+38 -3.4e+38 -3.4e+38 -3.4e+38 -3.4e+38 -3.4e+38 -3.4e+38 -3.4e+38 -3.4e+38 -3.4e+38 -3.4e+38 -3.4e+38 -3.4e+38 -3.4e+38 -3.4e+38 -3.4e+38 -3.4e+38 -3.4e+38 -3.4e+38 -3.4e+38 -3.4e+38 -3.4e+38 -3.4e+38 -3.4e+38 -3.4e+38 -3.4e+38 -3.4e+38 -3.4e+38 -3.4e+38 -3.4e+38 -3.4e+38 -3.4e+38 -3.4e+38 -3.4e+38 -3.4e+38 -3.4e+38 2213 2173 2136 2079 2011 1948 1882 1835 1791 1708 1649 1577 1515 1441 1375 1448 1698 1547 1571 1746 1334
-3.4e+38 -3.4e+38 -3.4e+38 -3.4e+38 -3.4e+38 -3.4e+38 -3.4e+38 -3.4e+38 -3.4e+38 -3.4e+38 -3.4e+38 -3.4e+38 -3.4e+38 -3.4e+38 -3.4e+38 -3.4e+38 -3.4e+38 -3.4e+38 -3.4e+38 -3.4e+38 -3.4e+38 -3.4e+38 -3.4e+38 -3.4e+38 -3.4e+38 -3.4e+38 2218 2212 2219 -3.4e+38 -3.4e+38 -3.4e+38 -3.4e+38 -3.4e+38 -3.4e+38 -3.4e+38 -3.4e+38 -3.4e+38 -3.4e+38 -3.4e+38 -3.4e+38 -3.4e+38 -3.4e+38 2287 2258 2242 2211 2130 2042 1953 1876 1840 1768 1729 1659 1564 1475 1387 1303 1308 1395 1408 1575 1379 1241
-3.4e+38 -3.4e+38 -3.4e+38 -3.4e+38 -3.4e+38 -3.4e+38 -3.4e+38 -3.4e+38 -3.4e+38 -3.4e+38 -3.4e+38 -3.4e+38 -3.4e+38 -3.4e+38 -3.4e+38 -3.4e+38 -3.4e+38 -3.4e+38 -3.4e+38 -3.4e+38 -3.4e+38 -3.4e+38 -3.4e+38 -3.4e+38 2267 2226 2222 2236 2238 -3.4e+38 -3.4e+38 -3.4e+38 -3.4e+38 -3.4e+38 -3.4e+38 -3.4e+38 -3.4e+38 -3.4e+38 -3.4e+38 -3.4e+38 -3.4e+38 -3.4e+38 -3.4e+38 2315 2276 2314 2274 2104 2013 1914 1864 1816 1813 1715 1620 1561 1478 1406 1266 1369 1380 1359 1418 1247 1218
-3.4e+38 -3.4e+38 -3.4e+38 -3.4e+38 -3.4e+38 -3.4e+38 -3.4e+38 -3.4e+38 -3.4e+38 -3.4e+38 -3.4e+38 -3.4e+38 -3.4e+38 -3.4e+38 -3.4e+38 -3.4e+38 -3.4e+38 -3.4e+38 -3.4e+38 -3.4e+38 -3.4e+38 2299 2295 2252 2259 2255 2257 2280 -3.4e+38 -3.4e+38 -3.4e+38 -3.4e+38 -3.4e+38 -3.4e+38 -3.4e+38 -3.4e+38 -3.4e+38 -3.4e+38 -3.4e+38 -3.4e+38 -3.4e+38 2349 2356 2334 2282 2317 2151 2002 1964 1908 1890 1802 1746 1677 1639 1625 1680 1501 1452 1460 1518 1430 1418 1239 1227
-3.4e+38 -3.4e+38 -3.4e+38 -3.4e+38 -3.4e+38 -3.4e+38 -3.4e+38 -3.4e+38 -3.4e+38 -3.4e+38 -3.4e+38 -3.4e+38 -3.4e+38 -3.4e+38 -3.4e+38 -3.4e+38 -3.4e+38 -3.4e+38 -3.4e+38 -3.4e+38 2336 2321 2314 2297 2290 2288 2278 2286 -3.4e+38 -3.4e+38 -3.4e+38 -3.4e+38 -3.4e+38 -3.4e+38 -3.4e+38 -3.4e+38 -3.4e+38 -3.4e+38 -3.4e+38 -3.4e+38 2450 2227 2215 2262 2234 2217 2144 2041 1942 1884 1874 1815 1746 1713 1703 1636 1749 1730 1488 1551 1578 1497 1315 1264 1259
-3.4e+38 -3.4e+38 -3.4e+38 -3.4e+38 -3.4e+38 -3.4e+38 -3.4e+38 -3.4e+38 -3.4e+38 -3.4e+38 -3.4e+38 -3.4e+38 -3.4e+38 -3.4e+38 -3.4e+38 -3.4e+38 -3.4e+38 -3.4e+38 -3.4e+38 -3.4e+38 2364 2332 2338 2338 2330 -3.4e+38 -3.4e+38 -3.4e+38 -3.4e+38 -3.4e+38 -3.4e+38 -3.4e+38 -3.4e+38 -3.4e+38 -3.4e+38 -3.4e+38 -3.4e+38 -3.4e+38 2586 2548 2461 2291 2066 2137 2126 2122 2047 2026 1914 1866 1893 1930 1909 1893 1719 1856 1655 1547 1571 1857 1630 1435 1348 1309 1306
-3.4e+38 -3.4e+38 -3.4e+38 -3.4e+38 -3.4e+38 -3.4e+38 -3.4e+38 -3.4e+38 -3.4e+38 -3.4e+38 -3.4e+38 -3.4e+38 -3.4e+38 -3.4e+38 -3.4e+38 -3.4e+38 -3.4e+38 -3.4e+38 -3.4e+38 -3.4e+38 2393 2379 2374 2364 2361 -3.4e+38 -3.4e+38 -3.4e+38 -3.4e+38 -3.4e+38 -3.4e+38 -3.4e+38 -3.4e+38 -3.4e+38 -3.4e+38 2286 2157 2242 2417 2550 2356 2174 2021 2022 2014 1980 1943 1926 1916 1939 1906 1944 2054 1918 1835 1946 1760 1799 1900 1995 1599 1419 1385 1367 1353
-3.4e+38 -3.4e+38 -3.4e+38 -3.4e+38 -3.4e+38 -3.4e+38 -3.4e+38 -3.4e+38 -3.4e+38 -3.4e+38 -3.4e+38 -3.4e+38 -3.4e+38 -3.4e+38 -3.4e+38 -3.4e+38 -3.4e+38 -3.4e+38 -3.4e+38 -3.4e+38 2412 2409 2393 2381 2353 -3.4e+38 -3.4e+38 -3.4e+38 -3.4e+38 -3.4e+38 -3.4e+38 -3.4e+38 2135 2110 2148 1956 1856 1708 2026 2288 1897 1743 1716 1836 1882 1823 1893 1846 1900 2023 2007 2018 2108 2010 1969 1968 1860 2007 1897 1515 1447 1411 1452 1450 1397
-3.4e+38 -3.4e+38 -3.4e+38 -3.4e+38 -3.4e+38 -3.4e+38 -3.4e+38 -3.4e+38 -3.4e+38 -3.4e+38 -3.4e+38 -3.4e+38 -3.4e+38 -3.4e+38 -3.4e+38 -3.4e+38 -3.4e+38 -3.4e+38 -3.4e+38 -3.4e+38 -3.4e+38 2428 2398 2324 2359 -3.4e+38 -3.4e+38 -3.4e+38 -3.4e+38 2271 2216 1939 1799 1727 1857 1640 1709 1604 1737 1745 1585 1640 1671 1694 1710 1751 1767 1902 1912 1986 2095 2138 2148 2188 2082 1958 1900 1891 1685 1459 1419 1400 1483 1578 1456
-3.4e+38 -3.4e+38 -3.4e+38 -3.4e+38 -3.4e+38 -3.4e+38 -3.4e+38 -3.4e+38 -3.4e+38 -3.4e+38 -3.4e+38 -3.4e+38 -3.4e+38 -3.4e+38 -3.4e+38 -3.4e+38 -3.4e+38 -3.4e+38 -3.4e+38 -3.4e+38 -3.4e+38 2449 2399 2399 2393 -3.4e+38 -3.4e+38 -3.4e+38 2305 2241 2078 1755 1747 1656 1596 1607 1794 1707 1434 1459 1585 1596 1698 1654 1855 1702 1745 1895 1830 1960 2099 2122 2214 2151 2082 2000 1890 1961 1609 1446 1415 1414 1503 1532 1443
-3.4e+38 -3.4e+38 -3.4e+38 -3.4e+38 -3.4e+38 -3.4e+38 -3.4e+38 -3.4e+38 -3.4e+38 -3.4e+38 -3.4e+38 -3.4e+38 -3.4e+38 -3.4e+38 -3.4e+38 -3.4e+38 -3.4e+38 -3.4e+38 -3.4e+38 -3.4e+38 2487 2414 2382 2404 2386 2380 2368 2338 2283 2064 1802 1680 1924 1975 1572 1547 1765 1599 1329 1346 1407 1575 1820 1758 1886 1764 1794 1716 1791 2013 1935 2087 2244 2225 2216 1988 1711 1611 1505 1446 1427 1409 1452 1447 1438
-3.4e+38 -3.4e+38 -3.4e+38 -3.4e+38 -3.4e+38 -3.4e+38 -3.4e+38 -3.4e+38 -3.4e+38 -3.4e+38 -3.4e+38 -3.4e+38 -3.4e+38 -3.4e+38 -3.4e+38 -3.4e+38 -3.4e+38 -3.4e+38 -3.4e+38 2528 2507 2455 2427 2417 2387 2369 2353 2310 2209 1847 1763 1747 1871 1820 1427 1459 1412 1425 1248 1277 1310 1610 1930 1798 1792 1629 1583 1606 1643 1742 1824 2039 2158 2119 2057 1887 1634 1541 1504 1450 1431 1413 1466 1503 1456
-3.4e+38 -3.4e+38 -3.4e+38 -3.4e+38 -3.4e+38 -3.4e+38 -3.4e+38 -3.4e+38 -3.4e+38 -3.4e+38 -3.4e+38 -3.4e+38 -3.4e+38 -3.4e+38 -3.4e+38 -3.4e+38 -3.4e+38 -3.4e+38 -3.4e+38 2545 2521 2465 2442 2404 2336 2325 2296 2193 1965 1722 1819 2025 1916 1804 1369 1283 1258 1191 1174 1205 1375 1777 1847 1475 1501 1433 1473 1538 1510 1626 1782 2007 2000 1968 1941 1719 1552 1529 1471 1443 1428 1413 1442 1446 1426
-3.4e+38 -3.4e+38 -3.4e+38 -3.4e+38 -3.4e+38 -3.4e+38 -3.4e+38 -3.4e+38 -3.4e+38 -3.4e+38 -3.4e+38 -3.4e+38 -3.4e+38 -3.4e+38 -3.4e+38 -3.4e+38 -3.4e+38 -3.4e+38 2545 2539 2494 2361 2421 2302 2146 2176 2107 1920 1796 1775 1897 2060 2032 1528 1328 1226 1211 1147 1173 1406 1702 1670 1377 1352 1346 1332 1381 1392 1412 1676 1815 1640 1743 1833 1668 1534 1455 1439 1431 1419 1407 1412 1409 1423 1399
-3.4e+38 -3.4e+38 -3.4e+38 -3.4e+38 -3.4e+38 -3.4e+38 -3.4e+38 -3.4e+38 -3.4e+38 -3.4e+38 -3.4e+38 -3.4e+38 -3.4e+38 -3.4e+38 -3.4e+38 -3.4e+38 -3.4e+38 2528 2530 2466 2367 2286 2229 2144 2040 1957 1927 1829 1831 1850 2188 2215 1911 1541 1235 1183 1241 1175 1179 1247 1582 1618 1511 1512 1351 1284 1449 1316 1297 1362 1412 1408 1507 1518 1502 1482 1404 1386 1388 1383 1375 1412 1445 1418 1390
-3.4e+38 -3.4e+38 -3.4e+38 -3.4e+38 -3.4e+38 -3.4e+38 -3.4e+38 -3.4e+38 -3.4e+38 -3.4e+38 -3.4e+38 -3.4e+38 -3.4e+38 -3.4e+38 -3.4e+38 2506 2512 2518 2493 2425 2250 2169 2171 2077 2007 1939 1894 1817 1763 1858 2167 2249 2128 1610 1176 1146 1294 1154 1067 1075 1253 1585 1611 1441 1253 1186 1220 1247 1250 1255 1272 1287 1304 1327 1338 1372 1353 1347 1352 1349 1354 1382 1386 1370 1376
-3.4e+38 -3.4e+38 -3.4e+38 -3.4e+38 -3.4e+38 -3.4e+38 -3.4e+38 -3.4e+38 -3.4e+38 -3.4e+38 -3.4e+38 -3.4e+38 -3.4e+38 -3.4e+38 2490 2495 2499 2482 2434 2355 2237 2154 2154 2066 2006 1962 1868 1797 1716 1739 1982 2142 2122 1692 1157 1131 1425 1348 1173 1114 1115 1122 1237 1293 1167 1161 1206 1227 1244 1249 1257 1259 1261 1260 1283 1304 1317 1326 1326 1321 1320 1405 1379 1350 1362
-3.4e+38 -3.4e+38 -3.4e+38 -3.4e+38 -3.4e+38 -3.4e+38 -3.4e+38 -3.4e+38 -3.4e+38 -3.4e+38 -3.4e+38 -3.4e+38 -3.4e+38 2473 2479 2473 2431 2391 2300 2282 2213 2215 2149 2096 2010 1956 1886 1792 1742 1800 1866 1981 1953 1584 1159 1084 1427 1752 1383 1341 1231 1148 1249 1304 1153 1153 1174 1188 1234 1259 1267 1269 1269 1278 1290 1307 1314 1319 1316 1309 1302 1405 1324 1334 1359
-3.4e+38 -3.4e+38 -3.4e+38 -3.4e+38 -3.4e+38 -3.4e+38 -3.4e+38 -3.4e+38 -3.4e+38 -3.4e+38 -3.4e+38 -3.4e+38 2427 2453 2465 2462 2391 2358 2327 2250 2213 2274 2143 2081 2023 1958 1884 1804 1765 1896 2271 1916 1734 1756 1337 1182 1529 1606 1685 1847 1623 1266 1423 1448 1243 1364 1283 1227 1244 1281 1297 1301 1299 1306 1315 1321 1326 1322 1314 1301 1291 1288 1301 1327 1356
-3.4e+38 -3.4e+38 -3.4e+38 -3.4e+38 -3.4e+38 -3.4e+38 -3.4e+38 -3.4e+38 -3.4e+38 -3.4e+38 -3.4e+38 -3.4e+38 2394 2431 2447 2435 2401 2405 2379 2245 2214 2183 2132 2090 2040 1990 1932 1845 1824 1822 1916 1941 1899 1848 1545 1416 1350 1382 1447 1782 2044 1490 1477 1714 1483 1435 1318 1215 1273 1314 1344 1343 1344 1346 1349 1349 1344 1336 1325 1308 1291 1277 1300 1333 1362
-3.4e+38 -3.4e+38 -3.4e+38 -3.4e+38 -3.4e+38 -3.4e+38 -3.4e+38 -3.4e+38 -3.4e+38 -3.4e+38 -3.4e+38 2368 2383 2418 2419 2389 2371 2366 2372 2298 2236 2201 2191 2113 2070 2015 1958 1892 1913 2036 1892 1811 1835 1665 1757 1453 1473 1552 1424 1701 2134 1692 1672 1799 1905 1631 1402 1300 1321 1400 1391 1389 1390 1391 1386 1380 1373 1362 1347 1327 1310 1305 1323 1355 1383
