Appendix_Data/App3-Native_Range_Info/Japan_ASCII/bio12.asc
NCOLS 192 
NROWS 175 
XLLCORNER 129.596700668 
YLLCORNER 31.009801865 
CELLSIZE 0.0833333333333333 
NODATA_value -3.4e+38 
[rows 116 to 144 of 175, columns 65 to 129 of 192]
-3.4e+38 -3.4e+38 -3.4e+38 -3.4e+38 -3.4e+38 -3.4e+38 -3.4e+38 -3.4e+38 -3.4e+38 -3.4e+38 -3.4e+38 -3.4e+38 2361 2376 2374 2345 2321 2273 2285 2273 2263 2214 2318 2156 2126 2043 2008 1948 2005 2247 1964 1739 1662 1799 1785 1394 1499 1674 1739 1434 1462 1472 1664 2128 2098 1904 1891 1753 1634 1501 1415 1434 1451 1444 1423 1412 1400 1393 1374 1357 1342 1335 1351 1375 1410
-3.4e+38 -3.4e+38 2077 -3.4e+38 -3.4e+38 -3.4e+38 -3.4e+38 -3.4e+38 -3.4e+38 -3.4e+38 -3.4e+38 -3.4e+38 2351 2306 2317 2286 2267 2257 2266 2251 2233 2226 2291 2368 2196 2125 2053 1991 2029 1973 1887 1781 1717 2254 1917 1444 1559 1731 2056 1583 1298 1333 1595 1764 1619 1748 1694 1568 1565 1497 1456 1467 1491 1488 1457 1437 1426 1419 1400 1386 1373 1373 1388 1414 1449
2030 2040 2062 2035 -3.4e+38 2034 -3.4e+38 -3.4e+38 -3.4e+38 -3.4e+38 -3.4e+38 2277 2276 2251 2234 2238 2237 2249 2255 2267 2253 2295 2291 2389 2260 2219 2115 2008 1954 1971 1991 1851 1765 2236 1805 1529 1745 1939 2356 2148 1651 1268 1294 1419 1307 1621 1891 1591 1585 1523 1499 1483 1490 1486 1473 1459 1443 1428 1418 1405 1402 1404 1422 1457 1494
1999 2001 2010 1987 -3.4e+38 1984 -3.4e+38 -3.4e+38 -3.4e+38 2163 2164 2202 2236 2196 2178 2199 2200 2211 2226 2249 2279 2305 2279 2361 2315 2225 2140 2054 1988 1927 1917 1830 1985 2129 1739 1605 1783 2066 2419 2013 1774 1335 1283 1316 1441 1621 1636 1510 1553 1525 1549 1515 1499 1487 1481 1472 1463 1447 1435 1430 1416 1433 1469 1509 1540
1954 1930 1921 1919 1943 1962 1948 1996 2049 2054 2095 2107 2115 2111 2108 2143 2187 2171 2149 2155 2174 2187 2203 2220 2220 2176 2135 2083 2033 1955 1908 1940 1975 1829 1662 1753 1894 2230 2393 1950 1823 1438 1500 1619 1766 1769 1616 1677 1725 1687 1621 1550 1502 1486 1492 1498 1495 1489 -3.4e+38 -3.4e+38 1495 1495 1534 1568 1588
1912 1905 1875 1855 1869 1919 1931 1950 1972 2002 2018 2050 2031 2020 2007 2013 2112 2122 2055 2011 2024 2043 2043 2043 2032 2058 2103 2088 2028 2007 2032 2107 1936 1793 1783 1937 2133 2412 2249 2013 1689 1552 1724 1764 1836 1767 1831 1847 1799 1908 1825 1603 1516 1499 1526 1544 1538 1517 1554 1553 1556 1572 1614 1627 1648
1850 1811 1799 1818 1851 1899 1935 1935 1951 1985 1962 1945 1929 1913 1899 1895 1945 1978 1928 1913 1920 1914 1899 1910 1954 1966 1986 2040 2112 2101 2134 2176 2063 1919 1910 1961 2086 2312 2168 1981 1846 1708 1855 1843 2424 2156 1898 1815 1769 1737 1681 1619 1579 1565 1578 1587 1571 -3.4e+38 1600 1605 1626 1660 1689 1707 1724
1752 1736 1738 1765 1807 1857 1865 1900 1948 1971 1964 1906 1840 1818 1796 1833 1978 1911 1921 1831 1826 1807 1777 1762 1817 1897 2052 2123 2130 2165 2160 2151 2116 2017 1991 2058 2247 2214 2069 2101 1939 1817 1822 1834 2022 2031 1940 1917 1943 1755 1716 1677 1634 1616 1627 1649 1649 1622 1647 1691 1721 1754 1783 1795 1806
1699 1684 1707 1729 1752 1775 1810 1829 1879 1944 1944 1789 1766 1744 1729 1771 1989 1900 1906 1803 1750 1723 1682 1642 1667 1834 1916 1960 2125 2225 2235 2209 2178 2114 2083 2108 2220 2090 2035 2001 1984 1931 1922 1928 1930 2020 1942 1993 2063 1906 1758 -3.4e+38 -3.4e+38 -3.4e+38 -3.4e+38 1714 1685 1735 1739 1766 1803 1852 1875 1893 1889
1628 1657 1689 1706 1720 1708 1744 1797 1836 1834 1776 1727 1707 1695 1694 1817 1953 1954 1752 1758 1706 1672 1629 1594 1611 1671 1741 1920 2228 2301 2310 2289 2238 2160 2142 2175 2172 2059 2068 2027 2028 2015 2020 2016 1973 1939 1923 1956 2051 1913 -3.4e+38 -3.4e+38 -3.4e+38 -3.4e+38 -3.4e+38 1782 1772 1757 1801 1856 1857 1872 1911 1936 1930
1604 1638 1659 1692 1743 1700 1679 1757 1743 1737 1715 1679 1667 1660 1664 1745 2057 1900 1715 1714 1692 1655 1612 1589 1581 1606 1709 2070 2263 2329 2249 2299 2230 2224 2181 2157 2142 2112 2105 2101 2131 2134 2110 -3.4e+38 -3.4e+38 2053 2010 2021 2102 2036 2025 -3.4e+38 -3.4e+38 -3.4e+38 -3.4e+38 -3.4e+38 -3.4e+38 1828 1843 1870 1884 1879 -3.4e+38 -3.4e+38 -3.4e+38
1522 1548 1574 1609 1624 1662 1686 1708 1686 1673 1678 1659 1717 1675 1653 1756 1936 1798 1715 1720 -3.4e+38 -3.4e+38 1635 1601 1579 1580 1664 1888 2181 2277 2074 2161 2268 2213 2156 2182 2184 2154 2153 2166 2222 2198 2160 -3.4e+38 -3.4e+38 2139 2165 2106 2178 2151 -3.4e+38 -3.4e+38 -3.4e+38 -3.4e+38 -3.4e+38 -3.4e+38 -3.4e+38 1930 1923 1920 -3.4e+38 -3.4e+38 -3.4e+38 -3.4e+38 -3.4e+38
1439 1475 1508 1556 1547 1606 1601 1595 1602 1608 1629 1714 1734 1697 1647 1793 1749 1708 1724 1730 -3.4e+38 -3.4e+38 1664 1625 1599 1592 1679 1811 1908 1912 2013 2113 2118 2081 2131 2150 2194 2155 2162 2180 2204 -3.4e+38 -3.4e+38 -3.4e+38 -3.4e+38 2150 2264 2284 2300 2216 -3.4e+38 -3.4e+38 -3.4e+38 -3.4e+38 -3.4e+38 -3.4e+38 -3.4e+38 -3.4e+38 1964 1943 -3.4e+38 -3.4e+38 -3.4e+38 -3.4e+38 -3.4e+38
1400 1509 1611 1616 1470 1473 1488 1516 1557 1554 1624 1704 1741 1659 1677 1917 1856 1735 1743 1742 -3.4e+38 -3.4e+38 1721 1695 1628 1667 1629 1714 1781 1929 1940 2003 2030 2045 2076 2094 2121 2151 2151 2164 -3.4e+38 -3.4e+38 -3.4e+38 -3.4e+38 -3.4e+38 2132 2280 2263 2242 -3.4e+38 -3.4e+38 -3.4e+38 -3.4e+38 -3.4e+38 -3.4e+38 -3.4e+38 -3.4e+38 -3.4e+38 -3.4e+38 -3.4e+38 -3.4e+38 -3.4e+38 -3.4e+38 -3.4e+38 -3.4e+38
1359 1463 1503 1463 1457 1458 1458 1509 1577 1533 1636 1739 1696 1679 1791 2005 1825 1812 1822 -3.4e+38 -3.4e+38 -3.4e+38 1771 1758 -3.4e+38 -3.4e+38 1786 1785 1838 1917 1950 1995 2041 2062 2081 2110 2124 2133 2136 2140 -3.4e+38 -3.4e+38 -3.4e+38 -3.4e+38 2135 2146 2173 2149 2145 -3.4e+38 -3.4e+38 -3.4e+38 -3.4e+38 -3.4e+38 -3.4e+38 -3.4e+38 -3.4e+38 -3.4e+38 -3.4e+38 -3.4e+38 -3.4e+38 -3.4e+38 -3.4e+38 -3.4e+38 -3.4e+38
1319 1373 1394 -3.4e+38 -3.4e+38 1522 1502 1562 1606 1594 1767 1925 1893 1861 2021 1997 1954 1948 1960 2020 -3.4e+38 -3.4e+38 -3.4e+38 -3.4e+38 1814 1812 1805 1829 1877 1893 -3.4e+38 -3.4e+38 2062 2077 2089 -3.4e+38 2113 2119 2118 -3.4e+38 -3.4e+38 -3.4e+38 -3.4e+38 -3.4e+38 -3.4e+38 2058 2049 2100 -3.4e+38 -3.4e+38 -3.4e+38 -3.4e+38 -3.4e+38 -3.4e+38 -3.4e+38 -3.4e+38 -3.4e+38 -3.4e+38 -3.4e+38 -3.4e+38 -3.4e+38 -3.4e+38 -3.4e+38 -3.4e+38 -3.4e+38
1325 -3.4e+38 -3.4e+38 -3.4e+38 1588 1606 1605 1632 1678 1713 1847 1995 2069 2168 2196 2172 2204 2161 2121 2117 2144 2159 2090 -3.4e+38 1880 -3.4e+38 -3.4e+38 -3.4e+38 -3.4e+38 -3.4e+38 -3.4e+38 -3.4e+38 -3.4e+38 -3.4e+38 -3.4e+38 -3.4e+38 -3.4e+38 -3.4e+38 -3.4e+38 -3.4e+38 -3.4e+38 -3.4e+38 -3.4e+38 -3.4e+38 -3.4e+38 -3.4e+38 -3.4e+38 -3.4e+38 -3.4e+38 -3.4e+38 -3.4e+38 -3.4e+38 -3.4e+38 -3.4e+38 -3.4e+38 -3.4e+38 -3.4e+38 -3.4e+38 -3.4e+38 -3.4e+38 -3.4e+38 -3.4e+38 -3.4e+38 -3.4e+38 -3.4e+38
-3.4e+38 -3.4e+38 -3.4e+38 1568 1602 1651 1699 1800 1897 1878 2075 2104 2239 2301 2358 2347 2339 2327 2314 2294 2288 2275 2225 -3.4e+38 -3.4e+38 -3.4e+38 -3.4e+38 -3.4e+38 -3.4e+38 -3.4e+38 -3.4e+38 -3.4e+38 -3.4e+38 -3.4e+38 -3.4e+38 -3.4e+38 -3.4e+38 -3.4e+38 -3.4e+38 -3.4e+38 -3.4e+38 -3.4e+38 -3.4e+38 -3.4e+38 -3.4e+38 -3.4e+38 -3.4e+38 -3.4e+38 -3.4e+38 -3.4e+38 -3.4e+38 -3.4e+38 -3.4e+38 -3.4e+38 -3.4e+38 -3.4e+38 -3.4e+38 -3.4e+38 -3.4e+38 -3.4e+38 -3.4e+38 -3.4e+38 -3.4e+38 -3.4e+38 -3.4e+38
-3.4e+38 -3.4e+38 1531 1585 1688 1859 1940 1953 1984 2050 2165 2274 2417 2468 2460 2500 2532 2529 2518 2487 2447 2399 2333 -3.4e+38 -3.4e+38 -3.4e+38 -3.4e+38 -3.4e+38 -3.4e+38 -3.4e+38 -3.4e+38 -3.4e+38 -3.4e+38 -3.4e+38 -3.4e+38 -3.4e+38 -3.4e+38 -3.4e+38 -3.4e+38 -3.4e+38 -3.4e+38 -3.4e+38 -3.4e+38 -3.4e+38 -3.4e+38 -3.4e+38 -3.4e+38 -3.4e+38 -3.4e+38 -3.4e+38 -3.4e+38 -3.4e+38 -3.4e+38 -3.4e+38 -3.4e+38 -3.4e+38 -3.4e+38 -3.4e+38 -3.4e+38 -3.4e+38 -3.4e+38 -3.4e+38 -3.4e+38 -3.4e+38 -3.4e+38
1499 1531 1601 1660 1757 1835 1914 2026 2138 2249 2401 2480 2501 2562 2622 2649 2720 2726 2681 2630 2541 2511 2459 -3.4e+38 -3.4e+38 -3.4e+38 -3.4e+38 -3.4e+38 -3.4e+38 -3.4e+38 -3.4e+38 -3.4e+38 -3.4e+38 -3.4e+38 -3.4e+38 -3.4e+38 -3.4e+38 -3.4e+38 -3.4e+38 -3.4e+38 -3.4e+38 -3.4e+38 -3.4e+38 -3.4e+38 -3.4e+38 -3.4e+38 -3.4e+38 -3.4e+38 -3.4e+38 -3.4e+38 -3.4e+38 -3.4e+38 -3.4e+38 -3.4e+38 -3.4e+38 -3.4e+38 -3.4e+38 -3.4e+38 -3.4e+38 -3.4e+38 -3.4e+38 -3.4e+38 -3.4e+38 -3.4e+38 -3.4e+38
-3.4e+38 1521 1572 1670 1816 2017 2162 2301 2328 2413 2536 2605 2610 2657 2815 3043 2973 2899 2850 -3.4e+38 -3.4e+38 -3.4e+38 -3.4e+38 -3.4e+38 -3.4e+38 -3.4e+38 -3.4e+38 -3.4e+38 -3.4e+38 -3.4e+38 -3.4e+38 -3.4e+38 -3.4e+38 -3.4e+38 -3.4e+38 -3.4e+38 -3.4e+38 -3.4e+38 -3.4e+38 -3.4e+38 -3.4e+38 -3.4e+38 -3.4e+38 -3.4e+38 -3.4e+38 -3.4e+38 -3.4e+38 -3.4e+38 -3.4e+38 -3.4e+38 -3.4e+38 -3.4e+38 -3.4e+38 -3.4e+38 -3.4e+38 -3.4e+38 -3.4e+38 -3.4e+38 -3.4e+38 -3.4e+38 -3.4e+38 -3.4e+38 -3.4e+38 -3.4e+38 -3.4e+38
-3.4e+38 1642 1766 1864 1980 2119 2266 2412 2442 2487 2618 2651 2708 2780 3258 3386 -3.4e+38 -3.4e+38 -3.4e+38 -3.4e+38 -3.4e+38 -3.4e+38 -3.4e+38 -3.4e+38 -3.4e+38 -3.4e+38 -3.4e+38 -3.4e+38 -3.4e+38 -3.4e+38 -3.4e+38 -3.4e+38 -3.4e+38 -3.4e+38 -3.4e+38 -3.4e+38 -3.4e+38 -3.4e+38 -3.4e+38 -3.4e+38 -3.4e+38 -3.4e+38 -3.4e+38 -3.4e+38 -3.4e+38 -3.4e+38 -3.4e+38 -3.4e+38 -3.4e+38 -3.4e+38 -3.4e+38 -3.4e+38 -3.4e+38 -3.4e+38 -3.4e+38 -3.4e+38 -3.4e+38 -3.4e+38 -3.4e+38 -3.4e+38 -3.4e+38 -3.4e+38 -3.4e+38 -3.4e+38 -3.4e+38
-3.4e+38 1657 1751 1901 2094 2268 2425 2488 2494 2570 2644 2800 2820 2888 3371 3587 -3.4e+38 -3.4e+38 -3.4e+38 -3.4e+38 -3.4e+38 -3.4e+38 -3.4e+38 -3.4e+38 -3.4e+38 -3.4e+38 -3.4e+38 -3.4e+38 -3.4e+38 -3.4e+38 -3.4e+38 -3.4e+38 -3.4e+38 -3.4e+38 -3.4e+38 -3.4e+38 -3.4e+38 -3.4e+38 -3.4e+38 -3.4e+38 -3.4e+38 -3.4e+38 -3.4e+38 -3.4e+38 -3.4e+38 -3.4e+38 -3.4e+38 -3.4e+38 -3.4e+38 -3.4e+38 -3.4e+38 -3.4e+38 -3.4e+38 -3.4e+38 -3.4e+38 -3.4e+38 -3.4e+38 -3.4e+38 -3.4e+38 -3.4e+38 -3.4e+38 -3.4e+38 -3.4e+38 -3.4e+38 -3.4e+38
1730 1767 1871 1963 2110 2260 2386 2501 2546 2659 2733 2956 3059 3151 3495 3643 -3.4e+38 -3.4e+38 -3.4e+38 -3.4e+38 -3.4e+38 -3.4e+38 -3.4e+38 -3.4e+38 -3.4e+38 -3.4e+38 -3.4e+38 -3.4e+38 -3.4e+38 -3.4e+38 -3.4e+38 -3.4e+38 -3.4e+38 -3.4e+38 -3.4e+38 -3.4e+38 -3.4e+38 -3.4e+38 -3.4e+38 -3.4e+38 -3.4e+38 -3.4e+38 -3.4e+38 -3.4e+38 -3.4e+38 -3.4e+38 -3.4e+38 -3.4e+38 -3.4e+38 -3.4e+38 -3.4e+38 -3.4e+38 -3.4e+38 -3.4e+38 -3.4e+38 -3.4e+38 -3.4e+38 -3.4e+38 -3.4e+38 -3.4e+38 -3.4e+38 -3.4e+38 -3.4e+38 -3.4e+38 -3.4e+38
1757 1778 1856 2007 2154 2284 2415 2537 2619 2747 2924 3050 3249 3460 3618 -3.4e+38 -3.4e+38 -3.4e+38 -3.4e+38 -3.4e+38 -3.4e+38 -3.4e+38 -3.4e+38 -3.4e+38 -3.4e+38 -3.4e+38 -3.4e+38 -3.4e+38 -3.4e+38 -3.4e+38 -3.4e+38 -3.4e+38 -3.4e+38 -3.4e+38 -3.4e+38 -3.4e+38 -3.4e+38 -3.4e+38 -3.4e+38 -3.4e+38 -3.4e+38 -3.4e+38 -3.4e+38 -3.4e+38 -3.4e+38 -3.4e+38 -3.4e+38 -3.4e+38 -3.4e+38 -3.4e+38 -3.4e+38 -3.4e+38 -3.4e+38 -3.4e+38 -3.4e+38 -3.4e+38 -3.4e+38 -3.4e+38 -3.4e+38 -3.4e+38 -3.4e+38 -3.4e+38 -3.4e+38 -3.4e+38 -3.4e+38
-3.4e+38 -3.4e+38 1917 2022 2139 2311 2421 2551 2663 2806 2950 3097 3350 -3.4e+38 -3.4e+38 -3.4e+38 -3.4e+38 -3.4e+38 -3.4e+38 -3.4e+38 -3.4e+38 -3.4e+38 -3.4e+38 -3.4e+38 -3.4e+38 -3.4e+38 -3.4e+38 -3.4e+38 -3.4e+38 -3.4e+38 -3.4e+38 -3.4e+38 -3.4e+38 -3.4e+38 -3.4e+38 -3.4e+38 -3.4e+38 -3.4e+38 -3.4e+38 -3.4e+38 -3.4e+38 -3.4e+38 -3.4e+38 -3.4e+38 -3.4e+38 -3.4e+38 -3.4e+38 -3.4e+38 -3.4e+38 -3.4e+38 -3.4e+38 -3.4e+38 -3.4e+38 -3.4e+38 -3.4e+38 -3.4e+38 -3.4e+38 -3.4e+38 -3.4e+38 -3.4e+38 -3.4e+38 -3.4e+38 -3.4e+38 -3.4e+38 -3.4e+38
-3.4e+38 -3.4e+38 -3.4e+38 -3.4e+38 2173 2299 2460 2612 2708 2813 2914 3162 3327 -3.4e+38 -3.4e+38 -3.4e+38 -3.4e+38 -3.4e+38 -3.4e+38 -3.4e+38 -3.4e+38 -3.4e+38 -3.4e+38 -3.4e+38 -3.4e+38 -3.4e+38 -3.4e+38 -3.4e+38 -3.4e+38 -3.4e+38 -3.4e+38 -3.4e+38 -3.4e+38 -3.4e+38 -3.4e+38 -3.4e+38 -3.4e+38 -3.4e+38 -3.4e+38 -3.4e+38 -3.4e+38 -3.4e+38 -3.4e+38 -3.4e+38 -3.4e+38 -3.4e+38 -3.4e+38 -3.4e+38 -3.4e+38 -3.4e+38 -3.4e+38 -3.4e+38 -3.4e+38 -3.4e+38 -3.4e+38 -3.4e+38 -3.4e+38 -3.4e+38 -3.4e+38 -3.4e+38 -3.4e+38 -3.4e+38 -3.4e+38 -3.4e+38 -3.4e+38
-3.4e+38 -3.4e+38 -3.4e+38 -3.4e+38 2249 2364 2495 2612 2701 2818 2965 3119 -3.4e+38 -3.4e+38 -3.4e+38 -3.4e+38 -3.4e+38 -3.4e+38 -3.4e+38 -3.4e+38 -3.4e+38 -3.4e+38 -3.4e+38 -3.4e+38 -3.4e+38 -3.4e+38 -3.4e+38 -3.4e+38 -3.4e+38 -3.4e+38 -3.4e+38 -3.4e+38 -3.4e+38 -3.4e+38 -3.4e+38 -3.4e+38 -3.4e+38 -3.4e+38 -3.4e+38 -3.4e+38 -3.4e+38 -3.4e+38 -3.4e+38 -3.4e+38 -3.4e+38 -3.4e+38 -3.4e+38 -3.4e+38 -3.4e+38 -3.4e+38 -3.4e+38 -3.4e+38 -3.4e+38 -3.4e+38 -3.4e+38 -3.4e+38 -3.4e+38 -3.4e+38 -3.4e+38 -3.4e+38 -3.4e+38 -3.4e+38 -3.4e+38 -3.4e+38 -3.4e+38
-3.4e+38 -3.4e+38 -3.4e+38 -3.4e+38 2299 2373 2508 2594 2667 2766 2904 3053 -3.4e+38 -3.4e+38 -3.4e+38 -3.4e+38 -3.4e+38 -3.4e+38 -3.4e+38 -3.4e+38 -3.4e+38 -3.4e+38 -3.4e+38 -3.4e+38 -3.4e+38 -3.4e+38 -3.4e+38 -3.4e+38 -3.4e+38 -3.4e+38 -3.4e+38 -3.4e+38 -3.4e+38 -3.4e+38 -3.4e+38 -3.4e+38 -3.4e+38 -3.4e+38 -3.4e+38 -3.4e+38 -3.4e+38 -3.4e+38 -3.4e+38 -3.4e+38 -3.4e+38 -3.4e+38 -3.4e+38 -3.4e+38 -3.4e+38 -3.4e+38 -3.4e+38 -3.4e+38 -3.4e+38 -3.4e+38 -3.4e+38 -3.4e+38 -3.4e+38 -3.4e+38 -3.4e+38 -3.4e+38 -3.4e+38 -3.4e+38 -3.4e+38 -3.4e+38 -3.4e+38
