Appendix_Data/App3-Native_Range_Info/Japan_ASCII/bio4.asc
NCOLS 192 
NROWS 175 
XLLCORNER 129.596700668 
YLLCORNER 31.009801865 
CELLSIZE 0.0833333333333333 
NODATA_value -3.4e+38 
[rows 116 to 144 of 175, columns 65 to 129 of 192]
-3.4e+38 -3.4e+38 -3.4e+38 -3.4e+38 -3.4e+38 -3.4e+38 -3.4e+38 -3.4e+38 -3.4e+38 -3.4e+38 -3.4e+38 -3.4e+38 8318 8288 8329 8539 8622 8660 8695 8727 8761 8756 8794 8785 8819 8792 8817 8760 8714 8674 8682 8722 8717 8655 8625 8666 8632 8574 8549 8570 8546 8507 8468 8398 8366 8365 8326 8388 8438 8497 8159 7895 7737 7706 7701 7701 7710 7699 7707 7712 7693 7667 7614 7547 7471
-3.4e+38 -3.4e+38 8162 -3.4e+38 -3.4e+38 -3.4e+38 -3.4e+38 -3.4e+38 -3.4e+38 -3.4e+38 -3.4e+38 -3.4e+38 8178 8381 8368 8535 8619 8631 8682 8697 8716 8728 8750 8757 8752 8744 8744 8719 8662 8657 8674 8652 8647 8587 8552 8593 8561 8515 8495 8494 8510 8486 8412 8368 8392 8338 8359 8413 8394 8331 8081 7852 7727 7665 7649 7656 7617 7588 7590 7577 7592 7549 7496 7448 7365
8142 8191 8230 8140 -3.4e+38 8091 -3.4e+38 -3.4e+38 -3.4e+38 -3.4e+38 -3.4e+38 8184 8229 8358 8486 8551 8576 8609 8624 8653 8670 8681 8693 8681 8709 8684 8674 8687 8652 8613 8588 8575 8570 8534 8530 8505 8471 8465 8482 8429 8386 8414 8389 8350 8331 8288 8248 8306 8281 8214 8014 7784 7734 7691 7634 7574 7546 7492 7479 7501 7490 7441 7387 7327 7260
8170 8203 8229 8100 -3.4e+38 8088 -3.4e+38 -3.4e+38 -3.4e+38 8080 8081 8145 8157 8295 8444 8523 8538 8534 8565 8574 8594 8592 8618 8598 8596 8608 8600 8579 8583 8537 8514 8514 8485 8465 8437 8410 8402 8398 8438 8340 8301 8297 8280 8232 8217 8187 8164 8126 8072 7938 7915 7778 7710 7657 7549 7505 7471 7412 7425 7426 7386 7339 7285 7220 7148
8232 8179 8143 8169 8171 8171 8084 8139 8152 8118 8115 8295 8388 8290 8287 8440 8511 8506 8442 8413 8394 8400 8424 8460 8485 8512 8526 8510 8481 8432 8397 8441 8425 8373 8299 8328 8328 8359 8383 8268 8228 8157 8163 8114 8096 8064 8024 8041 8025 7942 7813 7675 7611 7566 7505 7409 7360 7355 -3.4e+38 -3.4e+38 7196 7212 7183 7097 7029
8269 8261 8191 8125 8138 8199 8180 8179 8157 8183 8219 8351 8195 8163 8163 8259 8397 8440 8314 8215 8246 8271 8304 8347 8343 8395 8430 8399 8358 8322 8358 8357 8319 8223 8217 8275 8288 8346 8270 8195 8080 8016 8050 8012 7999 7944 7934 7898 7864 7877 7830 7564 7476 7467 7419 7333 7291 7274 7187 7156 7161 7144 7063 6999 6935
8263 8197 8150 8182 8230 8277 8312 8278 8277 8360 8295 8222 8141 8145 8142 8148 8233 8280 8186 8138 8149 8174 8201 8257 8329 8333 8313 8317 8282 8264 8301 8290 8259 8128 8131 8152 8174 8231 8158 8081 8002 7892 7949 7887 8121 7970 7802 7722 7629 7536 7455 7372 7339 7329 7274 7229 7224 -3.4e+38 7133 7122 7068 7037 6974 6894 6819
8219 8177 8160 8175 8239 8277 8269 8309 8338 8346 8322 8264 8146 8130 8132 8179 8312 8247 8192 8087 8097 8111 8147 8216 8239 8271 8249 8247 8188 8146 8136 8175 8148 8046 8031 8066 8148 8127 8029 8005 7912 7724 7708 7675 7789 7798 7607 7580 7562 7294 7247 7261 7258 7221 7172 7101 7067 7101 7059 7075 7021 6973 6888 6802 6709
8217 8197 8204 8225 8234 8241 8276 8274 8315 8339 8322 8156 8156 8142 8117 8157 8288 8206 8205 8081 8046 8076 8116 8156 8188 8226 8193 8155 8105 8068 8064 8069 8049 7946 7932 7971 8050 7921 7883 7810 7769 7635 7436 7319 7399 7559 7396 7422 7484 7226 7170 -3.4e+38 -3.4e+38 -3.4e+38 -3.4e+38 7009 7025 7020 7037 7007 6970 6931 6824 6723 6655
8185 8203 8214 8242 8232 8196 8225 8285 8309 8284 8234 8157 8152 8136 8116 8206 8257 8205 8019 8034 7993 8030 8055 8116 8147 8164 8141 8090 8019 8041 7910 7865 7842 7788 7798 7864 7863 7699 7719 7623 7570 7446 7342 7174 7154 7216 7215 7183 7199 7000 -3.4e+38 -3.4e+38 -3.4e+38 -3.4e+38 -3.4e+38 6956 6974 7005 7008 6978 6904 6835 6730 6640 6580
8197 8214 8206 8219 8243 8226 8188 8252 8215 8220 8197 8167 8147 8149 8126 8158 8236 8120 7952 7928 7935 7978 8019 8054 8099 8117 8111 7993 7928 7872 7792 7729 7697 7723 7688 7625 7625 7549 7529 7432 7293 7203 7150 -3.4e+38 -3.4e+38 7069 7058 7019 7006 6772 6734 -3.4e+38 -3.4e+38 -3.4e+38 -3.4e+38 -3.4e+38 -3.4e+38 6946 6976 6918 6857 6796 -3.4e+38 -3.4e+38 -3.4e+38
8139 8159 8160 8171 8169 8217 8223 8243 8154 8164 8214 8196 8230 8190 8143 8143 8159 8044 7870 7853 -3.4e+38 -3.4e+38 7966 8006 8027 8076 8077 7985 7883 7781 7726 7662 7612 7577 7512 7508 7488 7423 7374 7260 7168 7126 7073 -3.4e+38 -3.4e+38 7056 7038 6878 6878 6691 -3.4e+38 -3.4e+38 -3.4e+38 -3.4e+38 -3.4e+38 -3.4e+38 -3.4e+38 6878 6917 6862 -3.4e+38 -3.4e+38 -3.4e+38 -3.4e+38 -3.4e+38
8076 8073 8083 8134 8138 8171 8169 8159 8130 8144 8187 8228 8197 8166 8130 8127 8025 7890 7817 7796 -3.4e+38 -3.4e+38 7899 7914 7974 8017 8009 7918 7814 7718 7639 7572 7516 7427 7401 7372 7357 7267 7198 7114 7094 -3.4e+38 -3.4e+38 -3.4e+38 -3.4e+38 6912 7016 7007 6950 6623 -3.4e+38 -3.4e+38 -3.4e+38 -3.4e+38 -3.4e+38 -3.4e+38 -3.4e+38 -3.4e+38 6847 6819 -3.4e+38 -3.4e+38 -3.4e+38 -3.4e+38 -3.4e+38
8013 8069 8115 8099 8004 8051 8074 8077 8147 8118 8149 8168 8147 8121 8100 8075 7999 7845 7783 7763 -3.4e+38 -3.4e+38 7800 7790 7854 7889 7899 7837 7694 7634 7527 7434 7367 7310 7253 7226 7191 7148 7080 7026 -3.4e+38 -3.4e+38 -3.4e+38 -3.4e+38 -3.4e+38 6770 6870 6766 6597 -3.4e+38 -3.4e+38 -3.4e+38 -3.4e+38 -3.4e+38 -3.4e+38 -3.4e+38 -3.4e+38 -3.4e+38 -3.4e+38 -3.4e+38 -3.4e+38 -3.4e+38 -3.4e+38 -3.4e+38 -3.4e+38
7968 7994 7965 7951 7927 7952 8007 8027 8093 8042 8115 8102 8113 8059 8048 8000 7878 7792 7719 -3.4e+38 -3.4e+38 -3.4e+38 7762 7725 -3.4e+38 -3.4e+38 7620 7611 7578 7520 7433 7325 7260 7222 7155 7127 7087 7046 7016 6980 -3.4e+38 -3.4e+38 -3.4e+38 -3.4e+38 6637 6621 6568 6451 6431 -3.4e+38 -3.4e+38 -3.4e+38 -3.4e+38 -3.4e+38 -3.4e+38 -3.4e+38 -3.4e+38 -3.4e+38 -3.4e+38 -3.4e+38 -3.4e+38 -3.4e+38 -3.4e+38 -3.4e+38 -3.4e+38
7918 7906 7844 -3.4e+38 -3.4e+38 7853 7916 7969 8008 7968 8051 8027 8006 8007 7974 7888 7815 7713 7673 7635 -3.4e+38 -3.4e+38 -3.4e+38 -3.4e+38 7539 7530 7544 7546 7518 7457 -3.4e+38 -3.4e+38 7194 7176 7153 -3.4e+38 7018 6987 6925 -3.4e+38 -3.4e+38 -3.4e+38 -3.4e+38 -3.4e+38 -3.4e+38 6408 6348 6329 -3.4e+38 -3.4e+38 -3.4e+38 -3.4e+38 -3.4e+38 -3.4e+38 -3.4e+38 -3.4e+38 -3.4e+38 -3.4e+38 -3.4e+38 -3.4e+38 -3.4e+38 -3.4e+38 -3.4e+38 -3.4e+38 -3.4e+38
7865 -3.4e+38 -3.4e+38 -3.4e+38 7766 7769 7841 7875 7908 7884 7919 7946 7926 7916 7909 7833 7804 7701 7616 7591 7536 7514 7511 -3.4e+38 7471 -3.4e+38 -3.4e+38 -3.4e+38 -3.4e+38 -3.4e+38 -3.4e+38 -3.4e+38 -3.4e+38 -3.4e+38 -3.4e+38 -3.4e+38 -3.4e+38 -3.4e+38 -3.4e+38 -3.4e+38 -3.4e+38 -3.4e+38 -3.4e+38 -3.4e+38 -3.4e+38 -3.4e+38 -3.4e+38 -3.4e+38 -3.4e+38 -3.4e+38 -3.4e+38 -3.4e+38 -3.4e+38 -3.4e+38 -3.4e+38 -3.4e+38 -3.4e+38 -3.4e+38 -3.4e+38 -3.4e+38 -3.4e+38 -3.4e+38 -3.4e+38 -3.4e+38 -3.4e+38
-3.4e+38 -3.4e+38 -3.4e+38 7732 7740 7771 7811 7862 7859 7829 7875 7862 7854 7843 7809 7737 7646 7583 7563 7525 7536 7527 7458 -3.4e+38 -3.4e+38 -3.4e+38 -3.4e+38 -3.4e+38 -3.4e+38 -3.4e+38 -3.4e+38 -3.4e+38 -3.4e+38 -3.4e+38 -3.4e+38 -3.4e+38 -3.4e+38 -3.4e+38 -3.4e+38 -3.4e+38 -3.4e+38 -3.4e+38 -3.4e+38 -3.4e+38 -3.4e+38 -3.4e+38 -3.4e+38 -3.4e+38 -3.4e+38 -3.4e+38 -3.4e+38 -3.4e+38 -3.4e+38 -3.4e+38 -3.4e+38 -3.4e+38 -3.4e+38 -3.4e+38 -3.4e+38 -3.4e+38 -3.4e+38 -3.4e+38 -3.4e+38 -3.4e+38 -3.4e+38
-3.4e+38 -3.4e+38 7712 7732 7733 7823 7820 7792 7759 7749 7762 7769 7815 7776 7701 7629 7542 7520 7563 7462 7466 7399 7384 -3.4e+38 -3.4e+38 -3.4e+38 -3.4e+38 -3.4e+38 -3.4e+38 -3.4e+38 -3.4e+38 -3.4e+38 -3.4e+38 -3.4e+38 -3.4e+38 -3.4e+38 -3.4e+38 -3.4e+38 -3.4e+38 -3.4e+38 -3.4e+38 -3.4e+38 -3.4e+38 -3.4e+38 -3.4e+38 -3.4e+38 -3.4e+38 -3.4e+38 -3.4e+38 -3.4e+38 -3.4e+38 -3.4e+38 -3.4e+38 -3.4e+38 -3.4e+38 -3.4e+38 -3.4e+38 -3.4e+38 -3.4e+38 -3.4e+38 -3.4e+38 -3.4e+38 -3.4e+38 -3.4e+38 -3.4e+38
7634 7668 7698 7697 7715 7690 7689 7700 7707 7727 7756 7756 7710 7714 7612 7577 7473 7415 7390 7358 7326 7292 7277 -3.4e+38 -3.4e+38 -3.4e+38 -3.4e+38 -3.4e+38 -3.4e+38 -3.4e+38 -3.4e+38 -3.4e+38 -3.4e+38 -3.4e+38 -3.4e+38 -3.4e+38 -3.4e+38 -3.4e+38 -3.4e+38 -3.4e+38 -3.4e+38 -3.4e+38 -3.4e+38 -3.4e+38 -3.4e+38 -3.4e+38 -3.4e+38 -3.4e+38 -3.4e+38 -3.4e+38 -3.4e+38 -3.4e+38 -3.4e+38 -3.4e+38 -3.4e+38 -3.4e+38 -3.4e+38 -3.4e+38 -3.4e+38 -3.4e+38 -3.4e+38 -3.4e+38 -3.4e+38 -3.4e+38 -3.4e+38
-3.4e+38 7673 7646 7635 7633 7674 7695 7713 7703 7694 7725 7730 7673 7651 7474 7307 7305 7281 7253 -3.4e+38 -3.4e+38 -3.4e+38 -3.4e+38 -3.4e+38 -3.4e+38 -3.4e+38 -3.4e+38 -3.4e+38 -3.4e+38 -3.4e+38 -3.4e+38 -3.4e+38 -3.4e+38 -3.4e+38 -3.4e+38 -3.4e+38 -3.4e+38 -3.4e+38 -3.4e+38 -3.4e+38 -3.4e+38 -3.4e+38 -3.4e+38 -3.4e+38 -3.4e+38 -3.4e+38 -3.4e+38 -3.4e+38 -3.4e+38 -3.4e+38 -3.4e+38 -3.4e+38 -3.4e+38 -3.4e+38 -3.4e+38 -3.4e+38 -3.4e+38 -3.4e+38 -3.4e+38 -3.4e+38 -3.4e+38 -3.4e+38 -3.4e+38 -3.4e+38 -3.4e+38
-3.4e+38 7557 7570 7590 7589 7609 7631 7645 7628 7587 7653 7574 7521 7529 7237 7134 -3.4e+38 -3.4e+38 -3.4e+38 -3.4e+38 -3.4e+38 -3.4e+38 -3.4e+38 -3.4e+38 -3.4e+38 -3.4e+38 -3.4e+38 -3.4e+38 -3.4e+38 -3.4e+38 -3.4e+38 -3.4e+38 -3.4e+38 -3.4e+38 -3.4e+38 -3.4e+38 -3.4e+38 -3.4e+38 -3.4e+38 -3.4e+38 -3.4e+38 -3.4e+38 -3.4e+38 -3.4e+38 -3.4e+38 -3.4e+38 -3.4e+38 -3.4e+38 -3.4e+38 -3.4e+38 -3.4e+38 -3.4e+38 -3.4e+38 -3.4e+38 -3.4e+38 -3.4e+38 -3.4e+38 -3.4e+38 -3.4e+38 -3.4e+38 -3.4e+38 -3.4e+38 -3.4e+38 -3.4e+38 -3.4e+38
-3.4e+38 7498 7497 7498 7545 7562 7600 7563 7527 7460 7544 7411 7422 7377 7163 7032 -3.4e+38 -3.4e+38 -3.4e+38 -3.4e+38 -3.4e+38 -3.4e+38 -3.4e+38 -3.4e+38 -3.4e+38 -3.4e+38 -3.4e+38 -3.4e+38 -3.4e+38 -3.4e+38 -3.4e+38 -3.4e+38 -3.4e+38 -3.4e+38 -3.4e+38 -3.4e+38 -3.4e+38 -3.4e+38 -3.4e+38 -3.4e+38 -3.4e+38 -3.4e+38 -3.4e+38 -3.4e+38 -3.4e+38 -3.4e+38 -3.4e+38 -3.4e+38 -3.4e+38 -3.4e+38 -3.4e+38 -3.4e+38 -3.4e+38 -3.4e+38 -3.4e+38 -3.4e+38 -3.4e+38 -3.4e+38 -3.4e+38 -3.4e+38 -3.4e+38 -3.4e+38 -3.4e+38 -3.4e+38 -3.4e+38
7367 7391 7420 7404 7429 7429 7438 7464 7400 7369 7416 7289 7265 7226 7090 7030 -3.4e+38 -3.4e+38 -3.4e+38 -3.4e+38 -3.4e+38 -3.4e+38 -3.4e+38 -3.4e+38 -3.4e+38 -3.4e+38 -3.4e+38 -3.4e+38 -3.4e+38 -3.4e+38 -3.4e+38 -3.4e+38 -3.4e+38 -3.4e+38 -3.4e+38 -3.4e+38 -3.4e+38 -3.4e+38 -3.4e+38 -3.4e+38 -3.4e+38 -3.4e+38 -3.4e+38 -3.4e+38 -3.4e+38 -3.4e+38 -3.4e+38 -3.4e+38 -3.4e+38 -3.4e+38 -3.4e+38 -3.4e+38 -3.4e+38 -3.4e+38 -3.4e+38 -3.4e+38 -3.4e+38 -3.4e+38 -3.4e+38 -3.4e+38 -3.4e+38 -3.4e+38 -3.4e+38 -3.4e+38 -3.4e+38
7322 7350 7306 7297 7319 7340 7334 7376 7317 7259 7207 7197 7148 7076 7036 -3.4e+38 -3.4e+38 -3.4e+38 -3.4e+38 -3.4e+38 -3.4e+38 -3.4e+38 -3.4e+38 -3.4e+38 -3.4e+38 -3.4e+38 -3.4e+38 -3.4e+38 -3.4e+38 -3.4e+38 -3.4e+38 -3.4e+38 -3.4e+38 -3.4e+38 -3.4e+38 -3.4e+38 -3.4e+38 -3.4e+38 -3.4e+38 -3.4e+38 -3.4e+38 -3.4e+38 -3.4e+38 -3.4e+38 -3.4e+38 -3.4e+38 -3.4e+38 -3.4e+38 -3.4e+38 -3.4e+38 -3.4e+38 -3.4e+38 -3.4e+38 -3.4e+38 -3.4e+38 -3.4e+38 -3.4e+38 -3.4e+38 -3.4e+38 -3.4e+38 -3.4e+38 -3.4e+38 -3.4e+38 -3.4e+38 -3.4e+38
-3.4e+38 -3.4e+38 7241 7187 7186 7218 7204 7214 7191 7134 7137 7121 7077 -3.4e+38 -3.4e+38 -3.4e+38 -3.4e+38 -3.4e+38 -3.4e+38 -3.4e+38 -3.4e+38 -3.4e+38 -3.4e+38 -3.4e+38 -3.4e+38 -3.4e+38 -3.4e+38 -3.4e+38 -3.4e+38 -3.4e+38 -3.4e+38 -3.4e+38 -3.4e+38 -3.4e+38 -3.4e+38 -3.4e+38 -3.4e+38 -3.4e+38 -3.4e+38 -3.4e+38 -3.4e+38 -3.4e+38 -3.4e+38 -3.4e+38 -3.4e+38 -3.4e+38 -3.4e+38 -3.4e+38 -3.4e+38 -3.4e+38 -3.4e+38 -3.4e+38 -3.4e+38 -3.4e+38 -3.4e+38 -3.4e+38 -3.4e+38 -3.4e+38 -3.4e+38 -3.4e+38 -3.4e+38 -3.4e+38 -3.4e+38 -3.4e+38 -3.4e+38
-3.4e+38 -3.4e+38 -3.4e+38 -3.4e+38 7044 7049 7078 7138 7148 7066 7095 7033 7060 -3.4e+38 -3.4e+38 -3.4e+38 -3.4e+38 -3.4e+38 -3.4e+38 -3.4e+38 -3.4e+38 -3.4e+38 -3.4e+38 -3.4e+38 -3.4e+38 -3.4e+38 -3.4e+38 -3.4e+38 -3.4e+38 -3.4e+38 -3.4e+38 -3.4e+38 -3.4e+38 -3.4e+38 -3.4e+38 -3.4e+38 -3.4e+38 -3.4e+38 -3.4e+38 -3.4e+38 -3.4e+38 -3.4e+38 -3.4e+38 -3.4e+38 -3.4e+38 -3.4e+38 -3.4e+38 -3.4e+38 -3.4e+38 -3.4e+38 -3.4e+38 -3.4e+38 -3.4e+38 -3.4e+38 -3.4e+38 -3.4e+38 -3.4e+38 -3.4e+38 -3.4e+38 -3.4e+38 -3.4e+38 -3.4e+38 -3.4e+38 -3.4e+38 -3.4e+38
-3.4e+38 -3.4e+38 -3.4e+38 -3.4e+38 6957 6957 6982 6971 6955 6920 6890 6915 -3.4e+38 -3.4e+38 -3.4e+38 -3.4e+38 -3.4e+38 -3.4e+38 -3.4e+38 -3.4e+38 -3.4e+38 -3.4e+38 -3.4e+38 -3.4e+38 -3.4e+38 -3.4e+38 -3.4e+38 -3.4e+38 -3.4e+38 -3.4e+38 -3.4e+38 -3.4e+38 -3.4e+38 -3.4e+38 -3.4e+38 -3.4e+38 -3.4e+38 -3.4e+38 -3.4e+38 -3.4e+38 -3.4e+38 -3.4e+38 -3.4e+38 -3.4e+38 -3.4e+38 -3.4e+38 -3.4e+38 -3.4e+38 -3.4e+38 -3.4e+38 -3.4e+38 -3.4e+38 -3.4e+38 -3.4e+38 -3.4e+38 -3.4e+38 -3.4e+38 -3.4e+38 -3.4e+38 -3.4e+38 -3.4e+38 -3.4e+38 -3.4e+38 -3.4e+38 -3.4e+38
-3.4e+38 -3.4e+38 -3.4e+38 -3.4e+38 6865 6871 6863 6832 6790 6743 6789 6808 -3.4e+38 -3.4e+38 -3.4e+38 -3.4e+38 -3.4e+38 -3.4e+38 -3.4e+38 -3.4e+38 -3.4e+38 -3.4e+38 -3.4e+38 -3.4e+38 -3.4e+38 -3.4e+38 -3.4e+38 -3.4e+38 -3.4e+38 -3.4e+38 -3.4e+38 -3.4e+38 -3.4e+38 -3.4e+38 -3.4e+38 -3.4e+38 -3.4e+38 -3.4e+38 -3.4e+38 -3.4e+38 -3.4e+38 -3.4e+38 -3.4e+38 -3.4e+38 -3.4e+38 -3.4e+38 -3.4e+38 -3.4e+38 -3.4e+38 -3.4e+38 -3.4e+38 -3.4e+38 -3.4e+38 -3.4e+38 -3.4e+38 -3.4e+38 -3.4e+38 -3.4e+38 -3.4e+38 -3.4e+38 -3.4e+38 -3.4e+38 -3.4e+38 -3.4e+38 -3.4e+38
