Appendix_Data/App3-Native_Range_Info/Japan_ASCII/bio5.asc
NCOLS 192 
NROWS 175 
XLLCORNER 129.596700668 
YLLCORNER 31.009801865 
CELLSIZE 0.0833333333333333 
NODATA_value -3.4e+38 
[rows 116 to 144 of 175, columns 65 to 129 of 192]
-3.4e+38 -3.4e+38 -3.4e+38 -3.4e+38 -3.4e+38 -3.4e+38 -3.4e+38 -3.4e+38 -3.4e+38 -3.4e+38 -3.4e+38 -3.4e+38 297 301 303 292 283 256 268 266 270 262 289 265 275 271 285 256 234 192 230 261 267 243 241 292 273 248 239 271 265 263 243 198 203 223 226 242 258 276 296 301 304 306 307 307 307 307 306 304 303 301 299 297 295
-3.4e+38 -3.4e+38 304 -3.4e+38 -3.4e+38 -3.4e+38 -3.4e+38 -3.4e+38 -3.4e+38 -3.4e+38 -3.4e+38 -3.4e+38 306 292 297 283 268 255 258 263 255 263 282 298 285 287 288 276 236 239 250 262 267 189 230 293 271 246 208 261 294 287 254 237 254 241 249 265 270 283 294 300 301 303 305 307 307 307 306 303 302 300 298 296 293
312 307 297 310 -3.4e+38 314 -3.4e+38 -3.4e+38 -3.4e+38 -3.4e+38 -3.4e+38 302 298 289 276 262 262 280 271 276 269 283 283 301 295 301 297 287 278 254 238 261 270 195 252 289 252 227 178 201 256 307 300 282 301 259 233 268 273 286 294 301 303 304 305 305 306 307 306 304 302 299 297 295 292
310 304 298 314 -3.4e+38 313 -3.4e+38 -3.4e+38 -3.4e+38 312 311 305 302 294 280 264 272 276 276 293 295 298 291 308 308 304 302 293 283 292 272 280 239 214 270 288 255 216 175 221 247 308 315 310 290 265 269 291 288 295 293 299 302 304 305 305 306 307 305 305 302 299 296 293 291
303 310 310 308 305 305 315 309 306 310 309 289 280 296 298 278 261 277 297 306 311 316 317 316 312 306 298 289 286 303 297 266 249 272 298 273 247 202 181 234 249 306 292 272 253 255 282 275 271 280 290 298 303 303 304 305 306 306 -3.4e+38 -3.4e+38 300 298 294 292 291
298 298 306 312 311 303 307 307 308 305 303 282 303 306 309 301 274 279 302 318 320 320 321 321 321 315 304 299 305 300 272 239 272 296 288 253 220 183 203 233 279 305 270 260 252 263 257 260 272 256 270 297 304 303 303 304 305 306 303 301 298 296 291 292 291
299 310 312 309 303 295 288 293 293 282 292 301 310 311 311 309 300 298 313 319 321 323 323 321 317 316 313 305 293 286 253 234 255 286 279 260 235 201 220 246 266 294 261 263 187 221 263 283 290 293 297 302 304 303 303 304 305 -3.4e+38 302 300 297 293 291 290 289
309 314 313 309 302 294 296 289 280 276 280 295 312 312 311 304 285 298 302 319 320 322 324 324 319 313 301 295 295 287 277 258 260 283 279 255 218 221 243 236 262 295 289 288 251 249 280 281 276 299 301 302 304 304 303 303 305 304 301 296 292 289 287 288 287
307 311 308 306 305 304 299 297 288 276 278 313 314 313 311 304 278 292 294 312 319 321 324 325 322 311 307 307 297 282 272 262 263 276 275 259 230 254 261 265 269 286 301 303 294 270 289 280 266 289 303 -3.4e+38 -3.4e+38 -3.4e+38 -3.4e+38 302 304 300 297 293 289 284 283 284 285
309 305 302 301 302 311 307 297 290 293 306 316 315 313 310 294 279 281 308 310 317 320 322 322 321 318 316 307 285 264 276 280 281 286 278 258 252 280 271 281 284 293 296 302 306 303 303 296 281 296 -3.4e+38 -3.4e+38 -3.4e+38 -3.4e+38 -3.4e+38 302 302 299 296 289 290 289 286 285 286
304 301 300 298 293 304 316 301 315 314 313 317 313 311 308 299 266 286 310 312 315 318 319 320 320 319 314 295 285 280 293 288 292 281 281 283 281 284 284 291 299 301 303 -3.4e+38 -3.4e+38 294 297 295 283 295 297 -3.4e+38 -3.4e+38 -3.4e+38 -3.4e+38 -3.4e+38 -3.4e+38 300 297 294 291 293 -3.4e+38 -3.4e+38 -3.4e+38
308 306 306 305 306 304 304 305 326 323 311 312 300 305 306 297 280 297 308 310 -3.4e+38 -3.4e+38 315 317 317 317 312 303 288 287 301 297 288 290 294 289 284 288 291 298 304 302 304 -3.4e+38 -3.4e+38 282 278 289 281 290 -3.4e+38 -3.4e+38 -3.4e+38 -3.4e+38 -3.4e+38 -3.4e+38 -3.4e+38 297 296 295 -3.4e+38 -3.4e+38 -3.4e+38 -3.4e+38 -3.4e+38
311 310 310 307 313 308 313 320 327 323 313 300 297 301 306 294 301 308 309 310 -3.4e+38 -3.4e+38 313 315 315 314 309 305 303 306 303 299 299 303 298 296 289 296 299 302 301 -3.4e+38 -3.4e+38 -3.4e+38 -3.4e+38 283 268 264 265 287 -3.4e+38 -3.4e+38 -3.4e+38 -3.4e+38 -3.4e+38 -3.4e+38 -3.4e+38 -3.4e+38 296 296 -3.4e+38 -3.4e+38 -3.4e+38 -3.4e+38 -3.4e+38
310 302 295 298 320 324 326 327 322 324 312 303 299 307 306 286 294 310 310 310 -3.4e+38 -3.4e+38 311 313 313 308 312 311 311 305 307 306 305 306 304 303 300 297 300 301 -3.4e+38 -3.4e+38 -3.4e+38 -3.4e+38 -3.4e+38 284 269 272 281 -3.4e+38 -3.4e+38 -3.4e+38 -3.4e+38 -3.4e+38 -3.4e+38 -3.4e+38 -3.4e+38 -3.4e+38 -3.4e+38 -3.4e+38 -3.4e+38 -3.4e+38 -3.4e+38 -3.4e+38 -3.4e+38
309 305 306 315 320 322 325 324 316 324 312 302 308 310 302 284 306 310 310 -3.4e+38 -3.4e+38 -3.4e+38 309 310 -3.4e+38 -3.4e+38 306 309 308 306 307 307 305 305 304 301 299 297 298 301 -3.4e+38 -3.4e+38 -3.4e+38 -3.4e+38 282 281 279 285 290 -3.4e+38 -3.4e+38 -3.4e+38 -3.4e+38 -3.4e+38 -3.4e+38 -3.4e+38 -3.4e+38 -3.4e+38 -3.4e+38 -3.4e+38 -3.4e+38 -3.4e+38 -3.4e+38 -3.4e+38 -3.4e+38
310 312 315 -3.4e+38 -3.4e+38 317 321 319 317 323 304 290 297 303 288 296 305 309 310 311 -3.4e+38 -3.4e+38 -3.4e+38 -3.4e+38 308 306 307 307 306 308 -3.4e+38 -3.4e+38 305 304 304 -3.4e+38 300 298 296 -3.4e+38 -3.4e+38 -3.4e+38 -3.4e+38 -3.4e+38 -3.4e+38 283 285 288 -3.4e+38 -3.4e+38 -3.4e+38 -3.4e+38 -3.4e+38 -3.4e+38 -3.4e+38 -3.4e+38 -3.4e+38 -3.4e+38 -3.4e+38 -3.4e+38 -3.4e+38 -3.4e+38 -3.4e+38 -3.4e+38 -3.4e+38
309 -3.4e+38 -3.4e+38 -3.4e+38 313 313 316 317 317 320 307 293 287 279 280 289 287 299 309 310 310 311 309 -3.4e+38 308 -3.4e+38 -3.4e+38 -3.4e+38 -3.4e+38 -3.4e+38 -3.4e+38 -3.4e+38 -3.4e+38 -3.4e+38 -3.4e+38 -3.4e+38 -3.4e+38 -3.4e+38 -3.4e+38 -3.4e+38 -3.4e+38 -3.4e+38 -3.4e+38 -3.4e+38 -3.4e+38 -3.4e+38 -3.4e+38 -3.4e+38 -3.4e+38 -3.4e+38 -3.4e+38 -3.4e+38 -3.4e+38 -3.4e+38 -3.4e+38 -3.4e+38 -3.4e+38 -3.4e+38 -3.4e+38 -3.4e+38 -3.4e+38 -3.4e+38 -3.4e+38 -3.4e+38 -3.4e+38
-3.4e+38 -3.4e+38 -3.4e+38 313 312 311 311 304 300 312 289 294 279 275 271 284 295 302 305 307 303 301 308 -3.4e+38 -3.4e+38 -3.4e+38 -3.4e+38 -3.4e+38 -3.4e+38 -3.4e+38 -3.4e+38 -3.4e+38 -3.4e+38 -3.4e+38 -3.4e+38 -3.4e+38 -3.4e+38 -3.4e+38 -3.4e+38 -3.4e+38 -3.4e+38 -3.4e+38 -3.4e+38 -3.4e+38 -3.4e+38 -3.4e+38 -3.4e+38 -3.4e+38 -3.4e+38 -3.4e+38 -3.4e+38 -3.4e+38 -3.4e+38 -3.4e+38 -3.4e+38 -3.4e+38 -3.4e+38 -3.4e+38 -3.4e+38 -3.4e+38 -3.4e+38 -3.4e+38 -3.4e+38 -3.4e+38 -3.4e+38
-3.4e+38 -3.4e+38 313 311 304 291 288 295 302 303 295 285 259 258 278 288 297 297 290 299 300 304 307 -3.4e+38 -3.4e+38 -3.4e+38 -3.4e+38 -3.4e+38 -3.4e+38 -3.4e+38 -3.4e+38 -3.4e+38 -3.4e+38 -3.4e+38 -3.4e+38 -3.4e+38 -3.4e+38 -3.4e+38 -3.4e+38 -3.4e+38 -3.4e+38 -3.4e+38 -3.4e+38 -3.4e+38 -3.4e+38 -3.4e+38 -3.4e+38 -3.4e+38 -3.4e+38 -3.4e+38 -3.4e+38 -3.4e+38 -3.4e+38 -3.4e+38 -3.4e+38 -3.4e+38 -3.4e+38 -3.4e+38 -3.4e+38 -3.4e+38 -3.4e+38 -3.4e+38 -3.4e+38 -3.4e+38 -3.4e+38
312 310 306 306 303 302 302 297 292 284 261 256 265 253 278 278 290 295 298 303 306 307 307 -3.4e+38 -3.4e+38 -3.4e+38 -3.4e+38 -3.4e+38 -3.4e+38 -3.4e+38 -3.4e+38 -3.4e+38 -3.4e+38 -3.4e+38 -3.4e+38 -3.4e+38 -3.4e+38 -3.4e+38 -3.4e+38 -3.4e+38 -3.4e+38 -3.4e+38 -3.4e+38 -3.4e+38 -3.4e+38 -3.4e+38 -3.4e+38 -3.4e+38 -3.4e+38 -3.4e+38 -3.4e+38 -3.4e+38 -3.4e+38 -3.4e+38 -3.4e+38 -3.4e+38 -3.4e+38 -3.4e+38 -3.4e+38 -3.4e+38 -3.4e+38 -3.4e+38 -3.4e+38 -3.4e+38 -3.4e+38
-3.4e+38 315 314 310 301 286 276 263 269 264 245 238 251 242 282 300 300 303 308 -3.4e+38 -3.4e+38 -3.4e+38 -3.4e+38 -3.4e+38 -3.4e+38 -3.4e+38 -3.4e+38 -3.4e+38 -3.4e+38 -3.4e+38 -3.4e+38 -3.4e+38 -3.4e+38 -3.4e+38 -3.4e+38 -3.4e+38 -3.4e+38 -3.4e+38 -3.4e+38 -3.4e+38 -3.4e+38 -3.4e+38 -3.4e+38 -3.4e+38 -3.4e+38 -3.4e+38 -3.4e+38 -3.4e+38 -3.4e+38 -3.4e+38 -3.4e+38 -3.4e+38 -3.4e+38 -3.4e+38 -3.4e+38 -3.4e+38 -3.4e+38 -3.4e+38 -3.4e+38 -3.4e+38 -3.4e+38 -3.4e+38 -3.4e+38 -3.4e+38 -3.4e+38
-3.4e+38 309 299 294 289 281 269 254 261 268 238 259 267 261 298 305 -3.4e+38 -3.4e+38 -3.4e+38 -3.4e+38 -3.4e+38 -3.4e+38 -3.4e+38 -3.4e+38 -3.4e+38 -3.4e+38 -3.4e+38 -3.4e+38 -3.4e+38 -3.4e+38 -3.4e+38 -3.4e+38 -3.4e+38 -3.4e+38 -3.4e+38 -3.4e+38 -3.4e+38 -3.4e+38 -3.4e+38 -3.4e+38 -3.4e+38 -3.4e+38 -3.4e+38 -3.4e+38 -3.4e+38 -3.4e+38 -3.4e+38 -3.4e+38 -3.4e+38 -3.4e+38 -3.4e+38 -3.4e+38 -3.4e+38 -3.4e+38 -3.4e+38 -3.4e+38 -3.4e+38 -3.4e+38 -3.4e+38 -3.4e+38 -3.4e+38 -3.4e+38 -3.4e+38 -3.4e+38 -3.4e+38
-3.4e+38 310 305 296 283 268 253 251 267 275 251 277 271 270 294 301 -3.4e+38 -3.4e+38 -3.4e+38 -3.4e+38 -3.4e+38 -3.4e+38 -3.4e+38 -3.4e+38 -3.4e+38 -3.4e+38 -3.4e+38 -3.4e+38 -3.4e+38 -3.4e+38 -3.4e+38 -3.4e+38 -3.4e+38 -3.4e+38 -3.4e+38 -3.4e+38 -3.4e+38 -3.4e+38 -3.4e+38 -3.4e+38 -3.4e+38 -3.4e+38 -3.4e+38 -3.4e+38 -3.4e+38 -3.4e+38 -3.4e+38 -3.4e+38 -3.4e+38 -3.4e+38 -3.4e+38 -3.4e+38 -3.4e+38 -3.4e+38 -3.4e+38 -3.4e+38 -3.4e+38 -3.4e+38 -3.4e+38 -3.4e+38 -3.4e+38 -3.4e+38 -3.4e+38 -3.4e+38 -3.4e+38
306 303 297 295 287 278 271 261 279 282 267 286 285 283 297 302 -3.4e+38 -3.4e+38 -3.4e+38 -3.4e+38 -3.4e+38 -3.4e+38 -3.4e+38 -3.4e+38 -3.4e+38 -3.4e+38 -3.4e+38 -3.4e+38 -3.4e+38 -3.4e+38 -3.4e+38 -3.4e+38 -3.4e+38 -3.4e+38 -3.4e+38 -3.4e+38 -3.4e+38 -3.4e+38 -3.4e+38 -3.4e+38 -3.4e+38 -3.4e+38 -3.4e+38 -3.4e+38 -3.4e+38 -3.4e+38 -3.4e+38 -3.4e+38 -3.4e+38 -3.4e+38 -3.4e+38 -3.4e+38 -3.4e+38 -3.4e+38 -3.4e+38 -3.4e+38 -3.4e+38 -3.4e+38 -3.4e+38 -3.4e+38 -3.4e+38 -3.4e+38 -3.4e+38 -3.4e+38 -3.4e+38
305 304 303 296 289 283 276 266 275 288 292 289 294 301 303 -3.4e+38 -3.4e+38 -3.4e+38 -3.4e+38 -3.4e+38 -3.4e+38 -3.4e+38 -3.4e+38 -3.4e+38 -3.4e+38 -3.4e+38 -3.4e+38 -3.4e+38 -3.4e+38 -3.4e+38 -3.4e+38 -3.4e+38 -3.4e+38 -3.4e+38 -3.4e+38 -3.4e+38 -3.4e+38 -3.4e+38 -3.4e+38 -3.4e+38 -3.4e+38 -3.4e+38 -3.4e+38 -3.4e+38 -3.4e+38 -3.4e+38 -3.4e+38 -3.4e+38 -3.4e+38 -3.4e+38 -3.4e+38 -3.4e+38 -3.4e+38 -3.4e+38 -3.4e+38 -3.4e+38 -3.4e+38 -3.4e+38 -3.4e+38 -3.4e+38 -3.4e+38 -3.4e+38 -3.4e+38 -3.4e+38 -3.4e+38
-3.4e+38 -3.4e+38 303 300 298 287 286 278 281 291 290 289 305 -3.4e+38 -3.4e+38 -3.4e+38 -3.4e+38 -3.4e+38 -3.4e+38 -3.4e+38 -3.4e+38 -3.4e+38 -3.4e+38 -3.4e+38 -3.4e+38 -3.4e+38 -3.4e+38 -3.4e+38 -3.4e+38 -3.4e+38 -3.4e+38 -3.4e+38 -3.4e+38 -3.4e+38 -3.4e+38 -3.4e+38 -3.4e+38 -3.4e+38 -3.4e+38 -3.4e+38 -3.4e+38 -3.4e+38 -3.4e+38 -3.4e+38 -3.4e+38 -3.4e+38 -3.4e+38 -3.4e+38 -3.4e+38 -3.4e+38 -3.4e+38 -3.4e+38 -3.4e+38 -3.4e+38 -3.4e+38 -3.4e+38 -3.4e+38 -3.4e+38 -3.4e+38 -3.4e+38 -3.4e+38 -3.4e+38 -3.4e+38 -3.4e+38 -3.4e+38
-3.4e+38 -3.4e+38 -3.4e+38 -3.4e+38 304 297 287 272 270 282 275 297 308 -3.4e+38 -3.4e+38 -3.4e+38 -3.4e+38 -3.4e+38 -3.4e+38 -3.4e+38 -3.4e+38 -3.4e+38 -3.4e+38 -3.4e+38 -3.4e+38 -3.4e+38 -3.4e+38 -3.4e+38 -3.4e+38 -3.4e+38 -3.4e+38 -3.4e+38 -3.4e+38 -3.4e+38 -3.4e+38 -3.4e+38 -3.4e+38 -3.4e+38 -3.4e+38 -3.4e+38 -3.4e+38 -3.4e+38 -3.4e+38 -3.4e+38 -3.4e+38 -3.4e+38 -3.4e+38 -3.4e+38 -3.4e+38 -3.4e+38 -3.4e+38 -3.4e+38 -3.4e+38 -3.4e+38 -3.4e+38 -3.4e+38 -3.4e+38 -3.4e+38 -3.4e+38 -3.4e+38 -3.4e+38 -3.4e+38 -3.4e+38 -3.4e+38 -3.4e+38
-3.4e+38 -3.4e+38 -3.4e+38 -3.4e+38 301 294 287 282 287 289 296 304 -3.4e+38 -3.4e+38 -3.4e+38 -3.4e+38 -3.4e+38 -3.4e+38 -3.4e+38 -3.4e+38 -3.4e+38 -3.4e+38 -3.4e+38 -3.4e+38 -3.4e+38 -3.4e+38 -3.4e+38 -3.4e+38 -3.4e+38 -3.4e+38 -3.4e+38 -3.4e+38 -3.4e+38 -3.4e+38 -3.4e+38 -3.4e+38 -3.4e+38 -3.4e+38 -3.4e+38 -3.4e+38 -3.4e+38 -3.4e+38 -3.4e+38 -3.4e+38 -3.4e+38 -3.4e+38 -3.4e+38 -3.4e+38 -3.4e+38 -3.4e+38 -3.4e+38 -3.4e+38 -3.4e+38 -3.4e+38 -3.4e+38 -3.4e+38 -3.4e+38 -3.4e+38 -3.4e+38 -3.4e+38 -3.4e+38 -3.4e+38 -3.4e+38 -3.4e+38 -3.4e+38
-3.4e+38 -3.4e+38 -3.4e+38 -3.4e+38 302 299 290 290 293 296 300 305 -3.4e+38 -3.4e+38 -3.4e+38 -3.4e+38 -3.4e+38 -3.4e+38 -3.4e+38 -3.4e+38 -3.4e+38 -3.4e+38 -3.4e+38 -3.4e+38 -3.4e+38 -3.4e+38 -3.4e+38 -3.4e+38 -3.4e+38 -3.4e+38 -3.4e+38 -3.4e+38 -3.4e+38 -3.4e+38 -3.4e+38 -3.4e+38 -3.4e+38 -3.4e+38 -3.4e+38 -3.4e+38 -3.4e+38 -3.4e+38 -3.4e+38 -3.4e+38 -3.4e+38 -3.4e+38 -3.4e+38 -3.4e+38 -3.4e+38 -3.4e+38 -3.4e+38 -3.4e+38 -3.4e+38 -3.4e+38 -3.4e+38 -3.4e+38 -3.4e+38 -3.4e+38 -3.4e+38 -3.4e+38 -3.4e+38 -3.4e+38 -3.4e+38 -3.4e+38 -3.4e+38
