Appendix_Data/App3-Native_Range_Info/Japan_ASCII/roads_max.asc
NCOLS 192 
NROWS 175 
XLLCORNER 129.596700668 
YLLCORNER 31.009801865 
CELLSIZE 0.0833333333333333 
NODATA_value -3.4e+38 
[rows 130 to 155 of 175, columns 0 to 58 of 192]
-3.4e+38 -3.4e+38 -3.4e+38 -3.4e+38 -3.4e+38 -3.4e+38 -3.4e+38 -3.4e+38 -3.4e+38 -3.4e+38 -3.4e+38 -3.4e+38 -3.4e+38 -3.4e+38 -3.4e+38 -3.4e+38 -3.4e+38 -3.4e+38 -3.4e+38 -3.4e+38 -3.4e+38 -3.4e+38 -3.4e+38 -3.4e+38 -3.4e+38 -3.4e+38 0.24871064722538 0.394891381263733 0.1479761749506 0.240008756518364 0.235766634345055 0.178671717643738 0.224531546235085 0.178915187716484 0.318070352077484 0.348194450139999 0.278176933526993 0.462430894374847 0.466892212629318 0.238694652915001 0.271535724401474 0.395344585180283 0.322408318519592 0.177089333534241 0.248113334178925 0.282712131738663 0.279634356498718 0.244855508208275 0.301191329956055 0.47545999288559 0.479159265756607 0.482930094003677 0.751118421554565 0.676825642585754 0.532571494579315 0.570322215557098 0.19294784963131 0.193481802940369 0.00439685583114624
-3.4e+38 -3.4e+38 -3.4e+38 -3.4e+38 -3.4e+38 -3.4e+38 -3.4e+38 -3.4e+38 -3.4e+38 -3.4e+38 -3.4e+38 -3.4e+38 -3.4e+38 -3.4e+38 -3.4e+38 -3.4e+38 -3.4e+38 -3.4e+38 -3.4e+38 -3.4e+38 -3.4e+38 -3.4e+38 -3.4e+38 -3.4e+38 0.309588700532913 0.293391227722168 0.371690213680267 0.255887538194656 0.168399542570114 0.184864327311516 0.196033284068108 0.216670587658882 0.212723508477211 0.224877238273621 0.256767690181732 0.299588829278946 0.160297185182571 0.435705840587616 0.109361745417118 0.398916453123093 0.299641728401184 0.282622098922729 0.342982411384583 0.372424840927124 0.169291272759438 0.251748353242874 0.364738941192627 0.387544929981232 0.27805894613266 0.71559751033783 0.794994413852692 0.951371014118195 0.442731022834778 0.497184276580811 0.305632829666138 0.0156565066426992 -3.4e+38 -3.4e+38 0
-3.4e+38 -3.4e+38 -3.4e+38 -3.4e+38 -3.4e+38 -3.4e+38 -3.4e+38 -3.4e+38 -3.4e+38 -3.4e+38 -3.4e+38 -3.4e+38 -3.4e+38 -3.4e+38 -3.4e+38 -3.4e+38 -3.4e+38 -3.4e+38 -3.4e+38 -3.4e+38 -3.4e+38 -3.4e+38 -3.4e+38 0.301626920700073 0.266130059957504 0.162123799324036 0.276621669530869 0.166598498821259 0.144114121794701 0.317416727542877 0.091841496527195 0.383510261774063 0.333177328109741 0.348046481609344 0.327307850122452 0.157930001616478 0.446577399969101 0.185917243361473 0.341523677110672 0.244767814874649 0.273119956254959 0.353898465633392 0.275561034679413 0.391913801431656 0.394103169441223 0.542817234992981 0.482690870761871 0.500096678733826 0.740093410015106 0.748635768890381 0.584828555583954 0.31676709651947 0.372359663248062 0.0527404323220253 -3.4e+38 0.1496422290802 0.231265157461166 0.060049656778574 -3.4e+38
-3.4e+38 -3.4e+38 -3.4e+38 -3.4e+38 -3.4e+38 -3.4e+38 -3.4e+38 -3.4e+38 -3.4e+38 -3.4e+38 -3.4e+38 -3.4e+38 -3.4e+38 -3.4e+38 -3.4e+38 -3.4e+38 -3.4e+38 -3.4e+38 -3.4e+38 -3.4e+38 -3.4e+38 -3.4e+38 0.319706320762634 0.146134614944458 0.24736525118351 0.256594032049179 0.327933251857758 0.153614223003387 0.147240862250328 0.162148728966713 0.301127374172211 0.220200181007385 0.254098534584045 0.430599302053452 0.611421883106232 0.424604833126068 0.553413033485413 0.575170040130615 0.36399832367897 0.633802354335785 0.50363302230835 0.410556793212891 0.318707972764969 0.606212377548218 0.489393800497055 0.522530376911163 0.25488555431366 0.261759430170059 0.0575223676860332 0 0.545764267444611 0.226813063025475 0.0920517966151237 0.0862537026405334 0.027942581102252 0.222385615110397 0.219715163111687 0.020979031920433 -3.4e+38
-3.4e+38 -3.4e+38 -3.4e+38 -3.4e+38 -3.4e+38 -3.4e+38 -3.4e+38 -3.4e+38 -3.4e+38 -3.4e+38 -3.4e+38 -3.4e+38 -3.4e+38 -3.4e+38 -3.4e+38 -3.4e+38 -3.4e+38 0.361588805913925 0.367603093385696 -3.4e+38 -3.4e+38 0.486819177865982 0.18522734940052 0.302014350891113 0.291864573955536 0.351124137639999 0.16169710457325 0.272192269563675 0.149637758731842 0.27215102314949 0.235218361020088 0.249410539865494 0.523070871829987 0.634295523166656 0.867895185947418 0.557803869247437 0.276882439851761 0.505406856536865 0.315456062555313 0.394924610853195 0.593086242675781 0.584355533123016 0.411947399377823 0.439289093017578 0.180119529366493 0.138277679681778 0 0 0 0 0.176940858364105 0.115693800151348 0.215950772166252 0.0987148806452751 0.236059322953224 0 -3.4e+38 -3.4e+38 -3.4e+38
-3.4e+38 -3.4e+38 -3.4e+38 -3.4e+38 -3.4e+38 -3.4e+38 -3.4e+38 -3.4e+38 -3.4e+38 -3.4e+38 -3.4e+38 -3.4e+38 -3.4e+38 -3.4e+38 -3.4e+38 -3.4e+38 0.245693519711494 0.172374159097672 0.238265007734299 0.222400665283203 0.291187971830368 0.238537445664406 0.178807362914085 0.168736070394516 0.180296689271927 0.157087057828903 0.179881647229195 0.0763401761651039 0.251151740550995 0.268660664558411 0.203904643654823 0.350350677967072 0.517324507236481 0 0.272515505552292 0.452927321195602 0.26716074347496 0.274054080247879 0.270392417907715 0.220533415675163 0.260656833648682 0.270004779100418 0.417037576436996 0.0596153847873211 -3.4e+38 -3.4e+38 -3.4e+38 0 0 0.0551647245883942 0.489459782838821 0.679153800010681 0.693816602230072 1.02785885334015 0.964834451675415 0.698958694934845 0.124959342181683 -3.4e+38 -3.4e+38
-3.4e+38 -3.4e+38 -3.4e+38 -3.4e+38 -3.4e+38 -3.4e+38 -3.4e+38 -3.4e+38 -3.4e+38 -3.4e+38 -3.4e+38 -3.4e+38 -3.4e+38 -3.4e+38 -3.4e+38 -3.4e+38 0.245245650410652 0.282068312168121 0.313308566808701 0.312670767307281 0.397609829902649 0.211092203855515 0.283465594053268 0.485822737216949 0.37078845500946 0.25587671995163 0.37236624956131 0.244665384292603 0.355708628892899 0.381533563137054 0.349205762147903 0.484763324260712 0.0131261879578233 0.140165209770203 0.307600021362305 0.423828661441803 0.289649605751038 0.312561452388763 0.0756503269076347 0.308901429176331 0.195039451122284 0.402806550264359 0.0692347213625908 0 0 -3.4e+38 -3.4e+38 0.0219152383506298 0.210475355386734 0.619968056678772 0.697202086448669 0.497005969285965 0.453776329755783 0.406002014875412 0.309826672077179 0.258774667978287 0.388019174337387 0.390195578336716 0.25234717130661
-3.4e+38 -3.4e+38 -3.4e+38 -3.4e+38 -3.4e+38 -3.4e+38 -3.4e+38 -3.4e+38 -3.4e+38 -3.4e+38 -3.4e+38 -3.4e+38 -3.4e+38 -3.4e+38 -3.4e+38 -3.4e+38 0.370337247848511 0.215325146913528 0.462625563144684 0.487920224666595 0.281596779823303 0.469155997037888 0.507844984531403 0.299702912569046 0.190141096711159 0.281064718961716 0.229944929480553 0.365298360586166 0.189344331622124 0.265250146389008 0.636407554149628 0.354237794876099 -3.4e+38 0 0.170105919241905 0.116809524595737 0.00860857125371695 0 0.119289435446262 0.0421786122024059 0.212359696626663 0.251902014017105 0 0 -3.4e+38 -3.4e+38 -3.4e+38 0 0.293199628591537 0.533547937870026 0.37249743938446 0.142758712172508 0.135483592748642 0.154456481337547 0.196951434016228 0.146339103579521 0.19554029405117 0.485453516244888 0.728480994701385
-3.4e+38 -3.4e+38 -3.4e+38 -3.4e+38 -3.4e+38 -3.4e+38 -3.4e+38 -3.4e+38 -3.4e+38 -3.4e+38 -3.4e+38 -3.4e+38 -3.4e+38 -3.4e+38 -3.4e+38 -3.4e+38 0.497223377227783 0.540245592594147 0.7723069190979 0.440666288137436 0.556591689586639 0.75585800409317 0.442929863929749 0.616060197353363 0.436544001102448 0.395527392625809 0.64059042930603 0.60544353723526 0.582143783569336 0.434302389621735 0.250777214765549 0.213565364480019 -3.4e+38 0 0 0.059144452214241 -3.4e+38 -3.4e+38 0.114150837063789 0.2714564204216 0.532656192779541 0.105173215270042 -3.4e+38 -3.4e+38 -3.4e+38 -3.4e+38 -3.4e+38 0.0838353335857391 0.370917797088623 0.227661639451981 0.524829626083374 0.390317678451538 0.340937376022339 0.571616113185883 0.485238075256348 0.407826066017151 0.411259472370148 0.423648297786713 0.525729894638062
-3.4e+38 -3.4e+38 -3.4e+38 -3.4e+38 -3.4e+38 -3.4e+38 -3.4e+38 -3.4e+38 -3.4e+38 -3.4e+38 -3.4e+38 -3.4e+38 -3.4e+38 -3.4e+38 -3.4e+38 -3.4e+38 0.716125726699829 -3.4e+38 -3.4e+38 0.49969294667244 0.419183790683746 -3.4e+38 -3.4e+38 -3.4e+38 -3.4e+38 -3.4e+38 0 0.259771317243576 0.476917296648026 0.490176916122437 0.310848921537399 0.317800104618073 0.0595535412430763 0.0616185963153839 0.031151769682765 0.0396620780229568 0.143546462059021 0.00600288202986121 0.323108017444611 0.303946882486343 0.121247209608555 0.434075176715851 0.0245751775801182 0.124955780804157 0.338422626256943 0.410994678735733 0.315233886241913 0.541898429393768 0.480156689882278 0.327066868543625 0.20926122367382 0 0.0351677127182484 0.160049676895142 0.117070212960243 0.396339535713196 0.250224143266678 0.216037303209305 0.251218408346176
-3.4e+38 -3.4e+38 -3.4e+38 -3.4e+38 -3.4e+38 -3.4e+38 -3.4e+38 -3.4e+38 -3.4e+38 -3.4e+38 -3.4e+38 -3.4e+38 -3.4e+38 0.793267786502838 0.712718605995178 -3.4e+38 0.490438610315323 -3.4e+38 -3.4e+38 -3.4e+38 -3.4e+38 -3.4e+38 -3.4e+38 -3.4e+38 -3.4e+38 -3.4e+38 -3.4e+38 -3.4e+38 0.0317940078675747 0.10182761400938 0.204881876707077 0.0992654114961624 0.226495385169983 0.191228479146957 -3.4e+38 0 -3.4e+38 0.605811893939972 0.342087745666504 0.131118610501289 0.0536313131451607 0.397763341665268 0.549944818019867 0.402035176753998 0.19676099717617 0.083132341504097 0.170017495751381 0.053687397390604 0.207804292440414 0.111352302134037 0.249417886137962 0.130051821470261 0.110468544065952 0.299511641263962 0.165898472070694 0.0520233921706676 0.223987400531769 0.114816837012768 0.157459065318108
-3.4e+38 -3.4e+38 -3.4e+38 -3.4e+38 -3.4e+38 -3.4e+38 -3.4e+38 -3.4e+38 -3.4e+38 -3.4e+38 0.30280140042305 0.541370868682861 0.42404493689537 0.985869646072388 0.385843813419342 0.583054959774017 0.424673169851303 -3.4e+38 -3.4e+38 -3.4e+38 -3.4e+38 -3.4e+38 -3.4e+38 -3.4e+38 -3.4e+38 -3.4e+38 -3.4e+38 -3.4e+38 0 0.0649611875414848 0.0670856386423111 0.0923145711421967 0 -3.4e+38 -3.4e+38 -3.4e+38 -3.4e+38 0.720565259456635 0.665181457996368 0.348649561405182 0.274821192026138 0 0.079781748354435 0.0737486630678177 0.168259352445602 0.133544579148293 0.181540116667747 0.047520823776722 0.313602596521378 0.209592312574387 0.230440273880959 0.165878057479858 0.0281100757420063 0.106954298913479 0.102080494165421 0.206113696098328 0.251446425914764 0.177640274167061 0.273263931274414
-3.4e+38 -3.4e+38 -3.4e+38 -3.4e+38 -3.4e+38 -3.4e+38 -3.4e+38 -3.4e+38 -3.4e+38 -3.4e+38 0.538484036922455 0.418198823928833 0.564062237739563 0.71721625328064 0.192612379789352 0.521758913993835 0.744633853435516 -3.4e+38 -3.4e+38 -3.4e+38 -3.4e+38 -3.4e+38 -3.4e+38 -3.4e+38 -3.4e+38 -3.4e+38 -3.4e+38 -3.4e+38 -3.4e+38 -3.4e+38 0 -3.4e+38 -3.4e+38 -3.4e+38 -3.4e+38 -3.4e+38 0.188139334321022 0.467004388570786 0.282001286745071 0.0654298067092896 0.195746511220932 0.185861349105835 0.128406211733818 0.184854373335838 0.260584801435471 0.0228458065539598 0.265153080224991 0.161800429224968 0.241593673825264 0.177980840206146 0.0386000275611877 0.274747908115387 0.10315515846014 0.155297383666039 0 0.0722533762454987 0.222364723682404 0.218099445104599 0.397485077381134
-3.4e+38 -3.4e+38 -3.4e+38 -3.4e+38 -3.4e+38 -3.4e+38 -3.4e+38 0.149369359016418 -3.4e+38 -3.4e+38 1.11437404155731 0.433575540781021 0.448464661836624 0.579887330532074 0.734960198402405 0.334175735712051 0.365147024393082 0.337245732545853 -3.4e+38 -3.4e+38 -3.4e+38 -3.4e+38 -3.4e+38 0.264177888631821 0.188182041049004 -3.4e+38 -3.4e+38 -3.4e+38 -3.4e+38 -3.4e+38 -3.4e+38 -3.4e+38 -3.4e+38 -3.4e+38 0.159418627619743 0.322562694549561 0.259604156017303 0.394016474485397 0.281968921422958 0.308649986982346 0.290471106767654 0.148705199360847 0.14999920129776 0.203456372022629 0.185177385807037 0.106962881982327 0.216308921575546 0.301620334386826 0.470686435699463 0.395951837301254 0.381306707859039 0.137568786740303 0.123496420681477 0.000939531833864748 0.0347489565610886 0.0440332628786564 0.125206604599953 0.262747555971146 0.0175746325403452
-3.4e+38 -3.4e+38 -3.4e+38 0.226932540535927 -3.4e+38 -3.4e+38 0.346183091402054 0.710111320018768 0.564540565013885 0.67621237039566 1.21769607067108 0.349929362535477 0.550979256629944 0.465873211622238 0.311759531497955 0.303716272115707 0.221175342798233 0.163178607821465 0.304244101047516 0.479198724031448 0.430259227752686 0.376530647277832 0.24773220717907 0.320434004068375 0.265980452299118 0.164361923933029 -3.4e+38 -3.4e+38 -3.4e+38 -3.4e+38 -3.4e+38 -3.4e+38 -3.4e+38 0.136296853423119 0.335425853729248 0.535965859889984 0.651393115520477 0.212494969367981 0.349681884050369 0.172917038202286 0.163592770695686 0.0955434888601303 0.229733645915985 0.224487572908401 0.241320431232452 0.393486082553864 0.684889853000641 0.825633525848389 0.670736908912659 0.491827666759491 0.313669234514236 0.162933096289635 0.110626421868801 0.120200827717781 0.231080755591393 0.314645349979401 0.261484771966934 0.0187443252652884 -3.4e+38
-3.4e+38 -3.4e+38 0.115212105214596 0.350501596927643 -3.4e+38 0.520997405052185 0.204715371131897 0.1585693359375 0.27935254573822 0.193577900528908 0.244619056582451 1.02759695053101 0.389781624078751 0.353576004505157 0.350235164165497 0.362560302019119 0.19542695581913 0.084816575050354 0.274897158145905 0.206877842545509 0.255452454090118 0.356624782085419 0.44447323679924 0.403309166431427 0.3501897752285 0.319523304700851 -3.4e+38 -3.4e+38 -3.4e+38 -3.4e+38 0.0252636838704348 0.219655498862267 0.20798434317112 0.308966010808945 0.401808530092239 0.560970902442932 0.298235207796097 0.302856832742691 0.169267579913139 0.238242521882057 0.340531021356583 0.139070093631744 0.189797967672348 0.0717202052474022 0.44692450761795 0.342816472053528 0.388409703969955 0.0905470550060272 -3.4e+38 -3.4e+38 -3.4e+38 0.191557064652443 0.328942179679871 0.175667494535446 0.0709713846445084 0.162226170301437 0.0254953261464834 -3.4e+38 -3.4e+38
-3.4e+38 -3.4e+38 -3.4e+38 0.379037797451019 0.530187547206879 0.243042841553688 0.188583761453629 0.387109786272049 0.355275124311447 0.436808228492737 0.548753976821899 0.871460199356079 0.83144199848175 0.688292860984802 0.428819328546524 0.274818748235703 0.225930407643318 0.334700286388397 0.291260600090027 0.192176148295403 0.383606046438217 0.219829261302948 0.353203296661377 0.542257726192474 0.213738292455673 -3.4e+38 -3.4e+38 -3.4e+38 -3.4e+38 0.0906421765685081 0.159744054079056 0.0544538795948029 -3.4e+38 0.290533810853958 0.416638523340225 0.224824666976929 0.311660349369049 0.250162929296494 0.189609706401825 0.210196942090988 0.314081102609634 0.182476580142975 0.183318987488747 0.244428336620331 0.293131679296494 0.101259790360928 0.0244784783571959 -3.4e+38 -3.4e+38 -3.4e+38 -3.4e+38 -3.4e+38 -3.4e+38 0.125010773539543 0 0.100868456065655 -3.4e+38 -3.4e+38 -3.4e+38
0.396818578243256 0.35786709189415 0.320361286401749 0.478058487176895 0.416099011898041 0.441148072481155 0.426874786615372 0.455173194408417 0.678489565849304 0.650844514369965 0.642280161380768 0.736545860767365 0.318794846534729 0.31948122382164 0.307299584150314 0.562768518924713 0.662038743495941 0.327931523323059 0.526230275630951 0.192852854728699 0.225193187594414 0.317769348621368 0.48329097032547 -3.4e+38 -3.4e+38 -3.4e+38 -3.4e+38 -3.4e+38 0 -3.4e+38 -3.4e+38 -3.4e+38 -3.4e+38 0.138096079230309 0.235549867153168 0.533420264720917 0.313986212015152 0.221806108951569 0.0916960835456848 0 0.324014186859131 0.113186448812485 0.383447140455246 0.334007531404495 0 -3.4e+38 -3.4e+38 -3.4e+38 -3.4e+38 -3.4e+38 -3.4e+38 -3.4e+38 -3.4e+38 -3.4e+38 0.208125114440918 0.0930718034505844 -3.4e+38 -3.4e+38 -3.4e+38
0.346131831407547 0.380079925060272 0.332545876502991 0.43294557929039 0.555951237678528 0.601950466632843 0.43696540594101 0.452482223510742 0.689741015434265 0.674288392066956 0.800122976303101 0.550987243652344 0.313707947731018 0.23433630168438 0.172748535871506 0.169903919100761 0.225064158439636 0.271571040153503 0.23113439977169 0.396705329418182 0.568026959896088 0.245789498090744 0.465471804141998 0.672215700149536 0.805678129196167 0.544599592685699 0.228239744901657 0.11139503121376 -3.4e+38 -3.4e+38 -3.4e+38 -3.4e+38 -3.4e+38 0 0.0137210479006171 0.342804461717606 0.258319497108459 0.386544167995453 0.310387253761292 0.271339505910873 0.337587177753448 0.114108055830002 0.404097944498062 0.189206093549728 0 -3.4e+38 -3.4e+38 -3.4e+38 -3.4e+38 -3.4e+38 -3.4e+38 -3.4e+38 -3.4e+38 -3.4e+38 -3.4e+38 0.00809893198311329 -3.4e+38 -3.4e+38 -3.4e+38
-3.4e+38 -3.4e+38 0.583827972412109 0.266430616378784 0.455499351024628 0.310038089752197 0.343293219804764 -3.4e+38 -3.4e+38 0.240520730614662 0.810971140861511 0.339632213115692 0.192207276821136 0.191919252276421 0.15211483836174 0.268467664718628 0.247763529419899 0.270497024059296 0.114046581089497 0.354066997766495 0.098296582698822 0.154277339577675 0.341003328561783 0.233162045478821 0.416382551193237 0.297960728406906 0.606718003749847 0.0577958226203918 0 0 -3.4e+38 -3.4e+38 0 -3.4e+38 0.192856475710869 0.294369906187057 0.217163011431694 0.19832356274128 0.269529461860657 0.129878789186478 0.225616067647934 0.257904678583145 0.227211430668831 0.0141458520665765 -3.4e+38 -3.4e+38 -3.4e+38 -3.4e+38 -3.4e+38 -3.4e+38 -3.4e+38 -3.4e+38 -3.4e+38 -3.4e+38 -3.4e+38 -3.4e+38 -3.4e+38 -3.4e+38 -3.4e+38
-3.4e+38 0.263259828090668 -3.4e+38 0.269654601812363 0.334104150533676 0.133467763662338 0.303737759590149 -3.4e+38 -3.4e+38 -3.4e+38 0.643791437149048 0.479000389575958 0.339544892311096 0.297401696443558 0.224229380488396 0.256548017263412 0.183926373720169 0.221445098519325 0.341632217168808 0.300541281700134 0.134775027632713 0.269008815288544 0.231182768940926 0.16938328742981 0.405750215053558 0.277605324983597 0.307970345020294 0.47997659444809 0.195701897144318 0 -3.4e+38 -3.4e+38 -3.4e+38 0 0.12811516225338 0.187205955386162 0.0750522017478943 0.114569537341595 0.104783438146114 0.136677071452141 0.21809808909893 0.275234967470169 0.0904091894626617 -3.4e+38 -3.4e+38 -3.4e+38 -3.4e+38 -3.4e+38 -3.4e+38 -3.4e+38 -3.4e+38 -3.4e+38 -3.4e+38 -3.4e+38 -3.4e+38 -3.4e+38 -3.4e+38 -3.4e+38 -3.4e+38
0.147051587700844 0.126456618309021 0.0836551710963249 -3.4e+38 0.418235242366791 0.207831740379333 0.0889143645763397 0.237234741449356 -3.4e+38 -3.4e+38 0.525327503681183 0.355875492095947 0.428137093782425 0.361657917499542 0.43159344792366 0.141708076000214 0.146133780479431 0.456882804632187 0.378039330244064 0.471881836652756 0.296742886304855 0.483627021312714 0.479005038738251 0.360266149044037 0.26302781701088 0.187011554837227 0.318348795175552 0.541005551815033 0.122669480741024 0.0595792718231678 -3.4e+38 -3.4e+38 -3.4e+38 -3.4e+38 0.154774948954582 0.246913716197014 0.264434993267059 0.307025581598282 0.362000674009323 0.291370898485184 0.407564789056778 0 -3.4e+38 -3.4e+38 -3.4e+38 -3.4e+38 -3.4e+38 -3.4e+38 -3.4e+38 -3.4e+38 -3.4e+38 -3.4e+38 -3.4e+38 -3.4e+38 -3.4e+38 -3.4e+38 -3.4e+38 -3.4e+38 -3.4e+38
-3.4e+38 0.127450615167618 0.17329353094101 -3.4e+38 0.513677418231964 0.366298109292984 0.226814806461334 -3.4e+38 -3.4e+38 -3.4e+38 -3.4e+38 0.408871948719025 0.424692243337631 0.628686666488647 0.509751379489899 0.39457756280899 0.575901091098785 0.346792250871658 0.234668806195259 0.176779314875603 0.206990316510201 0.0908712446689606 0.132160753011703 0.117391161620617 0.251000612974167 0.281714737415314 0.135494947433472 0.128895998001099 0.177972376346588 0 -3.4e+38 -3.4e+38 -3.4e+38 -3.4e+38 0.112306244671345 0.0277729425579309 0.0353984497487545 0.224135592579842 0.158911839127541 0.219977051019669 0.129094138741493 0 -3.4e+38 -3.4e+38 -3.4e+38 -3.4e+38 -3.4e+38 -3.4e+38 -3.4e+38 -3.4e+38 -3.4e+38 -3.4e+38 -3.4e+38 -3.4e+38 -3.4e+38 -3.4e+38 -3.4e+38 -3.4e+38 -3.4e+38
-3.4e+38 -3.4e+38 0.266310334205627 0.578664183616638 0.636986792087555 0.418771833181381 0.388290166854858 0.235868886113167 0.302134662866592 -3.4e+38 -3.4e+38 -3.4e+38 0.456452012062073 0.990930020809174 0.537843704223633 0.255086362361908 0.0972485244274139 0.392199486494064 0.406696617603302 0.304881036281586 0.130587175488472 0.13616119325161 0.0984218120574951 0.105547592043877 0.140592500567436 0.277227461338043 0.10553702712059 0.219889491796494 0.0968116819858551 -3.4e+38 -3.4e+38 -3.4e+38 -3.4e+38 -3.4e+38 0 -3.4e+38 0.188943117856979 0.151271089911461 0.178777262568474 0.152281507849693 0.279736697673798 0 -3.4e+38 -3.4e+38 -3.4e+38 -3.4e+38 -3.4e+38 -3.4e+38 -3.4e+38 -3.4e+38 -3.4e+38 -3.4e+38 -3.4e+38 -3.4e+38 -3.4e+38 -3.4e+38 -3.4e+38 -3.4e+38 -3.4e+38
-3.4e+38 -3.4e+38 -3.4e+38 0.485104352235794 -3.4e+38 -3.4e+38 -3.4e+38 0.364158093929291 0.325277358293533 -3.4e+38 -3.4e+38 -3.4e+38 0.468786329030991 0.428308427333832 0.333849787712097 0.345065534114838 0.238975748419762 0.276630640029907 0.333758264780045 0.302973210811615 0.271345287561417 0.157003089785576 0 0 0.0923567116260529 0.246801525354385 0.173413991928101 0.0532814562320709 -3.4e+38 -3.4e+38 -3.4e+38 -3.4e+38 -3.4e+38 -3.4e+38 -3.4e+38 0 -3.4e+38 -3.4e+38 0.0469292029738426 -3.4e+38 0.139825329184532 0.0218431409448385 -3.4e+38 -3.4e+38 -3.4e+38 -3.4e+38 -3.4e+38 -3.4e+38 -3.4e+38 -3.4e+38 -3.4e+38 -3.4e+38 -3.4e+38 -3.4e+38 -3.4e+38 -3.4e+38 -3.4e+38 -3.4e+38 -3.4e+38
-3.4e+38 -3.4e+38 -3.4e+38 -3.4e+38 -3.4e+38 -3.4e+38 -3.4e+38 0.369252264499664 -3.4e+38 -3.4e+38 -3.4e+38 0.231759175658226 0.25117027759552 0.443271309137344 0.198351845145226 0.192744061350822 0.217929944396019 0 0.0995176956057549 0.117255829274654 0.161391392350197 0.247148454189301 0.0809797570109367 0 0.0562739148736 0.310347586870193 0.0245955884456635 -3.4e+38 -3.4e+38 -3.4e+38 -3.4e+38 -3.4e+38 -3.4e+38 -3.4e+38 -3.4e+38 -3.4e+38 -3.4e+38 -3.4e+38 -3.4e+38 -3.4e+38 -3.4e+38 -3.4e+38 -3.4e+38 -3.4e+38 -3.4e+38 -3.4e+38 -3.4e+38 -3.4e+38 -3.4e+38 -3.4e+38 -3.4e+38 -3.4e+38 -3.4e+38 -3.4e+38 -3.4e+38 -3.4e+38 -3.4e+38 -3.4e+38 -3.4e+38
