Appendix_Data/App3-Native_Range_Info/Japan_ASCII/roads_max.asc
NCOLS 192 
NROWS 175 
XLLCORNER 129.596700668 
YLLCORNER 31.009801865 
CELLSIZE 0.0833333333333333 
NODATA_value -3.4e+38 
[rows 104 to 129 of 175, columns 59 to 117 of 192]
-3.4e+38 -3.4e+38 -3.4e+38 -3.4e+38 -3.4e+38 -3.4e+38 -3.4e+38 -3.4e+38 -3.4e+38 -3.4e+38 -3.4e+38 -3.4e+38 -3.4e+38 -3.4e+38 -3.4e+38 -3.4e+38 -3.4e+38 -3.4e+38 -3.4e+38 -3.4e+38 -3.4e+38 -3.4e+38 -3.4e+38 -3.4e+38 -3.4e+38 -3.4e+38 -3.4e+38 0.522233784198761 0.232968926429749 0.361202239990234 0.0282904207706451 -3.4e+38 -3.4e+38 -3.4e+38 0.185317665338516 0.599199116230011 0.36323007941246 0.0457887537777424 0 0 0.272654563188553 0.0670030564069748 0.141426384449005 0.227355986833572 0.576592743396759 0.258419156074524 0.422246009111404 0.17758184671402 0.0319026671350002 0.108610577881336 0 0.330907821655273 0.344233632087708 0.164345100522041 0.0540531612932682 0.0950000062584877 0.10247889906168 0.119709700345993 0
-3.4e+38 -3.4e+38 -3.4e+38 -3.4e+38 -3.4e+38 -3.4e+38 -3.4e+38 -3.4e+38 -3.4e+38 -3.4e+38 -3.4e+38 -3.4e+38 -3.4e+38 -3.4e+38 -3.4e+38 -3.4e+38 -3.4e+38 -3.4e+38 -3.4e+38 -3.4e+38 -3.4e+38 -3.4e+38 -3.4e+38 -3.4e+38 -3.4e+38 -3.4e+38 0.3327916264534 0.263696610927582 0.260128647089005 0.4621442258358 0.479180961847305 0.0700954869389534 0.00390088395215571 0.0409367196261883 0.702676057815552 0.199329227209091 0.103316821157932 0.0644070878624916 0 0 0.246819406747818 0.0467876605689526 0.0166419483721256 0.108756259083748 0.551578104496002 0.395004391670227 0.346460312604904 0.0592367835342884 0.219133228063583 0.103818267583847 0 0.143193796277046 0.10634009540081 0.524076581001282 0.10133620351553 0 0.161585286259651 0.126324355602264 0.134083211421967
-3.4e+38 -3.4e+38 -3.4e+38 -3.4e+38 -3.4e+38 -3.4e+38 -3.4e+38 -3.4e+38 -3.4e+38 -3.4e+38 -3.4e+38 -3.4e+38 -3.4e+38 -3.4e+38 -3.4e+38 -3.4e+38 -3.4e+38 -3.4e+38 -3.4e+38 -3.4e+38 -3.4e+38 -3.4e+38 -3.4e+38 -3.4e+38 -3.4e+38 0.0682023912668228 0.345709621906281 0.349066168069839 0.480767011642456 0.864502727985382 0.882985591888428 0.813906371593475 0.992149889469147 0.785236716270447 0.54843270778656 0.138633072376251 0.0404195077717304 0.0887057855725288 0 0 0.240624830126762 0.106338024139404 0.172192573547363 0.195317730307579 0.405662715435028 0.663043141365051 0.431287914514542 0.22095987200737 0.0547141097486019 0.0657494887709618 0 0.105349838733673 0.157305255532265 0.451414704322815 0.00618946645408869 0.0647125244140625 0.100568518042564 0 0
-3.4e+38 -3.4e+38 -3.4e+38 -3.4e+38 -3.4e+38 -3.4e+38 -3.4e+38 -3.4e+38 -3.4e+38 -3.4e+38 -3.4e+38 -3.4e+38 -3.4e+38 -3.4e+38 -3.4e+38 -3.4e+38 -3.4e+38 -3.4e+38 -3.4e+38 -3.4e+38 -3.4e+38 -3.4e+38 -3.4e+38 -3.4e+38 -3.4e+38 0.502903282642365 0.67029857635498 0.473789483308792 0.618727207183838 0.737478852272034 0.325721263885498 0.498314708471298 0.720712423324585 0.574819087982178 0.118416264653206 0.00506528187543154 0 0 0 0.133751407265663 0.42900276184082 0.199176236987114 0.244673445820808 0.434978365898132 0.904895544052124 0.498089373111725 0.0327754653990269 0.139154523611069 0.276025474071503 0.348169565200806 0.0860306918621063 0.222495511174202 0.158356040716171 0.336815059185028 0.457821428775787 0.438762336969376 0.124363638460636 0 0.105285994708538
-3.4e+38 -3.4e+38 -3.4e+38 -3.4e+38 -3.4e+38 -3.4e+38 -3.4e+38 -3.4e+38 -3.4e+38 -3.4e+38 -3.4e+38 -3.4e+38 -3.4e+38 -3.4e+38 -3.4e+38 -3.4e+38 -3.4e+38 -3.4e+38 -3.4e+38 -3.4e+38 -3.4e+38 -3.4e+38 -3.4e+38 -3.4e+38 0.515642404556274 0.965151071548462 0.286585688591003 0.186823397874832 0.562686085700989 0.361873090267181 0.286536753177643 0.219265267252922 0.283801287412643 0.149180591106415 0.47668445110321 0.275817662477493 0.182167142629623 0.052242424339056 0.0889322385191917 0.462175101041794 0.358392000198364 0.269071877002716 0.365945905447006 0.86552107334137 0.334501445293427 0.215594202280045 0 0.010570383630693 0.434024125337601 0.461665898561478 0.208012521266937 0.422606080770493 0.292990356683731 0.421170711517334 0.514227747917175 0.158882588148117 0.260515481233597 0.126511037349701 0.191489487886429
-3.4e+38 -3.4e+38 -3.4e+38 -3.4e+38 -3.4e+38 -3.4e+38 -3.4e+38 -3.4e+38 -3.4e+38 -3.4e+38 -3.4e+38 -3.4e+38 -3.4e+38 -3.4e+38 -3.4e+38 -3.4e+38 -3.4e+38 -3.4e+38 -3.4e+38 -3.4e+38 -3.4e+38 -3.4e+38 -3.4e+38 0.652936339378357 0.568468928337097 0.425376653671265 0.158493399620056 0.156591638922691 0.176333740353584 0.235431089997292 0.30314102768898 0 0.331897079944611 0.0591573193669319 0.194466263055801 0.331183850765228 0 0 0.094522163271904 0.138394311070442 0.397524386644363 0.377783745527267 0.587309420108795 0.480274260044098 0.325553268194199 0.210350498557091 0.173388481140137 0.239992290735245 0.209341019392014 0.104973152279854 0.172744318842888 0.212327927350998 0.297173261642456 0.507418751716614 0.476591765880585 0.25589656829834 0.293549805879593 0.226385235786438 0.104262463748455
-3.4e+38 -3.4e+38 -3.4e+38 -3.4e+38 -3.4e+38 -3.4e+38 -3.4e+38 -3.4e+38 -3.4e+38 -3.4e+38 -3.4e+38 -3.4e+38 -3.4e+38 -3.4e+38 -3.4e+38 -3.4e+38 -3.4e+38 -3.4e+38 -3.4e+38 -3.4e+38 -3.4e+38 0.0891381502151489 0.417718410491943 0.740545213222504 0.21798837184906 0.226932793855667 0 0.0842147469520569 0.238098338246346 0.14692810177803 0.16827517747879 0.0571042448282242 0.198449537158012 0.270086616277695 0.0171259455382824 0.0129240173846483 0 0 0.033017348498106 0.152134791016579 0.516195118427277 0.410288661718369 0.246871218085289 0.273489415645599 0.790231049060822 0.689075410366058 0.335079848766327 0.148727312684059 0.228564858436584 0.261295586824417 0.238125860691071 0.35197114944458 0.311889618635178 0.598412811756134 0.73125296831131 0.714604675769806 0.650254666805267 0.85235732793808 0.298161149024963
-3.4e+38 -3.4e+38 -3.4e+38 -3.4e+38 -3.4e+38 -3.4e+38 -3.4e+38 -3.4e+38 -3.4e+38 -3.4e+38 -3.4e+38 -3.4e+38 -3.4e+38 -3.4e+38 -3.4e+38 -3.4e+38 -3.4e+38 -3.4e+38 -3.4e+38 -3.4e+38 0.0661843568086624 0.506358504295349 0.559286713600159 0.245050504803658 0.245878770947456 0.203271374106407 0.0762768313288689 0.0738532543182373 0.316067099571228 0.152786448597908 0.195585310459137 0.401909232139587 0.211784645915031 0.240555822849274 0.151764169335365 0.0289402063935995 0.0358698591589928 0 0 0.00039014988578856 0.540550887584686 0.572257459163666 0.301667213439941 0.317159920930862 0.26933491230011 0.463045299053192 0.693625390529633 0.926212847232819 0.603856265544891 0.602982521057129 0.318215280771255 0.494388192892075 0.438722640275955 0.452445834875107 0.967334389686584 0.59075254201889 0.723155379295349 0.632015883922577 0.814405560493469
-3.4e+38 -3.4e+38 -3.4e+38 -3.4e+38 -3.4e+38 -3.4e+38 -3.4e+38 -3.4e+38 -3.4e+38 -3.4e+38 -3.4e+38 -3.4e+38 -3.4e+38 -3.4e+38 -3.4e+38 -3.4e+38 -3.4e+38 -3.4e+38 -3.4e+38 0.346654176712036 0.530323922634125 0.318124294281006 0.205826923251152 0.117228657007217 0.13738340139389 0.0894662514328957 0.0530398786067963 0.0769017562270164 0.212054088711739 0.0980172082781792 0.320177435874939 0.308884292840958 0.444388419389725 0.175766468048096 0.126238822937012 0.125038087368011 0.392813235521317 0.199941262602806 0 0.126637354493141 0.611002147197723 0.627647817134857 0.28866446018219 0.417436569929123 0.235305845737457 0.179665565490723 0.224603414535522 0.508264183998108 0.273789525032043 0.310078740119934 0.200080648064613 0.334062039852142 0.390921801328659 0.343894600868225 0.431130737066269 0.685990035533905 0.505833387374878 0.640169084072113 0.390375137329102
-3.4e+38 -3.4e+38 -3.4e+38 -3.4e+38 -3.4e+38 -3.4e+38 -3.4e+38 -3.4e+38 -3.4e+38 -3.4e+38 -3.4e+38 -3.4e+38 -3.4e+38 -3.4e+38 -3.4e+38 -3.4e+38 -3.4e+38 -3.4e+38 0.0913290306925774 0.314236015081406 0.700022399425507 0.478697240352631 0.0244206301867962 0.0569457374513149 0.140769094228745 0.135957449674606 0.0558173544704914 0.0397272519767284 0.18294683098793 0.0103027205914259 0.248445451259613 0.324097841978073 0.347940176725388 0.287006497383118 0.0631731078028679 0.055500965565443 0.186955288052559 0.451526910066605 0.172050714492798 0.0587686114013195 0.249813497066498 0.663619697093964 0.0590426810085773 0.466475635766983 0.240042582154274 0.364395707845688 0.0788850113749504 0.271702587604523 0.0919495970010757 0.22163513302803 0.220932811498642 0.0271623563021421 0.25500562787056 0.164866805076599 0.249662712216377 0.432544022798538 0.799586951732635 0.832049906253815 0.81841117143631
-3.4e+38 -3.4e+38 -3.4e+38 -3.4e+38 -3.4e+38 -3.4e+38 -3.4e+38 -3.4e+38 -3.4e+38 -3.4e+38 -3.4e+38 -3.4e+38 -3.4e+38 -3.4e+38 -3.4e+38 -3.4e+38 -3.4e+38 -3.4e+38 0.260994136333466 0.326020926237106 1.12058138847351 0.592383623123169 0.278435617685318 0.260074138641357 0.269012212753296 0.0298759769648314 0 0 0.0380985997617245 0.384040474891663 0.248209238052368 0.0463353917002678 0.170963272452354 0.281868577003479 0.224400117993355 0.185135260224342 0.098971039056778 0.177361473441124 0.107224263250828 0 0.279602199792862 0.340222030878067 0.698423981666565 0.289484709501266 0.343524962663651 0.326937884092331 0.263979017734528 0.317451894283295 0.170061782002449 0.101542584598064 0.124021202325821 0.164689406752586 0.137104377150536 0.237687662243843 0.357879847288132 0.391701877117157 0.386144399642944 0.580521941184998 0.564645349979401
-3.4e+38 -3.4e+38 -3.4e+38 -3.4e+38 -3.4e+38 -3.4e+38 -3.4e+38 -3.4e+38 -3.4e+38 -3.4e+38 -3.4e+38 -3.4e+38 -3.4e+38 -3.4e+38 -3.4e+38 -3.4e+38 -3.4e+38 0.151374742388725 0.281079113483429 0.452856808900833 0.644157290458679 0.17431665956974 0.402107745409012 0.468805819749832 0.344324111938477 0.234942674636841 0.0942680239677429 0.127599373459816 0.242475152015686 0 0.147973865270615 0.0831755101680756 0.341775119304657 0.24913215637207 0.184721484780312 0.00238053221255541 0.167361259460449 0.132167816162109 0.0641682296991348 0.233747154474258 0.157306641340256 0.450791567564011 0.0762434080243111 0.557704627513885 0.343573540449142 0.0295159220695496 0.0313294380903244 0.229441463947296 0.297568112611771 0.126208931207657 0.139368236064911 0.132011100649834 0.2774398624897 0.230987027287483 0.40362486243248 0.283810287714005 0.101352609694004 0.471564173698425 0.613275051116943
-3.4e+38 -3.4e+38 -3.4e+38 -3.4e+38 -3.4e+38 -3.4e+38 -3.4e+38 -3.4e+38 -3.4e+38 -3.4e+38 -3.4e+38 -3.4e+38 -3.4e+38 -3.4e+38 -3.4e+38 -3.4e+38 -3.4e+38 -3.4e+38 0.292709350585938 0.532882869243622 0.409327864646912 0.29226815700531 0.117584250867367 0.116815984249115 0.14882780611515 0.253061294555664 0.196920365095139 0.239058494567871 0.37024587392807 0.116897419095039 0.18137326836586 0.178315460681915 0.367842435836792 0.0973037034273148 0 0.0165393929928541 0.169297739863396 0.206380426883698 0.2672238945961 0.19363933801651 0.162390857934952 0.535749018192291 0.0697865635156631 0.187835797667503 0.267566174268723 0.524685025215149 0.520166337490082 0.179643601179123 0.094132699072361 0.131471201777458 0.03489750623703 0.111054211854935 0.0113710211589932 0.0115223173052073 0.0333064720034599 0.0825903713703156 0.333695650100708 0.591828763484955 0.615444719791412
-3.4e+38 -3.4e+38 -3.4e+38 -3.4e+38 -3.4e+38 -3.4e+38 -3.4e+38 -3.4e+38 0.0680543482303619 -3.4e+38 -3.4e+38 -3.4e+38 -3.4e+38 -3.4e+38 -3.4e+38 -3.4e+38 -3.4e+38 -3.4e+38 0.133171692490578 0.204997360706329 0.377826511859894 0.0727317556738853 0.0550496801733971 0.113020718097687 0.101110480725765 0.0674483627080917 0 0.0496989674866199 0.423195958137512 0.137742012739182 0.0616166889667511 0.128395140171051 0.426322281360626 0.0604750700294971 0 0.0614515580236912 0.145804196596146 0.0947768017649651 0.227352067828178 0.0220044646412134 0.161175265908241 0.434974491596222 0.218771979212761 0.118719317018986 0.00686193257570267 0.140916854143143 0.600958943367004 0.16025847196579 0.123577930033207 0.117491096258163 0.079650342464447 0.128086671233177 0.145276844501495 0.198707222938538 0.154295042157173 0.204222396016121 0.345502465963364 0.779150307178497 0.652437031269073
-3.4e+38 -3.4e+38 -3.4e+38 -3.4e+38 -3.4e+38 0 0.150524482131004 0.292829304933548 0.248205482959747 0.064705103635788 -3.4e+38 0 -3.4e+38 -3.4e+38 -3.4e+38 -3.4e+38 -3.4e+38 0.0593040287494659 0.169838920235634 0.575979053974152 0.131018623709679 0.0213612765073776 0.0650449693202972 0.217743530869484 0.173793405294418 0.0920696184039116 0 0.189257442951202 0.107011198997498 0.475766748189926 0.21518786251545 0.299398124217987 0.207153916358948 0.198653921484947 0.165883466601372 0.0904887765645981 0 0.0879065915942192 0.185998365283012 0 0.184538379311562 0.399696171283722 0.157105162739754 0 0.132420584559441 0.0715306177735329 0.166482016444206 0.568123042583466 0.215243622660637 0.206131011247635 0.441246807575226 0.0890202596783638 0.0470117442309856 0.320873647928238 0.232403248548508 0.138785153627396 0.242875888943672 0.735457003116608 0.902763307094574
0.200670674443245 0.353330314159393 0.325894802808762 0.26576042175293 0.302891612052917 0.303326278924942 0.463853180408478 0.154895484447479 0.122582472860813 0.0350491255521774 -3.4e+38 0 -3.4e+38 -3.4e+38 -3.4e+38 0 0.161198571324348 0.28326028585434 0.628496289253235 0.442057967185974 0.150884002447128 0.0220154654234648 0.186519041657448 0.204570308327675 0.0948326140642166 0.273486763238907 0.0537245161831379 0.202979102730751 0.0130616491660476 0.328417897224426 0.26549032330513 0.347468286752701 0.257415115833282 0.210236951708794 0.0956676080822945 0.2005275785923 0.0162108950316906 0.241926193237305 0 0 0.330817759037018 0.333845138549805 0.095606230199337 0 0 0.191410034894943 0.120092384517193 0.649468779563904 0.9827601313591 0.706572473049164 0.376879423856735 0.318247407674789 0.280732810497284 0.422846585512161 0.423075526952744 0.353168576955795 0.412556827068329 0.756719172000885 0.833682715892792
0.18322741985321 0.0717579498887062 0.298286646604538 0.478363454341888 0.257247507572174 0.23199126124382 0.35947984457016 0.526767015457153 0.518022000789642 0.0777292549610138 0.157980516552925 0.223401382565498 0 0.0581339374184608 0.163402050733566 0.168690621852875 0.34850338101387 0.099881649017334 0.0283332783728838 0.377349942922592 0.480357348918915 0.155135527253151 0.113889954984188 0.197908699512482 0.138922289013863 0.383153587579727 0.228853806853294 0.218094438314438 0.459627836942673 0.419444978237152 0.356094032526016 0.382297277450562 0.392211616039276 0.250263661146164 0.235010653734207 0.325753599405289 0.708048224449158 0.192023947834969 0.0971872135996819 0.231457456946373 0.404867619276047 0.109674043953419 0.163354903459549 0 0 0.188624292612076 0.106692634522915 0.5389124751091 0.367443710565567 0.201076164841652 0.146289229393005 0.254867494106293 0.43797841668129 0.225952908396721 0.193222463130951 0.258410900831223 0.306665331125259 0.448942571878433 0.712397277355194
0.189819410443306 0.126544058322906 0.164698928594589 0.502417266368866 0.190824836492538 0.312458872795105 0.260617166757584 0.347534775733948 0.226058319211006 0.661640822887421 0.546817064285278 0.373926162719727 0.427161574363708 0.395264357328415 0.335228443145752 0.354997664690018 0.303393542766571 0.137417271733284 0.448247462511063 0.312888532876968 0.634142756462097 0.22928062081337 0.103017963469028 0.158498361706734 0.352868765592575 0.50510436296463 0.408528923988342 0.461293667554855 0.520636796951294 0.641606450080872 0.77665376663208 0.353145122528076 0.250927954912186 0.321026384830475 0.53158050775528 0.558721005916595 0.12237948179245 0.1910220682621 0.339629828929901 0.548976719379425 0.327175676822662 0.14534729719162 0.0306084472686052 0 0 0.0996412485837936 0.0546614751219749 0.509958505630493 0.168116688728333 0.306678265333176 0.287494480609894 0.634125053882599 0.118612982332706 0.118264995515347 0.128665581345558 0.0385391116142273 0.110543392598629 0.334550678730011 0.79316109418869
0.180745914578438 0.187151148915291 0.265748888254166 0.385704666376114 0.159910693764687 0.287398815155029 0.247928515076637 0.452480882406235 0.353558570146561 0.453513741493225 0.236290290951729 0.187829241156578 0.118069969117641 0.162117153406143 0.0869550034403801 0.0449696481227875 0.150414749979973 0.245271518826485 0.353915870189667 0 0.203100055456161 0.527867496013641 0.542131364345551 0.729569852352142 0.667635083198547 0.827836275100708 0.814842164516449 0.910496294498444 0.708990037441254 0.73153555393219 0.472150534391403 0.536447763442993 0.405781626701355 0.504262268543243 0.349358677864075 0.333905547857285 0 0.0556889176368713 0.166800439357758 0.40481624007225 0.0941880717873573 0.102338165044785 0 0 0 0.0540709532797337 0.130727559328079 0.324140727519989 0.196600988507271 0.178223267197609 0.248942792415619 0.184476926922798 0.249034017324448 0.211898744106293 0.450948029756546 0.376333177089691 0.415228456258774 0.833567917346954 0.859288275241852
0.140924036502838 0.193241566419601 0.115097127854824 0.285073459148407 0.418103069067001 0.442957282066345 0.35256153345108 0.544433355331421 0.513292670249939 0.609634876251221 0.346367865800858 0.132719054818153 0.269311547279358 0.116104878485203 0.147580429911613 0.0936919450759888 0.131349995732307 0.218842327594757 0.25035759806633 0 0.13175830245018 0.6489377617836 0.240896791219711 0.145846530795097 0.374937772750854 0.563076138496399 0.617070436477661 0.921570539474487 0.852421522140503 0.845501661300659 0.535258114337921 0.556010544300079 0.352337092161179 0.289070218801498 0.241539001464844 0.175252735614777 0.202404126524925 0.203105077147484 0.252740204334259 0.322567373514175 0.284359931945801 0.0534769408404827 0 0.000743219745345414 0.120798461139202 0.048398070037365 0.0209666062146425 0.306706488132477 0.258227199316025 0.377967447042465 0.163205176591873 0.195815563201904 0.382661461830139 0.522205889225006 0.112562827765942 0.673811018466949 0.577572882175446 0.422667950391769 0.346886843442917
0.197399079799652 0.178515523672104 0.117901623249054 0.404958426952362 0.122088260948658 0.228594735264778 0.160205617547035 0.374738454818726 0.2507583796978 0.381577849388123 0.388374030590057 0.232511252164841 0.219676703214645 0.26833638548851 0.170446306467056 0.113752648234367 0.230283886194229 0.139007642865181 0.0388048067688942 0.275955200195312 0.659644305706024 0.409782469272614 0.119822315871716 0.252124756574631 0.2337756305933 0.427177846431732 0.601112306118011 0.911220014095306 1.15706181526184 1.15027225017548 0.716617822647095 0.392800152301788 0.280892491340637 0.341610163450241 0.247681573033333 0.245370343327522 0.415716648101807 0.284283131361008 0.265554338693619 0.322215408086777 0.150066584348679 0 0 0.0591925978660583 0.353977590799332 0.0680048018693924 0.0540937669575214 0.246132746338844 0.60395759344101 0.632153511047363 0.458098262548447 0.104936771094799 0.447882354259491 0.211722761392593 0.54358434677124 0.684845924377441 0.00290043069981039 -3.4e+38 -3.4e+38
0.20537331700325 0.17059713602066 0.188799485564232 0.347523152828217 0.147938460111618 0.12773871421814 0.548116326332092 0.32309678196907 0.149018600583076 0.0981319546699524 0.123437121510506 0.552882313728333 0.257997810840607 0.227223098278046 0.166115343570709 0.377079337835312 0.486884027719498 0.137063682079315 0.450477838516235 0.709817230701447 0.610687911510468 0.162646666169167 0.0852530673146248 0.288143664598465 0.421085357666016 0.338114142417908 0.730371057987213 0.813987195491791 1.48062932491302 0.763310551643372 0.619823098182678 0.7117999792099 0.396219938993454 0.312558829784393 0.221263319253922 0.151325464248657 0.319981783628464 0.253086566925049 0.191897064447403 0.25980868935585 0.209908008575439 0 0 0.412425458431244 0.187755659222603 0.250674933195114 0.141580954194069 0.15224951505661 0.421301007270813 0.630058705806732 0.752562344074249 0.587849795818329 0.836165070533752 0.387144953012466 0.652796864509583 0.322499930858612 -3.4e+38 -3.4e+38 -3.4e+38
0.178160130977631 0.174576312303543 0.310363978147507 0.296747416257858 0.378285050392151 0.327852517366409 0.29074826836586 0.582324504852295 0.455299615859985 0.289066970348358 0.339817494153976 0.346348494291306 0.587465703487396 0.450605183839798 0.801755726337433 0.63838392496109 0.413001626729965 0.696494221687317 0.695841014385223 0.433025717735291 0.509674489498138 0.162142395973206 0.0832018330693245 0.219769269227982 0.433660179376602 0.90552145242691 0.356421083211899 0.258823186159134 0.671843945980072 0.862587749958038 0.713068127632141 0.927713692188263 0.290976494550705 0.232456833124161 0.225205883383751 0.214651226997375 0.245519280433655 0.170754671096802 0.448843330144882 0.259810745716095 0.0913626030087471 0.126554772257805 0.241338849067688 0.123667106032372 0.281063914299011 0.0167735181748867 0.215145424008369 0.544929683208466 0.285315275192261 -3.4e+38 -3.4e+38 0.0617820508778095 0.255951732397079 0.350025624036789 0.432098686695099 0.0187416486442089 0 -3.4e+38 -3.4e+38
0.518596649169922 0.352408736944199 0.534442067146301 0.467330664396286 0.445132613182068 0.526428997516632 0.172825202345848 0.549140274524689 0.262795150279999 0.233932808041573 0.264761686325073 0.330164402723312 0.353432506322861 0.320555865764618 1.42931306362152 1.06154191493988 0.777884364128113 0.530814409255981 0.356904655694962 0.522510886192322 0.380829691886902 0.301742851734161 0.0935447365045547 0.300755500793457 0.541178405284882 0.729278564453125 -3.4e+38 -3.4e+38 0.548800706863403 0.675612509250641 1.0532249212265 0.976979374885559 0.414942771196365 0.265601843595505 0.350060284137726 0.186010614037514 0.409731030464172 0.391510874032974 0.230294734239578 0.214247286319733 0.162535667419434 0.0724230483174324 0.395741552114487 0.155961483716965 0.202611595392227 0.233097046613693 1.06539058685303 0.488185465335846 0.0152715919539332 -3.4e+38 -3.4e+38 0.253092437982559 0.101431354880333 0.387538552284241 0.536866724491119 0.207643568515778 -3.4e+38 -3.4e+38 -3.4e+38
0.570088148117065 0.570918142795563 0.518820822238922 0.523446679115295 0.672952473163605 0.439552038908005 0.389864146709442 0.386983722448349 0.647743403911591 0.314618915319443 0.417504489421844 0.428954988718033 0.296918720006943 0.74285101890564 0.997952282428741 0.700845956802368 0.410868465900421 0.233148634433746 0.387928813695908 0.402374476194382 0.397192686796188 0.296954333782196 0.416060328483582 0.601348757743835 0.856488466262817 0.295235514640808 -3.4e+38 -3.4e+38 0.62802118062973 0.56834089756012 0.687749564647675 0.649124145507812 0.537416160106659 0.429523527622223 0.252077758312225 0.628762543201447 0.38680437207222 0.29726654291153 0.251626580953598 0.328063249588013 0.179931670427322 0.144720658659935 0.270630300045013 0.308975785970688 0.304512917995453 0.715847313404083 0.111179299652576 -3.4e+38 -3.4e+38 -3.4e+38 -3.4e+38 0.314689099788666 0.293360739946365 0.107157006859779 0.281746417284012 0.171269312500954 -3.4e+38 -3.4e+38 -3.4e+38
0.58335417509079 0.611810743808746 0.86492121219635 0.733901917934418 0.656716167926788 0.67529821395874 0.434990763664246 0.375739723443985 0.731737554073334 0.715299308300018 0.968938946723938 1.0292900800705 1.14868497848511 0.859589397907257 0.631940901279449 0.614340007305145 0.341217309236526 0.289847642183304 0.21370641887188 0.549267828464508 0.389498025178909 0.298676192760468 0.324866592884064 0.606243550777435 0.478241235017776 0.0109775383025408 -3.4e+38 -3.4e+38 0.590554416179657 0 0.389629662036896 0.368636846542358 0.463241934776306 0.505427002906799 1.00323009490967 0.321831852197647 0.576647937297821 0.489199727773666 0.544959843158722 0.661903738975525 0.520728588104248 0.466093361377716 0.512549877166748 0.613300323486328 0.529740035533905 0.317121535539627 -3.4e+38 -3.4e+38 -3.4e+38 -3.4e+38 -3.4e+38 0.20397175848484 0.132682621479034 0.187282174825668 0.248043239116669 -3.4e+38 -3.4e+38 -3.4e+38 -3.4e+38
