Appendix_Data/App4-Expert-Range-Maps/SA_ASCII/rough.asc
NCOLS 472
NROWS 227
XLLCORNER 17.83333
YLLCORNER -34.83333
CELLSIZE 0.01666667
NODATA_VALUE -9999
[rows 144 to 179 of 227, columns 81 to 161 of 472]
36 118 196 645 881 708 499 679 545 460 603 592 604 493 382 762 893 829 605 949 511 757 638 746 811 350 125 46 49 80 143 150 214 226 300 167 63 21 54 89 79 57 96 136 203 218 260 251 102 25 20 47 19 18 147 239 231 144 108 51 45 21 116 132 183 168 145 57 103 134 196 249 183 213 266 342 287 255 254 261 109
37 124 239 377 679 702 817 529 576 491 653 638 593 560 856 924 979 872 872 982 479 641 792 530 219 36 39 104 150 202 322 322 353 314 334 167 89 63 200 123 103 106 155 164 203 231 224 156 80 128 21 51 18 28 34 112 116 187 206 189 96 151 276 262 201 212 110 144 140 196 276 354 107 77 73 56 81 68 70 91 112
28 38 115 186 226 250 569 532 629 681 569 452 936 822 885 543 448 452 548 524 298 409 220 119 176 294 362 593 499 401 423 422 433 349 179 128 117 179 124 99 34 48 69 146 150 122 58 78 161 102 50 29 58 112 277 323 71 184 127 172 97 122 364 316 247 118 151 44 40 63 103 70 51 74 60 95 100 173 301 370 398
28 30 65 84 135 306 870 708 895 484 684 663 855 902 794 578 576 432 219 165 24 46 320 376 793 780 674 551 487 362 310 278 132 126 158 122 34 51 47 54 49 61 53 98 130 190 158 104 111 119 189 79 222 242 194 194 192 178 167 183 150 182 348 422 192 78 90 61 150 154 108 43 49 62 73 50 107 284 209 207 239
206 36 53 83 204 316 894 741 999 1065 577 881 468 503 697 813 799 523 380 503 340 565 622 740 961 766 284 274 209 356 325 233 117 163 121 236 64 54 90 85 27 38 50 71 117 144 102 216 192 185 133 238 231 229 186 175 220 277 190 128 204 178 205 126 111 67 44 37 119 88 60 49 28 32 88 91 70 223 405 483 442
514 23 33 59 148 252 602 529 502 431 654 665 574 596 706 725 568 611 645 384 448 616 605 848 589 321 432 511 484 476 339 410 450 335 314 286 105 114 126 71 38 28 37 41 109 216 334 229 149 160 206 269 131 185 149 139 95 58 105 146 130 244 103 57 50 34 28 71 110 45 39 18 25 108 67 73 75 30 48 94 139
449 109 76 31 108 340 381 424 324 567 728 1151 1179 676 436 750 665 598 617 604 666 752 706 718 557 608 606 387 240 170 383 352 452 325 313 221 107 105 186 91 29 63 49 28 105 202 267 250 123 129 136 75 66 76 47 31 45 63 127 170 194 87 86 48 49 59 59 53 39 42 30 31 29 34 37 43 40 39 36 53 47
84 106 75 41 22 149 42 42 61 330 514 310 192 177 148 355 360 305 223 268 701 881 694 821 926 673 488 728 594 395 337 241 324 274 277 227 265 200 178 77 37 64 71 50 37 84 111 148 141 168 121 126 73 66 65 58 116 294 436 304 258 143 63 57 58 115 78 93 57 67 30 44 64 28 48 45 30 42 54 43 46
49 25 239 248 7 26 31 32 44 81 252 268 79 101 158 114 189 268 328 60 134 227 356 627 580 633 526 473 594 323 324 405 226 139 188 265 145 175 115 105 125 104 62 48 102 165 148 113 118 175 227 255 157 188 112 170 384 311 235 224 122 260 275 189 201 158 225 105 32 65 56 63 53 57 38 38 52 37 37 54 35
65 31 223 292 16 17 33 32 38 46 200 165 136 140 175 180 216 225 194 67 191 215 303 321 141 520 612 956 766 533 410 321 289 209 165 166 278 246 292 249 172 90 145 179 262 292 250 266 345 261 255 210 185 114 162 263 172 163 111 265 299 147 146 370 446 371 275 73 52 79 94 70 24 24 33 41 51 41 46 42 56
59 33 413 513 145 9 16 17 17 16 26 30 32 33 39 37 40 18 20 14 119 109 130 96 148 222 300 486 524 502 515 358 343 319 140 151 61 126 93 147 163 215 298 318 377 409 400 480 471 498 422 410 321 261 253 198 73 124 88 72 126 109 147 323 415 396 97 89 102 41 45 57 71 68 66 45 35 31 38 25 49
91 43 360 468 239 13 5 4 6 3 14 21 25 72 56 20 23 15 21 20 32 45 53 41 61 68 38 111 311 420 656 628 556 370 378 502 115 71 107 100 105 102 124 150 151 178 183 176 163 244 186 169 417 473 394 439 335 192 149 58 66 144 218 123 113 124 78 105 101 77 78 44 76 62 29 37 33 51 74 62 111
1038 489 294 306 219 16 14 13 11 8 25 45 5 11 15 18 18 15 21 19 18 24 36 32 28 23 42 59 116 225 299 394 609 715 518 487 513 123 68 134 355 252 211 304 264 330 409 432 264 184 135 138 235 428 424 416 423 228 175 299 345 253 117 99 104 83 247 275 236 243 222 202 149 70 72 63 51 70 72 60 61
884 664 543 549 94 15 12 12 9 9 43 79 58 79 16 10 15 12 13 20 22 25 25 28 21 30 26 52 54 68 234 214 233 207 461 767 352 439 153 83 308 358 309 298 500 519 467 434 351 411 385 258 214 175 192 425 554 504 304 182 227 175 185 186 82 75 193 147 175 173 204 146 170 79 83 54 80 114 142 163 140
354 466 515 466 155 94 83 15 20 21 29 113 44 77 46 40 36 22 21 37 42 50 42 50 51 38 70 133 129 90 143 165 217 152 299 574 774 408 473 346 180 212 294 217 178 195 143 157 203 348 388 162 151 211 114 161 397 369 308 212 140 243 275 272 294 229 139 131 112 104 174 135 178 140 105 74 180 124 216 175 138
950 628 578 256 127 350 320 131 20 269 386 385 369 99 2 118 117 18 65 100 63 70 117 86 68 74 43 136 106 121 67 72 203 216 274 234 444 737 788 382 401 577 763 850 608 765 801 573 479 227 158 234 154 184 193 148 263 304 177 109 318 338 321 180 236 337 406 144 198 201 129 178 250 240 119 204 159 199 172 175 130
925 519 350 412 477 474 373 444 129 420 457 322 445 147 56 155 201 188 96 81 42 138 101 86 71 95 73 137 137 108 111 74 70 141 235 304 197 354 436 620 743 881 815 688 531 645 606 366 696 812 653 477 240 116 134 125 246 396 478 501 423 225 196 141 117 146 329 388 300 97 145 120 84 67 80 48 225 117 153 150 238
392 478 388 591 688 505 521 567 313 634 714 458 226 30 136 166 241 148 23 71 72 165 143 188 189 157 187 196 185 112 55 56 44 60 143 143 272 369 308 344 328 324 354 490 457 411 583 536 921 806 606 596 584 627 404 149 169 250 228 168 186 162 223 221 238 131 110 162 211 157 100 73 71 91 84 75 133 130 194 99 177
297 519 471 696 467 507 496 930 597 632 784 303 93 23 111 129 96 5 5 60 46 9 9 111 88 105 253 154 65 137 143 127 132 50 66 207 220 367 383 365 173 217 153 226 193 220 200 355 229 245 365 672 613 545 503 281 110 151 149 191 196 223 100 230 201 196 162 138 156 184 136 172 139 154 163 159 179 165 188 142 183
382 319 518 544 465 499 614 920 275 452 360 365 26 19 133 159 89 8 11 15 16 21 49 38 39 46 36 40 31 30 116 182 281 361 144 214 136 276 404 269 201 152 186 131 195 154 237 141 198 217 180 196 591 508 414 215 57 56 90 145 139 137 196 249 191 203 162 177 230 322 148 182 219 179 113 230 122 168 221 170 162
903 399 400 309 618 1130 632 369 601 459 417 307 27 128 141 53 80 18 36 42 65 70 85 90 87 119 170 208 232 124 408 358 367 341 159 37 110 221 139 158 134 51 43 51 97 85 151 146 141 178 167 126 507 580 259 368 104 91 65 84 311 249 240 268 199 148 217 247 290 327 377 251 120 154 202 177 185 246 142 154 221
544 948 708 767 1067 500 559 612 529 407 383 176 22 158 97 72 65 25 66 98 118 109 122 171 266 152 190 294 289 136 393 403 395 160 63 22 59 213 78 39 22 118 53 31 38 89 77 48 46 61 95 66 237 320 529 741 728 496 168 97 84 102 207 168 243 221 312 362 300 239 253 291 331 242 127 147 122 238 174 116 67
565 619 396 371 565 419 505 566 418 489 417 78 165 116 82 67 105 58 237 212 162 179 249 165 236 372 400 295 357 134 32 45 133 204 33 72 247 248 17 54 49 82 105 29 30 48 41 29 36 65 83 115 68 89 424 697 673 598 744 376 119 80 94 104 133 182 178 196 195 277 246 186 326 245 156 103 173 84 52 64 46
724 668 284 344 405 834 736 423 469 543 257 210 206 187 359 246 269 202 222 237 192 160 296 402 345 296 247 314 231 80 5 0 7 80 88 316 320 81 92 90 93 42 34 34 53 66 22 32 43 47 29 36 73 97 112 166 418 812 710 689 440 127 63 120 124 171 131 124 197 171 243 235 194 224 252 155 173 63 54 80 52
273 691 508 443 475 655 488 631 571 384 95 224 272 318 358 361 233 304 372 253 173 273 275 314 362 93 57 104 180 196 39 0 30 66 198 192 138 115 141 129 69 63 71 125 90 67 104 47 26 83 63 47 46 111 102 83 90 199 552 556 688 504 135 81 69 120 154 164 114 91 173 199 183 163 210 74 66 74 46 77 73
559 731 284 598 474 709 465 439 440 359 56 63 74 102 103 54 101 187 316 88 86 170 93 121 129 107 125 185 85 119 54 25 108 109 175 239 246 298 156 97 61 74 101 76 95 136 346 267 141 72 89 100 242 152 169 119 113 106 127 628 834 524 542 266 151 80 93 89 192 145 139 108 149 165 134 156 117 54 90 54 78
664 576 360 845 622 280 655 455 647 321 54 74 117 96 100 87 131 85 179 95 148 187 228 141 118 171 231 176 73 54 61 68 250 186 238 216 364 396 186 103 117 132 115 167 190 192 297 322 175 194 201 169 176 210 106 137 120 186 172 131 348 742 479 522 503 471 271 176 98 78 107 106 98 162 200 164 106 66 28 45 95
551 598 368 766 159 161 441 590 494 122 55 139 173 136 142 71 90 140 227 182 190 248 177 304 312 264 113 76 78 77 76 98 314 281 182 320 173 249 141 94 156 79 146 175 188 235 284 203 14 55 250 209 206 248 91 144 100 121 129 140 95 345 521 540 351 380 379 317 238 197 137 98 103 93 139 215 153 58 58 47 189
503 492 320 718 141 258 459 617 274 139 178 412 281 342 296 272 293 410 543 296 268 290 352 228 157 55 68 35 80 165 134 218 291 166 303 200 160 192 151 78 96 130 147 139 270 273 116 154 77 20 90 302 326 108 72 118 107 102 102 145 103 82 80 449 513 442 560 553 352 463 437 377 268 209 201 194 148 99 110 199 189
509 637 614 724 571 304 299 494 141 408 504 407 199 216 255 268 451 452 332 268 248 185 298 345 169 80 59 84 64 137 127 160 264 296 232 143 222 81 84 129 126 141 196 252 269 83 108 113 90 48 22 21 29 71 77 138 136 80 111 168 132 75 91 128 307 505 722 477 378 396 229 487 347 746 822 796 645 542 498 427 519
430 418 445 517 541 400 273 125 405 446 404 413 297 176 315 400 394 532 375 420 355 747 560 201 117 69 72 191 218 183 169 136 87 103 110 214 113 140 153 76 129 121 89 107 105 133 83 124 74 56 85 41 70 99 143 50 79 53 86 78 84 100 66 71 96 213 408 604 838 896 531 762 615 655 715 333 455 536 345 188 454
331 467 607 629 619 357 73 147 391 247 435 380 365 555 517 579 613 630 477 664 718 431 252 202 218 411 499 533 443 335 239 213 148 38 135 158 269 241 232 54 117 154 130 119 161 88 143 112 113 71 46 50 77 63 84 86 83 55 71 89 52 66 85 94 80 66 116 159 181 383 409 535 803 736 885 843 729 482 431 521 451
241 281 427 417 255 83 37 323 465 213 213 475 458 470 383 494 713 654 394 372 283 386 422 552 743 761 457 416 508 514 470 214 173 137 136 200 157 142 177 199 98 71 88 101 110 86 101 79 96 85 77 86 87 76 45 52 81 59 80 57 55 69 54 58 84 92 97 95 100 94 102 127 120 126 188 238 308 431 493 466 469
103 125 247 148 31 41 124 559 328 310 207 221 466 570 658 721 395 554 509 363 390 529 452 726 510 708 702 823 883 824 475 331 369 494 483 329 254 416 449 176 206 239 220 124 71 75 70 80 52 77 80 89 85 89 88 90 67 77 71 58 79 77 49 75 75 71 78 79 97 77 84 78 74 82 97 92 82 99 93 104 78
85 18 19 4 9 43 199 432 478 494 313 332 305 317 646 477 527 446 408 446 368 377 305 479 579 464 503 401 791 752 577 659 532 565 519 615 527 609 583 188 381 347 489 412 385 200 76 83 60 148 212 205 115 150 137 124 129 78 62 74 79 68 69 55 23 54 64 69 83 80 64 74 64 71 67 66 38 64 73 60 27
89 65 74 53 30 77 144 93 274 376 333 251 115 144 157 145 140 92 136 96 70 86 71 96 104 87 429 497 820 733 695 704 675 568 578 582 569 431 663 774 583 510 305 232 383 351 461 299 246 353 225 149 107 200 107 158 173 118 91 76 73 57 66 56 52 35 76 74 58 83 66 74 60 29 57 102 82 31 29 48 12
