Appendix_Data/App4-Expert-Range-Maps/SA_ASCII/rough.asc
NCOLS 472
NROWS 227
XLLCORNER 17.83333
YLLCORNER -34.83333
CELLSIZE 0.01666667
NODATA_VALUE -9999
[rows 108 to 143 of 227, columns 81 to 161 of 472]
621 501 20 16 41 114 43 78 58 229 190 424 417 288 113 39 200 123 47 119 138 96 46 72 88 75 97 129 181 174 270 99 129 55 -9999 -9999 -9999 -9999 -9999 -9999 -9999 -9999 -9999 -9999 -9999 -9999 -9999 -9999 -9999 -9999 -9999 -9999 -9999 -9999 -9999 -9999 -9999 -9999 -9999 -9999 -9999 -9999 -9999 -9999 -9999 -9999 -9999 -9999 -9999 -9999 -9999 -9999 -9999 -9999 -9999 -9999 -9999 -9999 -9999 -9999 -9999
726 631 71 25 78 101 74 22 39 217 361 280 297 299 366 81 237 108 71 10 207 232 108 112 91 56 66 138 89 208 185 181 179 42 -9999 -9999 -9999 -9999 -9999 -9999 -9999 -9999 -9999 -9999 -9999 -9999 -9999 -9999 -9999 -9999 -9999 -9999 -9999 -9999 -9999 -9999 -9999 -9999 -9999 -9999 -9999 -9999 -9999 -9999 -9999 -9999 -9999 -9999 -9999 -9999 -9999 -9999 -9999 -9999 -9999 -9999 -9999 -9999 -9999 -9999 -9999
632 515 120 23 122 101 61 21 56 53 329 294 135 198 371 172 68 85 46 8 5 235 241 145 99 59 81 105 174 166 192 198 135 22 -9999 -9999 -9999 -9999 -9999 -9999 -9999 -9999 -9999 -9999 -9999 -9999 -9999 -9999 -9999 -9999 -9999 -9999 -9999 -9999 -9999 -9999 -9999 -9999 -9999 -9999 -9999 -9999 -9999 -9999 -9999 -9999 -9999 -9999 -9999 -9999 -9999 -9999 -9999 -9999 -9999 -9999 -9999 -9999 -9999 -9999 -9999
636 288 134 53 166 112 40 68 113 102 123 384 213 211 183 174 123 75 67 38 65 29 330 359 188 73 73 141 218 322 219 143 108 26 -9999 -9999 -9999 -9999 -9999 -9999 -9999 -9999 -9999 -9999 -9999 -9999 -9999 -9999 -9999 -9999 -9999 -9999 -9999 -9999 -9999 -9999 -9999 -9999 -9999 -9999 -9999 -9999 -9999 -9999 -9999 -9999 -9999 -9999 -9999 -9999 -9999 -9999 -9999 -9999 -9999 -9999 -9999 -9999 -9999 -9999 -9999
359 221 84 44 87 98 55 156 414 564 284 269 240 229 167 147 205 115 42 93 70 219 214 140 357 284 125 203 296 314 104 53 47 25 -9999 -9999 -9999 -9999 -9999 -9999 -9999 -9999 -9999 -9999 -9999 -9999 -9999 -9999 -9999 -9999 -9999 -9999 -9999 -9999 -9999 -9999 -9999 -9999 -9999 -9999 -9999 -9999 -9999 -9999 -9999 -9999 -9999 -9999 -9999 -9999 -9999 -9999 -9999 -9999 -9999 -9999 -9999 -9999 -9999 -9999 -9999
213 185 57 40 82 50 56 198 574 576 303 135 268 352 207 24 232 106 67 72 98 302 176 184 193 142 232 242 279 137 66 35 16 23 -9999 -9999 -9999 -9999 -9999 -9999 -9999 -9999 -9999 -9999 -9999 -9999 -9999 -9999 -9999 -9999 -9999 -9999 -9999 -9999 -9999 -9999 -9999 -9999 -9999 -9999 -9999 -9999 -9999 -9999 -9999 -9999 -9999 -9999 -9999 -9999 -9999 -9999 -9999 -9999 -9999 -9999 -9999 -9999 -9999 -9999 -9999
237 217 46 73 45 62 66 241 433 336 261 106 165 162 28 0 264 176 134 119 99 119 295 264 192 219 342 283 227 117 57 27 19 22 -9999 -9999 -9999 -9999 -9999 -9999 -9999 -9999 -9999 -9999 -9999 -9999 -9999 -9999 -9999 -9999 -9999 -9999 -9999 -9999 -9999 -9999 -9999 -9999 -9999 -9999 -9999 -9999 -9999 -9999 -9999 -9999 -9999 -9999 -9999 -9999 -9999 -9999 -9999 -9999 -9999 -9999 -9999 -9999 -9999 -9999 -9999
415 290 73 36 19 33 67 197 384 476 101 0 1 0 1 0 195 238 208 189 285 308 229 178 294 185 283 411 280 107 48 17 14 29 -9999 -9999 -9999 -9999 -9999 -9999 -9999 -9999 -9999 -9999 -9999 -9999 -9999 -9999 -9999 -9999 -9999 -9999 -9999 -9999 -9999 -9999 -9999 -9999 -9999 -9999 -9999 -9999 -9999 -9999 -9999 -9999 -9999 -9999 -9999 -9999 -9999 -9999 -9999 -9999 -9999 -9999 -9999 -9999 -9999 -9999 -9999
485 426 264 77 117 111 72 178 435 418 100 0 5 153 303 295 129 194 150 286 225 190 253 257 224 252 337 384 306 134 44 13 24 21 -9999 -9999 -9999 -9999 -9999 -9999 -9999 -9999 -9999 -9999 -9999 -9999 -9999 -9999 -9999 -9999 -9999 -9999 -9999 -9999 -9999 -9999 -9999 -9999 -9999 -9999 -9999 -9999 -9999 -9999 -9999 -9999 -9999 -9999 -9999 -9999 -9999 -9999 -9999 -9999 -9999 -9999 -9999 -9999 -9999 -9999 -9999
397 485 351 398 302 290 252 26 11 98 50 116 415 442 288 316 148 121 6 58 311 380 238 395 473 274 242 305 301 197 83 39 30 31 -9999 -9999 -9999 -9999 -9999 -9999 -9999 -9999 -9999 -9999 -9999 -9999 -9999 -9999 -9999 -9999 -9999 -9999 -9999 -9999 -9999 -9999 -9999 -9999 -9999 -9999 -9999 -9999 -9999 -9999 -9999 -9999 -9999 -9999 -9999 -9999 -9999 -9999 -9999 -9999 -9999 -9999 -9999 -9999 -9999 -9999 -9999
246 389 509 571 521 298 372 184 305 407 500 406 283 234 298 305 199 109 8 91 132 192 270 540 375 191 319 488 480 233 94 59 30 31 -9999 -9999 -9999 -9999 -9999 -9999 -9999 -9999 -9999 -9999 -9999 -9999 -9999 -9999 -9999 -9999 -9999 -9999 -9999 -9999 -9999 -9999 -9999 -9999 -9999 -9999 -9999 -9999 -9999 -9999 -9999 -9999 -9999 -9999 -9999 -9999 -9999 -9999 -9999 -9999 -9999 -9999 -9999 -9999 -9999 -9999 -9999
404 276 470 412 529 371 451 305 359 234 371 287 356 410 463 236 142 113 15 161 213 311 311 198 387 390 279 385 400 351 106 56 140 137 -9999 -9999 -9999 -9999 -9999 -9999 -9999 -9999 -9999 -9999 -9999 -9999 -9999 -9999 -9999 -9999 -9999 -9999 -9999 -9999 -9999 -9999 -9999 -9999 -9999 -9999 -9999 -9999 -9999 -9999 -9999 -9999 -9999 -9999 -9999 -9999 -9999 -9999 -9999 -9999 -9999 -9999 -9999 -9999 -9999 -9999 -9999
445 233 322 473 245 511 566 361 283 439 389 378 254 319 317 238 232 292 358 178 230 304 372 268 96 210 264 129 137 474 404 197 98 110 -9999 -9999 -9999 -9999 -9999 -9999 -9999 -9999 -9999 -9999 -9999 -9999 -9999 -9999 -9999 -9999 -9999 -9999 -9999 -9999 -9999 -9999 -9999 -9999 -9999 -9999 -9999 -9999 -9999 -9999 -9999 -9999 -9999 -9999 -9999 -9999 -9999 -9999 -9999 -9999 -9999 -9999 -9999 -9999 -9999 -9999 -9999
568 146 179 412 255 398 431 177 32 130 110 233 152 99 60 68 156 229 213 274 219 432 262 238 114 228 137 148 107 346 255 221 81 50 -9999 -9999 -9999 -9999 -9999 -9999 -9999 -9999 -9999 -9999 -9999 -9999 -9999 -9999 -9999 -9999 -9999 -9999 -9999 -9999 -9999 -9999 -9999 -9999 -9999 -9999 -9999 -9999 -9999 -9999 -9999 -9999 -9999 -9999 -9999 -9999 -9999 -9999 -9999 -9999 -9999 -9999 -9999 -9999 -9999 -9999 -9999
527 128 134 340 381 441 555 235 46 86 119 130 36 24 52 6 54 81 204 344 350 338 469 328 247 103 321 349 363 331 168 177 68 42 18 16 19 12 12 13 10 17 22 25 25 22 13 14 25 16 60 42 207 141 -9999 -9999 -9999 -9999 -9999 -9999 -9999 -9999 -9999 -9999 -9999 -9999 -9999 -9999 -9999 -9999 -9999 -9999 -9999 -9999 -9999 -9999 -9999 -9999 -9999 -9999 -9999
743 273 90 275 313 627 473 248 47 101 67 52 52 50 53 6 92 233 296 295 287 356 343 264 249 87 222 384 337 395 250 193 56 35 23 13 18 14 14 25 28 16 18 12 21 18 22 24 36 33 36 42 211 112 -9999 -9999 -9999 -9999 -9999 -9999 -9999 -9999 -9999 -9999 -9999 -9999 -9999 -9999 -9999 -9999 -9999 -9999 -9999 -9999 -9999 -9999 -9999 -9999 -9999 -9999 -9999
667 345 70 152 473 354 444 246 35 83 63 40 43 49 13 19 103 227 347 353 331 506 217 82 67 58 358 249 503 362 337 202 76 34 19 18 20 18 15 11 17 16 17 16 22 18 24 18 68 92 112 80 57 59 50 35 40 57 64 28 26 29 36 49 44 36 26 23 29 54 51 51 57 39 63 55 65 72 72 72 64
598 314 63 121 379 525 383 377 33 126 62 38 41 27 30 37 51 47 108 247 327 132 57 105 106 253 504 361 277 481 334 296 115 29 19 20 17 18 14 13 21 19 16 18 40 36 20 32 55 53 35 59 108 76 68 76 71 68 61 79 71 67 81 82 41 36 33 30 25 33 34 25 15 21 20 19 21 28 41 57 55
605 353 94 67 213 455 309 427 38 14 118 129 112 54 17 20 28 16 49 150 143 174 113 193 202 409 425 400 320 334 176 166 35 25 23 24 20 20 23 22 30 24 22 23 46 26 37 41 57 91 152 238 226 158 248 304 331 327 222 310 306 193 86 98 49 23 33 37 24 25 55 46 36 68 62 39 40 32 31 77 43
716 318 88 69 113 598 458 334 49 115 304 239 190 144 87 55 44 27 114 215 237 307 185 494 597 335 357 426 343 382 355 165 66 24 20 24 18 13 26 30 49 36 54 49 41 26 38 48 79 93 156 215 191 269 294 327 270 275 207 204 227 80 65 128 125 32 43 51 169 270 153 147 40 44 48 52 56 63 67 74 53
714 397 72 11 60 570 449 218 109 504 477 253 236 132 151 186 205 199 148 220 251 417 415 460 525 325 409 344 398 381 350 289 97 41 34 41 48 63 73 45 46 52 45 38 52 46 76 98 186 232 222 359 364 201 257 333 308 139 144 82 75 163 58 172 213 44 121 192 216 161 97 107 77 110 81 66 56 75 97 101 168
722 379 35 7 19 408 282 166 136 642 593 278 343 346 234 207 243 311 226 107 206 564 506 434 413 331 391 538 464 539 423 311 319 181 142 152 170 188 100 96 72 63 62 56 122 195 200 184 180 247 400 322 377 320 341 329 107 130 52 120 145 151 162 153 91 113 138 116 151 186 196 176 165 139 166 187 186 185 197 165 271
629 256 20 12 4 330 404 262 331 321 721 361 388 305 278 340 337 281 313 42 36 109 203 228 282 439 350 264 98 157 258 342 299 202 54 48 78 141 260 341 274 240 224 132 190 200 195 211 265 277 325 213 152 161 36 58 87 186 292 346 286 240 181 280 314 222 153 167 149 184 169 134 156 104 60 88 153 215 163 132 66
591 249 25 35 18 330 253 468 222 259 498 554 623 652 436 372 328 387 192 56 40 55 107 120 194 211 147 60 75 60 372 305 246 302 283 154 236 275 359 292 221 373 342 277 302 286 255 234 226 223 231 153 31 112 183 333 293 310 310 340 336 291 183 240 240 234 207 171 64 44 36 84 36 76 73 98 75 100 111 82 82
596 224 128 56 217 259 573 342 66 119 178 196 261 396 437 685 673 513 387 143 189 141 132 97 189 204 183 107 159 106 179 110 285 203 193 189 190 242 348 282 376 371 359 199 326 150 51 150 225 122 191 99 166 171 308 331 282 102 86 78 84 63 43 58 39 18 76 104 70 112 261 229 171 132 80 74 120 132 99 123 191
549 395 251 121 360 448 408 34 32 45 58 85 141 145 157 231 298 287 234 204 289 295 36 81 96 166 189 236 242 222 246 118 310 315 170 132 303 224 246 436 453 197 128 186 153 60 57 58 161 192 258 62 149 103 21 33 32 29 51 40 37 105 105 83 58 28 18 80 71 93 257 218 217 143 193 260 211 227 329 335 245
445 666 561 93 534 373 130 18 18 26 40 51 141 189 205 134 149 148 117 123 222 318 230 69 56 45 19 56 67 253 200 359 253 30 25 62 343 485 386 288 273 168 180 170 250 179 171 220 132 161 81 15 14 24 28 30 29 24 40 49 61 85 123 99 129 99 165 174 190 181 203 203 196 161 188 315 308 251 229 203 263
253 766 541 235 460 162 28 26 32 13 23 26 22 33 29 82 106 111 121 150 326 350 140 79 49 18 27 67 149 226 434 498 268 43 17 18 48 70 120 151 198 94 295 305 305 231 217 226 77 37 56 37 50 49 34 55 57 49 42 80 118 156 174 100 105 131 89 78 22 30 63 59 96 129 211 294 366 317 207 327 356
174 485 712 669 185 199 14 28 42 48 46 33 89 83 37 86 123 160 194 244 237 204 189 80 60 49 79 293 480 673 574 579 421 132 42 31 32 12 13 5 16 31 131 112 150 176 172 269 101 65 128 204 147 135 128 94 76 71 30 110 116 92 73 88 73 47 20 20 188 274 286 221 221 246 273 236 401 369 209 288 373
124 243 941 556 271 404 15 34 29 42 43 61 105 93 46 50 105 253 255 76 54 95 147 258 175 385 458 615 523 488 866 594 262 71 70 51 41 21 16 42 152 300 216 142 190 250 204 146 197 187 46 123 69 142 108 114 36 52 231 355 400 376 253 218 137 63 75 114 227 324 234 195 209 341 250 234 274 339 262 227 279
83 180 551 595 440 463 44 8 29 53 48 25 40 91 79 106 109 214 265 47 63 143 333 284 638 691 642 499 251 431 538 439 452 133 129 298 313 231 215 220 355 284 186 172 76 68 122 270 227 189 85 153 125 126 174 182 86 130 189 353 324 183 243 205 182 181 281 273 240 303 317 242 288 272 324 299 233 298 194 285 266
80 124 307 726 608 718 352 85 29 64 61 50 51 91 153 173 273 236 128 97 152 278 531 440 623 777 739 934 512 883 643 580 622 183 170 265 277 144 200 193 248 236 146 230 68 39 140 246 117 54 54 62 159 112 158 78 221 237 225 341 327 381 328 262 308 257 320 263 185 221 248 241 179 176 223 188 162 115 156 200 199
57 86 161 774 560 535 632 574 529 293 123 21 54 64 57 113 270 169 102 434 584 695 578 446 488 352 730 962 890 973 649 670 373 410 295 103 65 31 25 46 108 131 117 114 103 121 70 34 16 14 14 6 10 38 43 31 160 372 233 336 267 210 226 254 312 334 328 261 178 108 124 118 73 145 97 85 47 29 26 75 89
29 56 90 389 706 561 778 694 406 477 540 176 45 88 128 202 321 273 403 530 608 780 738 677 478 633 450 742 629 717 300 100 254 260 225 229 97 60 68 64 105 137 86 73 98 117 22 20 21 61 64 17 11 12 12 12 8 28 70 217 258 162 183 120 127 174 284 305 314 260 301 353 390 308 281 181 169 28 24 42 86
8 34 152 522 608 426 729 785 422 466 446 439 330 360 371 438 539 634 500 430 597 786 721 806 692 677 811 914 355 197 67 80 244 157 180 208 59 64 74 99 84 89 116 59 53 41 55 34 54 65 42 17 13 18 25 34 61 91 60 78 256 275 350 233 126 288 401 360 268 264 333 433 370 225 116 99 178 210 181 170 179
17 82 204 677 835 1068 634 398 478 404 445 287 449 513 367 671 578 373 677 884 613 716 823 560 644 748 688 233 61 36 78 202 214 206 210 118 68 63 83 82 72 73 130 119 111 62 57 89 69 51 22 15 15 14 109 195 174 186 154 182 136 136 40 24 22 52 106 172 151 155 196 257 236 197 212 189 186 285 277 297 313
