Appendix_Data/App4-Expert-Range-Maps/SA_ASCII/rough.asc
NCOLS 472
NROWS 227
XLLCORNER 17.83333
YLLCORNER -34.83333
CELLSIZE 0.01666667
NODATA_VALUE -9999
[rows 72 to 107 of 227, columns 0 to 80 of 472]
-9999 -9999 -9999 -9999 -9999 -9999 -9999 -9999 -9999 -9999 -9999 -9999 -9999 -9999 -9999 -9999 -9999 -9999 -9999 -9999 -9999 -9999 -9999 -9999 -9999 -9999 -9999 -9999 -9999 8 37 110 24 24 72 79 61 52 100 189 215 169 122 55 45 35 64 76 106 94 51 43 154 104 116 119 238 138 171 130 235 246 99 155 40 80 164 104 184 135 253 315 287 667 879 409 265 281 208 233 234
-9999 -9999 -9999 -9999 -9999 -9999 -9999 -9999 -9999 -9999 -9999 -9999 -9999 -9999 -9999 -9999 -9999 -9999 -9999 -9999 -9999 -9999 -9999 -9999 -9999 -9999 -9999 -9999 -9999 -9999 43 98 29 29 86 79 102 114 70 99 87 148 169 97 78 42 74 38 75 109 111 106 124 201 199 251 196 163 126 151 188 238 224 90 149 45 105 128 121 269 338 430 463 526 622 388 323 362 299 389 271
-9999 -9999 -9999 -9999 -9999 -9999 -9999 -9999 -9999 -9999 -9999 -9999 -9999 -9999 -9999 -9999 -9999 -9999 -9999 -9999 -9999 -9999 -9999 -9999 -9999 -9999 -9999 -9999 -9999 0 19 97 127 119 107 99 155 92 101 105 27 95 200 43 40 63 35 63 103 147 128 78 106 425 404 508 480 243 196 233 85 143 146 91 152 47 136 111 205 358 489 500 622 539 757 850 268 329 274 305 306
-9999 -9999 -9999 -9999 -9999 -9999 -9999 -9999 -9999 -9999 -9999 -9999 -9999 -9999 -9999 -9999 -9999 -9999 -9999 -9999 -9999 -9999 -9999 -9999 -9999 -9999 -9999 -9999 72 138 71 12 55 80 43 28 117 168 58 70 30 29 60 48 45 43 50 22 72 152 141 56 41 359 304 351 397 263 133 91 108 115 126 141 124 42 154 97 152 464 363 417 637 726 529 602 287 380 363 420 412
-9999 -9999 -9999 -9999 -9999 -9999 -9999 -9999 -9999 -9999 -9999 -9999 -9999 -9999 -9999 -9999 -9999 -9999 -9999 -9999 -9999 -9999 -9999 -9999 -9999 -9999 -9999 -9999 126 153 134 67 115 168 35 53 64 127 111 85 45 41 17 99 110 54 79 81 91 72 164 247 163 186 417 431 390 242 245 129 115 236 208 218 168 84 150 143 145 377 421 611 616 512 811 646 661 193 487 421 370
-9999 -9999 -9999 -9999 -9999 -9999 -9999 -9999 -9999 -9999 -9999 -9999 -9999 -9999 -9999 -9999 -9999 -9999 -9999 -9999 -9999 -9999 -9999 -9999 -9999 -9999 -9999 -9999 13 162 96 79 71 65 159 85 55 67 143 102 69 28 51 63 75 74 59 49 62 101 56 45 61 87 134 194 292 161 194 201 156 287 207 271 396 70 230 115 81 368 520 419 836 397 152 721 680 303 479 402 242
-9999 -9999 -9999 -9999 -9999 -9999 -9999 -9999 -9999 -9999 -9999 -9999 -9999 -9999 -9999 -9999 -9999 -9999 -9999 -9999 -9999 -9999 -9999 -9999 -9999 -9999 -9999 -9999 6 28 129 42 62 39 95 220 75 37 44 64 75 122 86 83 69 69 48 71 106 162 99 57 146 107 140 247 400 531 601 336 400 292 581 218 311 139 211 187 122 273 543 767 332 549 567 290 444 426 374 473 368
-9999 -9999 -9999 -9999 -9999 -9999 -9999 -9999 -9999 -9999 -9999 -9999 -9999 -9999 -9999 -9999 -9999 -9999 -9999 -9999 -9999 -9999 -9999 -9999 -9999 -9999 -9999 -9999 -9999 26 99 55 53 60 20 72 124 56 181 168 144 94 105 56 42 37 54 71 87 159 211 109 110 88 169 185 150 449 625 184 375 448 485 532 375 104 116 175 144 285 391 698 801 594 738 663 285 246 457 285 389
-9999 -9999 -9999 -9999 -9999 -9999 -9999 -9999 -9999 -9999 -9999 -9999 -9999 -9999 -9999 -9999 -9999 -9999 -9999 -9999 -9999 -9999 -9999 -9999 -9999 -9999 -9999 -9999 -9999 12 41 101 64 48 28 55 103 121 176 97 107 48 74 89 64 45 62 29 33 166 249 166 38 72 133 103 198 130 257 339 254 314 433 350 326 233 102 194 205 164 181 497 564 770 500 708 536 444 590 597 370
-9999 -9999 -9999 -9999 -9999 -9999 -9999 -9999 -9999 -9999 -9999 -9999 -9999 -9999 -9999 -9999 -9999 -9999 -9999 -9999 -9999 -9999 -9999 -9999 -9999 -9999 -9999 -9999 -9999 9 26 67 92 37 27 63 55 118 141 154 170 148 66 181 119 91 57 55 61 122 107 93 52 39 65 58 104 136 317 254 224 243 243 160 289 177 142 233 258 222 395 489 884 797 679 493 467 365 357 386 612
-9999 -9999 -9999 -9999 -9999 -9999 -9999 -9999 -9999 -9999 -9999 -9999 -9999 -9999 -9999 -9999 -9999 -9999 -9999 -9999 -9999 -9999 -9999 -9999 -9999 -9999 -9999 -9999 -9999 15 23 29 80 120 100 40 49 119 179 155 183 127 139 27 53 86 128 71 63 146 175 203 109 103 137 174 141 122 180 177 135 166 174 277 254 169 66 201 286 216 509 288 446 677 787 328 375 465 352 108 350
-9999 -9999 -9999 -9999 -9999 -9999 -9999 -9999 -9999 -9999 -9999 -9999 -9999 -9999 -9999 -9999 -9999 -9999 -9999 -9999 -9999 -9999 -9999 -9999 -9999 -9999 -9999 -9999 -9999 10 22 22 8 20 63 93 148 84 80 260 70 219 225 124 133 126 70 96 87 105 209 136 163 108 61 101 196 117 167 163 115 90 198 308 208 161 117 0 162 99 273 177 733 527 916 497 582 293 445 273 54
-9999 -9999 -9999 -9999 -9999 -9999 -9999 -9999 -9999 -9999 -9999 -9999 -9999 -9999 -9999 -9999 -9999 -9999 -9999 -9999 -9999 -9999 -9999 -9999 -9999 -9999 -9999 -9999 -9999 9 14 23 12 16 9 16 122 164 85 283 9 136 165 153 106 126 121 173 152 189 214 157 53 68 130 232 242 172 204 261 83 109 164 190 152 203 129 22 111 206 249 285 649 684 426 841 570 397 329 371 403
-9999 -9999 -9999 -9999 -9999 -9999 -9999 -9999 -9999 -9999 -9999 -9999 -9999 -9999 -9999 -9999 -9999 -9999 -9999 -9999 -9999 -9999 -9999 -9999 -9999 -9999 -9999 -9999 -9999 8 21 12 14 15 12 13 34 109 130 212 126 4 129 268 276 186 146 111 210 306 201 172 43 76 139 296 300 419 313 281 232 73 146 193 349 305 181 5 26 258 403 433 282 532 614 482 584 414 281 263 381
-9999 -9999 -9999 -9999 -9999 -9999 -9999 -9999 -9999 -9999 -9999 -9999 -9999 -9999 -9999 -9999 -9999 -9999 -9999 -9999 -9999 -9999 -9999 -9999 -9999 -9999 -9999 -9999 -9999 9 25 22 15 13 15 15 9 44 135 112 141 18 10 22 52 216 252 228 146 141 307 128 117 77 85 253 351 373 387 438 205 153 126 132 350 509 339 38 2 98 160 374 489 328 445 580 587 663 574 340 287
-9999 -9999 -9999 -9999 -9999 -9999 -9999 -9999 -9999 -9999 -9999 -9999 -9999 -9999 -9999 -9999 -9999 -9999 -9999 -9999 -9999 -9999 -9999 -9999 -9999 -9999 -9999 -9999 -9999 15 26 21 16 14 17 12 21 19 52 129 114 159 40 33 46 43 125 272 315 347 167 181 180 279 192 156 255 262 589 550 196 131 157 132 252 576 493 65 2 80 145 413 676 599 504 592 313 680 928 368 443
-9999 -9999 -9999 -9999 -9999 -9999 -9999 -9999 -9999 -9999 -9999 -9999 -9999 -9999 -9999 -9999 -9999 -9999 -9999 -9999 -9999 -9999 -9999 -9999 -9999 -9999 -9999 -9999 2 27 23 9 25 22 11 13 21 11 28 24 71 118 27 19 30 19 47 45 68 195 265 149 122 288 179 139 302 232 196 245 385 249 150 91 207 220 367 270 0 57 139 227 731 765 527 347 509 497 558 249 360
-9999 -9999 -9999 -9999 -9999 -9999 -9999 -9999 -9999 -9999 -9999 -9999 -9999 -9999 -9999 -9999 -9999 -9999 -9999 -9999 -9999 -9999 -9999 -9999 -9999 -9999 -9999 -9999 6 25 21 19 22 19 15 19 93 150 25 33 24 29 26 26 25 10 17 32 48 20 139 137 116 166 187 187 269 222 63 57 232 538 369 123 200 392 420 275 2 0 35 147 326 355 399 391 256 411 576 361 259
-9999 -9999 -9999 -9999 -9999 -9999 -9999 -9999 -9999 -9999 -9999 -9999 -9999 -9999 -9999 -9999 -9999 -9999 -9999 -9999 -9999 -9999 -9999 -9999 -9999 -9999 -9999 -9999 16 24 22 15 22 18 18 10 53 106 83 34 36 57 33 28 20 17 17 13 32 36 76 33 48 98 140 170 324 235 64 30 78 171 419 339 147 342 414 192 53 4 43 130 122 451 486 357 259 537 447 257 267
-9999 -9999 -9999 -9999 -9999 -9999 -9999 -9999 -9999 -9999 -9999 -9999 -9999 -9999 -9999 -9999 -9999 -9999 -9999 -9999 -9999 -9999 -9999 -9999 -9999 -9999 -9999 5 27 18 18 17 15 16 18 16 60 135 169 98 22 24 46 40 18 18 17 13 26 23 41 30 26 57 149 171 230 170 60 27 66 68 134 422 328 80 280 448 118 3 45 143 131 197 560 426 216 339 462 358 330
-9999 -9999 -9999 -9999 -9999 -9999 -9999 -9999 -9999 -9999 -9999 -9999 -9999 -9999 -9999 -9999 -9999 -9999 -9999 -9999 -9999 -9999 -9999 -9999 -9999 -9999 -9999 4 23 20 22 18 19 16 15 17 32 80 142 176 150 149 184 219 25 16 14 33 40 30 34 46 65 62 42 234 263 34 21 33 34 53 110 184 470 249 193 401 166 0 0 122 104 227 190 637 570 371 448 324 129
-9999 -9999 -9999 -9999 -9999 -9999 -9999 -9999 -9999 -9999 -9999 -9999 -9999 -9999 -9999 -9999 -9999 -9999 -9999 -9999 -9999 -9999 -9999 -9999 -9999 -9999 2 12 22 10 17 26 14 25 15 21 28 116 168 215 108 108 196 277 252 21 13 38 25 33 44 71 124 233 376 285 91 23 23 31 25 27 44 89 248 354 215 356 320 24 5 114 193 204 149 379 446 365 431 455 354
-9999 -9999 -9999 -9999 -9999 -9999 -9999 -9999 -9999 -9999 -9999 -9999 -9999 -9999 -9999 -9999 -9999 -9999 -9999 -9999 -9999 -9999 -9999 -9999 -9999 0 10 16 20 9 24 29 16 16 13 13 21 89 120 111 43 57 149 132 283 76 33 28 17 24 25 68 344 329 473 647 166 24 34 23 32 37 33 31 68 217 237 284 388 83 0 55 252 154 160 512 310 353 457 433 308
-9999 -9999 -9999 -9999 -9999 -9999 -9999 -9999 -9999 -9999 -9999 -9999 -9999 -9999 -9999 -9999 -9999 -9999 -9999 -9999 -9999 -9999 -9999 -9999 -9999 3 16 10 17 21 20 24 24 18 19 19 16 24 261 324 262 93 56 130 169 49 40 41 94 64 49 50 550 497 432 450 202 20 10 34 31 42 25 32 66 104 379 338 291 233 0 10 192 301 136 549 387 368 479 367 332
-9999 -9999 -9999 -9999 -9999 -9999 -9999 -9999 -9999 -9999 -9999 -9999 -9999 -9999 -9999 -9999 -9999 -9999 -9999 -9999 -9999 -9999 -9999 -9999 1 8 15 11 24 24 21 27 19 11 19 41 281 234 236 262 402 413 87 86 147 120 46 71 222 213 121 41 111 458 562 433 159 24 13 9 23 35 36 26 46 77 252 447 208 293 48 3 125 287 176 264 478 432 570 566 543
-9999 -9999 -9999 -9999 -9999 -9999 -9999 -9999 -9999 -9999 -9999 -9999 -9999 -9999 -9999 -9999 -9999 -9999 -9999 -9999 -9999 -9999 -9999 0 7 13 20 13 26 17 11 12 18 21 22 28 289 164 160 235 367 384 487 68 79 124 149 48 173 108 158 27 90 411 569 480 290 27 18 23 26 27 27 26 22 29 55 331 336 474 309 1 68 319 245 421 395 552 574 449 538
-9999 -9999 -9999 -9999 -9999 -9999 -9999 2 0 -9999 -9999 -9999 -9999 -9999 -9999 -9999 -9999 -9999 -9999 -9999 -9999 -9999 2 5 9 15 23 17 25 12 11 9 17 18 13 12 43 132 124 231 465 411 573 549 277 72 96 145 91 231 339 74 66 181 618 779 630 86 22 18 19 17 27 28 29 25 43 130 300 337 423 29 44 327 272 484 507 344 667 622 467
-9999 -9999 -9999 -9999 0 3 4 12 4 -9999 -9999 -9999 -9999 -9999 -9999 -9999 -9999 -9999 -9999 -9999 -9999 0 3 7 10 25 16 14 15 11 5 9 10 19 22 18 9 14 53 51 73 426 568 443 682 171 234 291 291 518 483 147 59 176 695 545 759 195 26 18 18 18 26 18 20 23 28 90 145 429 483 192 29 329 498 330 624 480 871 335 408
-9999 -9999 -9999 33 34 64 90 106 99 84 0 -9999 -9999 -9999 -9999 -9999 -9999 -9999 -9999 -9999 1 2 1 7 7 25 16 20 14 4 14 17 18 15 16 20 6 9 24 75 69 198 605 430 515 229 247 208 284 424 483 568 127 501 696 703 807 193 29 23 18 27 13 20 28 27 17 42 55 366 481 364 80 204 329 358 421 372 553 638 313
-9999 -9999 -9999 47 55 80 87 67 90 151 74 0 -9999 -9999 -9999 -9999 -9999 -9999 -9999 2 11 5 3 12 13 28 14 18 14 13 15 20 18 22 20 20 19 10 9 15 37 66 389 568 546 163 349 317 363 198 277 595 519 499 540 452 872 138 30 25 22 19 34 27 24 30 29 40 66 148 543 394 264 159 466 515 514 298 538 429 313
-9999 -9999 -9999 52 51 28 92 77 55 120 147 149 28 -9999 -9999 -9999 -9999 4 6 4 12 13 15 13 15 13 22 12 11 18 7 15 7 9 6 10 18 12 14 15 21 21 133 344 180 175 495 641 505 217 235 226 317 655 521 722 874 58 26 24 18 37 23 22 32 26 25 46 31 67 469 298 247 88 435 613 316 482 714 607 284
-9999 -9999 -9999 11 20 13 18 63 45 76 47 142 101 25 38 9 9 14 6 14 10 17 15 20 26 17 20 18 11 15 25 26 25 17 15 13 11 17 11 15 38 24 31 148 192 463 435 281 614 156 326 273 225 516 161 552 216 36 27 20 31 31 28 34 30 53 30 49 41 43 282 295 353 57 463 383 618 499 725 497 382
-9999 -9999 1 18 32 97 94 51 53 78 45 119 145 39 61 15 11 20 23 14 5 4 27 23 20 26 23 20 11 17 17 24 18 26 13 11 13 11 8 19 44 39 41 44 107 545 229 363 248 221 164 218 271 278 210 488 126 27 15 25 19 13 26 21 25 30 27 44 34 32 180 402 409 45 164 417 402 816 781 633 426
21 25 42 57 43 110 96 51 75 60 94 68 116 60 28 18 18 19 17 11 17 8 7 22 33 15 27 29 20 18 16 33 15 31 5 15 12 19 22 16 30 34 45 44 63 371 458 216 275 185 302 340 223 99 411 360 147 46 30 34 20 20 28 24 32 21 38 28 27 20 90 340 394 28 193 419 216 400 649 595 517
32 77 70 47 53 39 53 71 68 67 78 102 171 98 22 19 21 9 7 13 17 19 12 3 16 24 43 39 29 6 22 25 24 31 9 13 14 12 19 9 14 22 23 18 45 61 322 299 359 352 378 204 276 155 463 219 109 27 28 19 39 29 38 46 49 36 45 36 32 18 63 305 502 218 82 394 325 459 627 783 535
-9999 32 67 29 48 39 69 66 72 91 105 146 192 98 20 10 11 13 8 9 17 21 9 3 7 16 20 32 22 29 24 15 18 16 11 7 13 7 18 15 11 7 23 6 40 40 92 334 253 363 388 298 352 320 463 99 43 40 29 29 42 29 36 42 48 38 23 31 22 24 80 263 423 229 65 359 306 433 726 637 527
