Appendix_Data/App4-Expert-Range-Maps/SA_ASCII/rough.asc
NCOLS 472
NROWS 227
XLLCORNER 17.83333
YLLCORNER -34.83333
CELLSIZE 0.01666667
NODATA_VALUE -9999
[rows 108 to 143 of 227, columns 324 to 404 of 472]
-9999 -9999 -9999 -9999 -9999 -9999 -9999 -9999 -9999 -9999 -9999 -9999 -9999 -9999 -9999 -9999 -9999 -9999 -9999 -9999 -9999 -9999 -9999 -9999 -9999 -9999 -9999 -9999 -9999 -9999 -9999 -9999 -9999 -9999 -9999 -9999 -9999 -9999 -9999 -9999 -9999 -9999 -9999 -9999 -9999 -9999 -9999 -9999 -9999 -9999 -9999 -9999 -9999 -9999 -9999 -9999 -9999 -9999 -9999 -9999 -9999 -9999 -9999 -9999 -9999 -9999 -9999 -9999 -9999 -9999 -9999 -9999 -9999 -9999 -9999 -9999 -9999 -9999 -9999 -9999 -9999
-9999 -9999 -9999 -9999 -9999 -9999 -9999 -9999 -9999 -9999 -9999 -9999 -9999 -9999 -9999 -9999 -9999 -9999 -9999 -9999 -9999 -9999 -9999 -9999 -9999 -9999 -9999 -9999 -9999 -9999 -9999 -9999 -9999 -9999 -9999 -9999 -9999 -9999 -9999 -9999 -9999 -9999 -9999 -9999 -9999 -9999 -9999 -9999 -9999 -9999 -9999 -9999 -9999 -9999 -9999 -9999 -9999 -9999 -9999 -9999 -9999 -9999 -9999 -9999 -9999 -9999 -9999 -9999 -9999 -9999 -9999 -9999 -9999 -9999 -9999 -9999 -9999 -9999 -9999 -9999 -9999
-9999 -9999 -9999 -9999 -9999 -9999 -9999 -9999 -9999 -9999 -9999 -9999 -9999 -9999 -9999 -9999 -9999 -9999 -9999 -9999 -9999 -9999 -9999 -9999 -9999 -9999 -9999 -9999 -9999 -9999 -9999 -9999 -9999 -9999 -9999 -9999 -9999 -9999 -9999 -9999 -9999 -9999 -9999 -9999 -9999 -9999 -9999 -9999 -9999 -9999 -9999 -9999 -9999 -9999 -9999 -9999 -9999 -9999 -9999 -9999 -9999 -9999 -9999 -9999 -9999 -9999 -9999 -9999 -9999 -9999 -9999 -9999 -9999 -9999 -9999 -9999 -9999 -9999 -9999 -9999 -9999
-9999 -9999 -9999 -9999 -9999 -9999 -9999 -9999 -9999 -9999 -9999 -9999 -9999 -9999 -9999 -9999 -9999 -9999 -9999 -9999 -9999 -9999 -9999 -9999 -9999 -9999 -9999 -9999 -9999 -9999 -9999 -9999 -9999 -9999 -9999 -9999 -9999 -9999 -9999 -9999 -9999 -9999 -9999 -9999 -9999 -9999 -9999 -9999 -9999 -9999 -9999 -9999 -9999 -9999 -9999 -9999 -9999 -9999 -9999 -9999 -9999 -9999 -9999 -9999 -9999 -9999 -9999 -9999 -9999 -9999 -9999 -9999 -9999 -9999 -9999 -9999 -9999 -9999 -9999 -9999 -9999
-9999 -9999 -9999 -9999 -9999 -9999 -9999 -9999 -9999 -9999 -9999 -9999 -9999 -9999 -9999 -9999 -9999 -9999 -9999 -9999 -9999 -9999 -9999 -9999 -9999 -9999 -9999 -9999 -9999 -9999 -9999 -9999 -9999 -9999 -9999 -9999 -9999 -9999 -9999 -9999 -9999 -9999 -9999 -9999 -9999 -9999 -9999 -9999 -9999 -9999 -9999 -9999 -9999 -9999 -9999 -9999 -9999 -9999 -9999 -9999 -9999 -9999 -9999 -9999 -9999 -9999 -9999 -9999 -9999 -9999 -9999 -9999 -9999 -9999 -9999 -9999 -9999 -9999 -9999 -9999 -9999
-9999 -9999 -9999 -9999 -9999 -9999 -9999 -9999 -9999 -9999 -9999 -9999 -9999 -9999 -9999 -9999 -9999 -9999 -9999 -9999 -9999 -9999 -9999 -9999 -9999 -9999 -9999 -9999 -9999 -9999 -9999 -9999 -9999 -9999 -9999 -9999 -9999 -9999 -9999 -9999 -9999 -9999 -9999 -9999 -9999 -9999 -9999 -9999 -9999 -9999 -9999 -9999 -9999 -9999 -9999 -9999 -9999 -9999 -9999 -9999 -9999 -9999 -9999 -9999 -9999 -9999 -9999 -9999 -9999 -9999 -9999 -9999 -9999 -9999 -9999 -9999 -9999 -9999 -9999 -9999 -9999
-9999 -9999 -9999 -9999 -9999 -9999 -9999 -9999 -9999 -9999 -9999 -9999 -9999 -9999 -9999 -9999 -9999 -9999 -9999 -9999 -9999 -9999 -9999 -9999 -9999 -9999 -9999 -9999 -9999 -9999 -9999 -9999 -9999 -9999 -9999 -9999 -9999 -9999 -9999 -9999 -9999 -9999 -9999 -9999 -9999 -9999 -9999 -9999 -9999 -9999 -9999 -9999 -9999 -9999 -9999 -9999 -9999 -9999 -9999 -9999 -9999 -9999 -9999 -9999 -9999 -9999 -9999 -9999 -9999 -9999 -9999 -9999 -9999 -9999 -9999 -9999 -9999 -9999 -9999 -9999 -9999
-9999 -9999 -9999 -9999 -9999 -9999 -9999 -9999 -9999 -9999 -9999 -9999 -9999 -9999 -9999 -9999 -9999 -9999 -9999 -9999 -9999 -9999 -9999 -9999 -9999 -9999 -9999 -9999 -9999 -9999 -9999 -9999 -9999 -9999 -9999 -9999 -9999 -9999 -9999 -9999 -9999 -9999 -9999 -9999 -9999 -9999 -9999 -9999 -9999 -9999 -9999 -9999 -9999 -9999 -9999 -9999 -9999 -9999 -9999 -9999 -9999 -9999 -9999 -9999 -9999 -9999 -9999 -9999 -9999 -9999 -9999 -9999 -9999 -9999 -9999 -9999 -9999 -9999 -9999 -9999 -9999
-9999 -9999 -9999 -9999 -9999 -9999 -9999 -9999 -9999 -9999 -9999 -9999 -9999 -9999 -9999 -9999 -9999 -9999 -9999 -9999 -9999 -9999 -9999 -9999 -9999 -9999 -9999 -9999 -9999 -9999 -9999 -9999 -9999 -9999 -9999 -9999 -9999 -9999 -9999 -9999 -9999 -9999 -9999 -9999 -9999 -9999 -9999 -9999 -9999 -9999 -9999 -9999 -9999 -9999 -9999 -9999 -9999 -9999 -9999 -9999 -9999 -9999 -9999 -9999 -9999 -9999 -9999 -9999 -9999 -9999 -9999 -9999 -9999 -9999 -9999 -9999 -9999 -9999 -9999 -9999 -9999
-9999 -9999 -9999 -9999 -9999 -9999 -9999 -9999 -9999 -9999 -9999 -9999 -9999 -9999 -9999 -9999 -9999 -9999 -9999 -9999 -9999 -9999 -9999 -9999 -9999 -9999 -9999 -9999 -9999 -9999 -9999 -9999 -9999 -9999 -9999 -9999 -9999 -9999 -9999 -9999 -9999 -9999 -9999 -9999 -9999 -9999 -9999 -9999 -9999 -9999 -9999 -9999 -9999 -9999 -9999 -9999 -9999 -9999 -9999 -9999 -9999 -9999 -9999 -9999 -9999 -9999 -9999 -9999 -9999 -9999 -9999 -9999 -9999 -9999 -9999 -9999 -9999 -9999 -9999 -9999 -9999
-9999 -9999 -9999 -9999 -9999 -9999 -9999 -9999 23 23 10 12 8 8 20 18 25 33 26 41 45 46 42 58 74 86 104 263 267 145 91 80 64 41 38 35 23 12 16 18 21 22 18 19 34 45 -9999 -9999 -9999 -9999 -9999 -9999 -9999 -9999 -9999 -9999 -9999 -9999 -9999 -9999 -9999 -9999 -9999 -9999 -9999 -9999 -9999 -9999 -9999 -9999 -9999 -9999 -9999 -9999 -9999 -9999 -9999 -9999 -9999 -9999 -9999
-9999 -9999 -9999 -9999 -9999 -9999 -9999 -9999 16 7 10 11 6 6 20 21 29 55 42 65 79 132 110 192 208 309 317 406 421 207 202 138 121 118 97 74 70 65 42 14 9 22 31 24 46 54 -9999 -9999 -9999 -9999 -9999 -9999 -9999 -9999 -9999 -9999 -9999 -9999 -9999 -9999 -9999 -9999 -9999 -9999 -9999 -9999 -9999 -9999 -9999 -9999 -9999 -9999 -9999 -9999 -9999 -9999 -9999 -9999 -9999 -9999 -9999
-9999 -9999 -9999 -9999 -9999 -9999 -9999 -9999 16 15 18 20 14 143 150 225 365 392 458 403 423 456 419 380 294 302 320 279 215 328 437 382 433 402 402 421 281 233 176 59 14 32 38 48 63 199 -9999 -9999 -9999 -9999 -9999 -9999 -9999 -9999 -9999 -9999 -9999 -9999 -9999 -9999 -9999 -9999 -9999 -9999 -9999 -9999 -9999 -9999 -9999 -9999 -9999 -9999 -9999 -9999 -9999 -9999 -9999 -9999 -9999 -9999 -9999
-9999 -9999 -9999 -9999 -9999 -9999 -9999 -9999 18 26 22 18 12 65 55 196 386 433 506 452 551 485 418 333 220 177 200 200 322 280 320 219 290 313 346 326 226 260 262 233 226 327 191 124 107 94 -9999 -9999 -9999 -9999 -9999 -9999 -9999 -9999 -9999 -9999 -9999 -9999 -9999 -9999 -9999 -9999 -9999 -9999 -9999 -9999 -9999 -9999 -9999 -9999 -9999 -9999 -9999 -9999 -9999 -9999 -9999 -9999 -9999 -9999 -9999
37 67 39 42 45 35 34 21 12 21 24 16 24 43 44 37 68 49 75 146 221 285 325 276 264 317 281 299 361 293 300 245 237 174 263 346 271 324 227 174 267 345 287 376 456 479 -9999 -9999 -9999 -9999 -9999 -9999 -9999 -9999 -9999 -9999 -9999 -9999 -9999 -9999 -9999 -9999 -9999 -9999 -9999 -9999 -9999 -9999 -9999 -9999 -9999 -9999 -9999 -9999 -9999 -9999 -9999 -9999 -9999 -9999 -9999
32 77 51 28 32 24 32 25 26 63 80 113 92 221 316 265 277 288 158 248 248 210 237 186 250 392 338 270 193 158 201 157 242 232 260 360 306 296 255 161 381 302 252 220 299 391 -9999 -9999 -9999 -9999 -9999 -9999 -9999 -9999 -9999 -9999 -9999 -9999 -9999 -9999 -9999 -9999 -9999 -9999 -9999 -9999 -9999 -9999 -9999 -9999 -9999 -9999 -9999 -9999 -9999 -9999 -9999 -9999 -9999 -9999 -9999
33 22 34 20 28 30 49 27 26 34 63 47 285 347 334 263 237 337 337 277 171 101 207 216 281 339 340 333 366 357 251 290 258 301 246 274 139 132 80 177 274 302 332 323 362 313 -9999 -9999 -9999 -9999 -9999 -9999 -9999 -9999 -9999 -9999 -9999 -9999 -9999 -9999 -9999 -9999 -9999 -9999 -9999 -9999 -9999 -9999 -9999 -9999 -9999 -9999 -9999 -9999 -9999 -9999 -9999 -9999 -9999 -9999 -9999
26 33 41 29 19 9 16 20 14 23 13 36 63 83 117 216 355 379 436 442 339 88 219 275 411 413 215 505 336 328 445 478 422 360 371 340 283 258 335 302 387 416 342 240 137 146 -9999 -9999 -9999 -9999 -9999 -9999 -9999 -9999 -9999 -9999 -9999 -9999 -9999 -9999 -9999 -9999 -9999 -9999 -9999 -9999 -9999 -9999 -9999 -9999 -9999 -9999 -9999 -9999 -9999 -9999 -9999 -9999 -9999 -9999 -9999
21 16 12 12 21 40 45 39 47 43 84 69 60 93 134 301 390 275 224 331 272 36 114 49 72 85 100 117 93 82 50 49 72 61 52 109 102 116 208 300 360 438 441 323 328 266 -9999 -9999 -9999 -9999 -9999 -9999 -9999 -9999 -9999 -9999 -9999 -9999 -9999 -9999 -9999 -9999 -9999 -9999 -9999 -9999 -9999 -9999 -9999 -9999 -9999 -9999 -9999 -9999 -9999 -9999 -9999 -9999 -9999 -9999 -9999
19 18 24 36 68 64 71 44 134 335 302 238 255 237 217 278 378 271 237 301 210 116 104 104 210 355 309 243 298 267 319 295 275 225 141 138 49 16 49 57 93 106 127 159 238 206 -9999 -9999 -9999 -9999 -9999 -9999 -9999 -9999 -9999 -9999 -9999 -9999 -9999 -9999 -9999 -9999 -9999 -9999 -9999 -9999 -9999 -9999 -9999 -9999 -9999 -9999 -9999 -9999 -9999 -9999 -9999 -9999 -9999 -9999 -9999
21 29 78 65 176 173 203 188 291 262 280 95 199 108 126 53 56 19 35 63 35 35 14 43 82 99 61 143 190 150 171 174 215 189 284 263 212 259 344 351 279 238 122 112 99 44 -9999 -9999 -9999 -9999 -9999 -9999 -9999 -9999 -9999 -9999 -9999 -9999 -9999 -9999 -9999 -9999 -9999 -9999 -9999 -9999 -9999 -9999 -9999 -9999 -9999 -9999 -9999 -9999 -9999 -9999 -9999 -9999 -9999 -9999 -9999
33 134 177 225 327 295 215 194 257 238 238 214 114 105 109 38 60 42 32 42 17 30 31 18 18 26 35 16 137 140 150 137 65 47 89 188 373 318 199 261 319 252 237 215 192 210 -9999 -9999 -9999 -9999 -9999 -9999 -9999 -9999 -9999 -9999 -9999 -9999 -9999 -9999 -9999 -9999 -9999 -9999 -9999 -9999 -9999 -9999 -9999 -9999 -9999 -9999 -9999 -9999 -9999 -9999 -9999 -9999 -9999 -9999 -9999
21 60 206 225 299 272 248 253 269 248 185 239 405 406 142 42 35 38 28 40 37 42 26 39 32 27 19 39 39 28 26 24 16 24 42 117 175 267 148 329 322 260 274 268 233 187 -9999 -9999 -9999 -9999 -9999 -9999 -9999 -9999 -9999 -9999 -9999 -9999 -9999 -9999 -9999 -9999 -9999 -9999 -9999 -9999 -9999 -9999 -9999 -9999 -9999 -9999 -9999 -9999 -9999 -9999 -9999 -9999 -9999 -9999 -9999
180 175 197 194 190 134 170 199 170 271 334 385 354 266 93 61 42 44 48 89 76 81 71 75 70 48 61 56 39 45 36 46 28 39 26 20 36 96 97 134 128 123 172 219 239 143 77 289 310 274 240 218 218 148 353 376 235 105 35 54 114 98 106 99 57 39 81 66 80 56 97 156 233 377 429 361 329 310 195 95 96
161 107 82 106 159 104 38 47 54 36 47 53 36 35 33 64 77 95 86 129 123 126 119 60 131 82 98 100 70 71 63 54 27 43 38 36 34 29 30 39 28 43 43 36 35 32 6 114 209 150 113 72 61 80 203 305 358 408 276 311 232 74 63 76 86 142 110 80 40 63 116 69 52 66 79 228 296 307 344 261 238
78 97 89 83 87 70 40 35 36 71 59 57 58 42 80 120 78 100 87 68 70 93 91 71 94 59 98 130 91 86 69 62 92 79 78 42 32 33 42 11 31 22 31 19 19 34 20 66 198 267 216 158 85 59 105 190 163 146 88 195 239 373 377 339 212 21 96 111 123 163 121 89 66 69 36 45 114 88 195 234 208
87 68 101 63 59 65 84 37 32 55 55 54 67 46 40 42 55 71 114 78 117 97 124 154 191 208 234 196 84 90 84 78 89 61 81 58 36 42 23 32 37 33 40 39 30 48 36 36 73 71 112 129 154 115 88 70 87 111 79 142 169 149 181 188 233 241 208 134 137 129 230 244 235 308 201 153 179 82 109 95 155
47 77 66 80 72 47 57 39 54 71 74 53 56 64 87 112 109 80 97 85 78 71 124 110 141 128 114 114 70 93 77 93 59 68 93 140 58 59 33 24 38 50 44 43 42 39 37 51 30 25 51 65 53 75 74 73 89 63 92 103 150 69 78 131 168 196 190 193 195 242 293 256 218 173 230 243 263 291 256 177 184
90 64 51 61 65 45 49 60 59 45 40 47 39 52 60 82 78 109 124 114 94 98 120 50 62 150 124 104 103 92 61 54 57 112 87 90 64 67 37 26 40 57 44 48 43 57 46 64 46 50 58 42 36 41 44 32 55 73 104 152 168 53 30 35 12 4 0 48 80 92 163 265 235 286 265 294 254 261 241 236 341
91 107 89 80 57 61 65 77 78 137 99 92 111 124 148 112 97 103 123 81 106 162 170 95 113 128 78 111 76 69 59 64 55 55 47 54 68 62 21 28 65 53 65 66 58 43 43 51 34 38 40 43 28 36 26 28 31 28 23 15 11 6 0 0 0 2 0 0 0 11 51 81 97 89 65 145 142 212 364 341 256
264 251 170 131 114 103 87 101 78 146 112 89 97 97 135 185 242 199 118 73 75 141 202 242 207 232 280 193 135 68 41 45 43 54 56 67 40 20 22 49 40 69 47 38 27 36 26 34 44 41 40 32 28 34 38 27 35 40 35 20 16 2 0 3 0 0 0 0 0 0 0 15 11 33 7 9 20 49 59 118 128
323 265 268 282 277 169 67 157 158 100 83 176 128 112 41 60 66 60 73 66 84 117 111 215 255 301 311 258 206 144 75 71 83 94 67 46 46 50 42 57 69 74 72 66 48 44 38 27 21 22 17 18 15 13 30 39 37 28 28 30 42 29 22 10 8 7 21 5 0 0 0 0 0 0 0 0 0 5 41 208 227
274 326 442 478 502 372 222 102 94 74 73 88 73 111 108 80 73 102 61 77 94 83 95 72 52 52 136 73 90 82 97 106 96 51 38 33 63 43 40 47 49 44 84 59 64 40 38 46 50 51 42 28 22 18 30 21 23 22 38 24 30 24 24 37 25 20 18 11 0 0 0 0 0 0 0 0 0 0 0 10 59
75 102 87 82 274 319 259 163 109 61 137 175 156 200 177 126 63 88 43 39 49 100 106 79 86 143 152 84 47 56 55 76 101 95 68 59 71 59 62 89 49 45 39 62 55 58 69 49 59 51 55 41 50 65 68 63 37 43 39 37 41 30 33 35 39 32 29 18 9 1 0 0 0 0 0 0 0 0 0 0 0
42 60 48 86 269 181 145 182 223 294 458 347 393 380 358 246 167 122 96 53 34 66 112 85 56 67 51 63 62 97 111 128 101 118 105 112 97 74 69 53 42 36 61 56 46 56 36 52 44 48 34 43 43 39 46 62 71 88 59 48 58 48 53 43 34 28 31 31 42 50 40 14 0 0 0 0 0 0 0 0 0
78 86 54 84 86 232 383 365 230 364 398 366 229 284 350 271 185 129 76 59 33 58 57 94 100 82 70 50 219 302 359 419 494 422 414 312 165 142 97 73 40 49 57 49 67 52 56 32 32 28 25 40 35 34 48 52 38 51 70 70 88 80 59 61 106 98 61 72 66 61 84 70 15 46 51 41 30 0 24 25 43
