Appendix_Data/App4-Expert-Range-Maps/SA_ASCII/text2.asc
NCOLS 472
NROWS 227
XLLCORNER 17.83333
YLLCORNER -34.83333
CELLSIZE 0.01666667
NODATA_VALUE -9999
[rows 148 to 184 of 227, columns 166 to 248 of 472]
0 1 12 25 43 78 93 64 8 2 8 16 23 29 39 50 39 53 66 64 59 44 30 38 48 77 76 70 70 67 84 90 98 100 100 100 100 100 88 65 56 27 65 100 97 58 31 47 33 27 0 0 0 0 0 0 4 11 14 17 9 13 50 97 100 100 100 100 100 100 100 100 100 100 100 100 100 100 100 100 100 100 100
97 100 72 96 100 82 45 15 17 27 10 2 3 21 13 23 13 12 28 19 18 7 7 13 21 25 45 37 46 59 75 61 73 88 89 94 100 100 100 100 100 100 100 100 100 100 95 68 45 16 36 26 4 0 0 0 0 0 0 7 3 0 10 98 100 100 100 100 100 100 100 100 100 100 100 100 100 100 100 100 100 100 100
98 50 56 57 24 15 36 35 48 63 23 25 48 6 14 0 0 0 12 13 12 9 13 13 5 0 6 19 23 5 30 25 11 27 46 52 73 81 96 100 100 100 100 100 100 100 100 86 30 50 42 20 20 53 19 0 0 0 0 0 11 35 73 100 100 100 100 100 100 100 100 100 100 100 100 100 100 100 100 100 100 100 100
100 91 86 84 78 65 76 62 52 72 80 81 92 97 100 88 76 71 62 37 34 45 21 30 41 23 40 40 42 48 46 53 35 24 25 37 61 65 79 56 87 77 83 99 99 95 89 85 80 29 57 30 21 37 3 0 0 13 24 15 15 14 90 100 100 100 100 100 100 100 100 100 100 100 100 100 100 100 100 100 100 100 100
100 100 100 100 100 100 100 100 100 100 100 100 100 100 100 100 100 100 100 100 100 92 87 76 95 97 92 99 100 100 100 100 100 100 100 92 65 70 48 24 31 45 36 41 35 42 29 23 21 13 11 14 1 0 0 0 3 37 0 0 25 77 26 53 95 100 100 100 100 100 100 100 100 100 100 100 100 100 100 100 100 100 100
100 100 100 100 100 100 100 100 100 100 100 100 100 100 100 100 100 100 100 100 75 72 71 89 82 67 99 100 100 100 100 100 100 100 100 100 100 100 99 71 27 8 9 11 7 8 8 8 9 19 11 12 1 3 0 0 0 6 31 12 4 69 28 42 58 100 100 100 100 100 100 100 100 100 100 100 100 100 100 100 100 100 100
100 100 100 100 100 100 100 100 100 100 100 100 100 100 100 100 100 100 100 100 92 91 88 90 85 94 100 100 100 100 100 100 100 100 100 100 100 100 100 96 69 31 9 2 0 0 0 0 0 0 0 0 21 15 0 0 0 0 0 7 28 19 31 39 32 65 84 95 100 100 100 100 100 100 100 100 100 100 100 100 100 100 100
100 100 100 99 100 100 100 100 100 100 100 100 100 100 100 100 100 100 100 100 100 100 100 100 100 100 100 100 100 100 100 100 100 100 98 73 70 73 98 98 79 57 3 3 13 0 0 0 0 0 0 0 7 1 2 9 1 0 0 0 0 0 19 26 19 25 16 36 82 100 99 100 100 100 100 100 100 100 100 100 100 100 100
92 54 35 53 100 100 100 100 100 100 100 100 100 100 100 100 100 100 100 100 100 100 100 100 100 100 100 92 100 100 100 100 100 100 100 100 100 94 71 70 79 69 41 39 12 13 6 6 0 0 9 3 16 14 12 12 0 0 0 0 0 0 0 0 0 8 6 0 0 15 51 62 94 98 100 91 52 84 90 92 89 99 100
46 45 31 2 34 99 100 100 100 100 100 100 100 100 100 100 100 100 100 100 100 100 100 100 86 86 92 87 100 100 100 100 100 100 100 100 100 100 100 100 100 91 39 74 21 10 8 3 10 7 21 19 11 26 8 27 7 0 0 0 0 0 0 0 0 10 26 0 0 0 7 22 20 22 33 34 49 31 18 20 19 54 85
71 57 62 42 44 87 81 92 66 31 73 82 77 85 100 100 100 100 100 100 100 100 100 100 100 100 100 100 100 100 100 100 100 100 100 100 100 100 100 100 79 13 23 95 65 17 21 3 2 0 0 7 10 15 14 0 15 10 0 0 0 0 0 0 0 23 0 0 0 0 0 14 9 9 8 8 9 8 12 9 0 0 5
22 9 50 100 94 49 41 54 47 64 68 10 0 3 43 75 100 100 100 100 100 100 100 100 100 100 100 100 100 100 100 100 100 100 100 100 100 100 100 100 98 51 2 25 76 50 3 12 23 30 6 0 4 0 1 1 0 1 4 7 7 15 10 1 5 2 0 0 0 0 0 13 12 8 0 0 1 0 14 8 0 0 0
57 29 0 13 33 25 54 62 57 59 41 57 70 76 35 41 47 76 90 97 93 100 100 100 100 100 100 100 100 100 100 100 100 100 100 100 100 100 100 100 100 100 94 65 30 35 56 39 37 28 33 39 37 34 36 46 37 49 58 50 41 35 28 21 27 12 10 12 1 1 0 0 0 2 9 8 9 12 9 0 0 0 0
4 52 47 21 38 53 94 81 69 54 53 39 25 33 20 38 41 40 36 65 74 25 48 64 69 96 100 100 100 100 100 100 100 100 100 100 100 100 100 100 100 100 100 100 94 55 29 20 10 25 35 35 13 2 3 7 10 23 11 4 0 0 2 40 36 41 51 49 46 26 26 17 22 22 15 11 8 7 0 0 0 0 0
38 23 5 0 0 0 13 4 8 0 2 3 3 1 12 19 22 75 50 11 34 61 85 24 0 63 100 100 100 100 100 100 100 100 100 100 100 100 100 100 100 100 100 100 100 100 100 100 100 95 87 78 86 55 51 50 39 10 0 0 0 0 2 3 0 0 0 35 85 79 62 47 13 4 17 32 37 49 74 84 27 5 0
100 100 98 74 41 4 3 9 8 9 3 0 0 0 0 0 0 44 23 39 37 55 32 4 58 98 100 100 100 100 100 100 100 100 100 100 100 100 100 100 100 100 100 100 100 100 100 100 100 100 100 100 100 100 99 82 67 40 21 26 20 0 0 0 0 0 2 5 1 3 31 81 93 50 1 0 44 100 86 44 14 13 46
100 100 100 100 100 19 6 11 7 21 0 3 4 33 34 20 15 28 67 81 21 0 19 88 100 100 100 100 100 100 100 100 100 100 100 100 100 100 100 100 100 100 100 100 100 100 100 100 100 100 100 100 94 43 25 0 2 15 17 37 63 71 53 49 47 55 63 50 38 51 52 28 3 5 37 55 91 66 14 16 1 2 64
100 100 100 100 100 22 0 23 8 10 16 41 49 47 13 21 63 100 82 9 0 0 6 25 48 47 63 67 72 79 88 99 100 100 100 100 100 100 100 100 100 100 100 100 100 100 100 100 100 100 100 100 82 7 0 0 15 63 99 65 29 48 65 20 0 0 3 15 13 12 23 23 21 24 27 40 25 33 14 8 5 0 0
100 100 100 100 57 0 0 0 17 35 56 56 51 61 97 100 100 85 64 63 1 4 1 0 0 0 0 0 0 0 13 16 5 11 51 100 98 75 77 77 73 64 58 60 67 72 82 95 94 85 72 46 12 22 18 42 86 83 100 25 0 0 0 5 25 35 42 26 27 17 0 0 3 6 22 0 0 0 0 0 0 0 0
100 100 100 94 16 14 2 23 26 33 37 10 56 57 33 29 46 92 100 92 75 88 66 39 28 21 3 0 0 17 18 10 23 51 53 24 4 0 0 0 0 0 0 0 0 0 0 1 0 18 26 58 98 95 63 59 54 42 19 1 0 49 27 27 11 0 0 0 0 3 3 0 0 0 0 1 0 0 0 0 0 0 0
100 100 100 100 77 25 61 13 0 1 15 32 80 84 12 27 10 13 35 32 8 15 43 95 92 39 6 9 16 21 9 17 0 0 0 0 0 0 0 0 0 0 0 0 4 17 33 65 87 77 100 100 100 100 98 50 1 0 0 0 37 90 16 0 0 0 0 0 0 1 0 1 13 13 18 33 20 6 4 0 0 0 0
100 100 100 70 33 72 31 0 29 37 57 55 43 44 16 12 7 4 23 21 26 16 17 15 31 68 53 47 44 40 58 49 41 38 47 57 73 79 81 77 59 52 46 53 71 83 100 100 100 100 100 100 100 78 16 0 0 0 0 0 6 48 75 9 6 0 0 6 1 20 15 33 9 12 20 6 0 0 0 0 5 13 9
80 85 55 69 79 54 7 26 19 21 3 0 0 1 0 0 0 0 0 0 6 0 0 14 34 42 49 50 65 59 77 85 90 99 91 86 77 53 66 79 91 98 100 100 100 100 100 100 100 100 100 99 98 37 7 4 19 46 48 57 66 71 86 56 48 31 0 0 2 0 0 0 0 0 0 0 0 8 9 10 6 1 0
24 27 21 12 20 18 24 45 15 0 0 0 0 0 0 0 0 0 0 0 0 0 14 24 0 11 43 71 76 55 81 64 55 63 34 34 25 37 43 27 27 25 30 33 43 37 52 61 66 50 22 37 35 60 64 80 95 99 100 99 87 77 76 54 12 3 0 0 0 0 4 1 0 3 10 8 10 4 0 0 0 7 16
26 24 15 24 27 19 7 0 0 0 1 12 13 10 10 11 11 13 13 9 9 12 7 14 11 13 12 17 6 0 0 13 7 12 19 34 21 1 0 5 3 5 13 14 7 2 0 0 9 15 8 5 4 0 0 0 0 0 6 5 6 11 4 2 0 0 0 0 0 0 8 13 7 7 0 0 0 0 0 0 0 13 41
0 0 0 3 18 13 9 8 10 10 11 1 0 0 0 0 0 0 0 0 0 0 10 8 25 45 33 1 8 13 13 16 16 12 13 13 13 22 16 0 0 0 0 0 0 0 0 0 0 0 0 0 0 0 0 0 0 0 7 0 0 3 15 19 14 12 12 12 10 10 1 0 8 13 25 16 26 44 2 30 28 41 55
0 0 18 13 1 0 0 0 0 0 0 0 0 0 0 0 0 0 0 11 30 58 69 92 94 100 100 83 27 53 70 60 16 1 0 2 0 8 8 9 9 9 9 10 9 8 7 1 0 0 0 0 6 12 11 10 14 24 41 23 31 38 5 4 3 14 15 32 50 61 61 51 25 52 43 60 83 65 48 35 12 25 40
13 12 2 0 0 3 11 0 0 0 0 26 58 60 24 51 40 20 55 74 98 93 89 93 98 100 100 100 100 100 100 100 100 95 77 51 13 7 0 0 0 0 0 0 0 0 1 7 7 9 9 9 8 27 49 82 94 100 100 100 100 100 100 100 100 100 100 100 100 100 100 82 51 74 84 63 80 30 11 0 5 6 12
32 22 41 53 20 40 53 24 11 25 24 60 100 100 83 10 59 62 78 32 11 0 0 12 22 16 42 58 86 100 100 100 98 67 23 55 1 13 8 11 2 0 0 3 0 0 3 18 40 69 69 83 97 100 100 100 100 100 100 100 100 100 100 100 100 100 100 100 100 100 100 90 72 58 91 52 39 22 22 18 53 48 21
80 100 100 100 100 97 89 80 90 86 77 100 100 100 100 77 78 82 77 31 47 30 46 45 23 8 3 0 4 11 10 7 11 9 17 43 35 37 65 64 48 32 66 96 87 87 85 100 79 100 100 100 100 100 96 100 100 100 100 100 100 100 100 100 100 100 100 100 100 100 100 100 100 100 100 98 100 93 92 100 100 100 90
100 100 100 100 100 100 100 100 100 100 100 100 100 100 94 100 100 100 100 94 55 80 76 84 84 76 62 62 80 79 80 77 74 77 98 99 100 44 76 99 100 90 57 100 68 67 70 72 92 100 100 100 100 100 100 100 100 100 100 100 100 100 100 100 100 100 100 100 100 100 100 100 100 100 100 100 100 100 100 100 100 100 100
100 100 100 100 100 100 100 100 100 100 100 100 81 93 80 95 100 100 100 100 99 60 100 100 100 100 90 92 100 100 84 78 94 64 46 52 100 71 42 100 100 100 73 56 56 100 100 100 100 100 100 100 100 100 100 100 100 100 100 100 100 100 100 100 100 100 100 100 100 96 80 100 100 100 100 100 100 100 100 100 100 100 100
100 100 100 100 100 100 100 100 100 100 100 100 76 64 100 91 70 79 93 100 100 63 100 100 100 97 80 99 100 99 99 75 66 74 99 78 36 25 9 78 94 85 86 6 47 94 100 100 100 100 100 100 100 100 100 100 100 100 100 100 100 100 100 100 92 94 100 100 100 100 100 100 100 100 100 100 100 100 100 100 100 100 100
100 100 100 100 100 100 100 100 100 100 100 100 95 47 100 100 98 88 71 72 66 44 100 100 100 72 87 76 81 100 92 96 100 94 95 89 94 90 69 19 90 32 51 79 93 96 100 100 100 100 100 100 100 100 100 100 100 100 100 100 100 100 100 100 100 100 100 100 100 100 100 100 100 100 100 100 100 100 100 100 100 100 100
100 100 100 100 100 100 100 100 100 100 100 100 100 69 93 99 100 100 96 100 89 46 90 85 55 66 75 94 100 100 100 100 100 100 100 100 100 100 100 65 56 86 100 100 100 100 100 100 100 100 100 100 100 100 100 100 100 100 100 100 100 100 100 100 100 100 100 100 100 100 100 100 100 100 100 100 100 100 100 100 100 100 100
100 100 100 100 100 100 100 100 100 100 100 100 100 96 46 96 91 83 83 76 82 80 87 82 100 100 100 100 100 100 100 100 100 98 90 100 100 100 94 99 71 99 100 100 100 100 100 100 100 100 100 100 100 100 100 100 100 100 100 100 100 100 100 100 98 91 100 100 100 100 100 100 100 100 100 100 100 100 86 54 70 96 91
100 100 100 100 100 100 100 100 100 100 100 100 100 100 75 88 100 100 100 100 100 100 100 100 100 100 100 100 100 100 100 100 100 99 45 96 100 100 100 100 99 100 100 100 100 100 100 100 100 100 100 100 100 100 100 100 100 100 100 100 100 100 100 100 100 100 100 100 100 100 100 100 100 100 100 100 100 100 87 2 9 20 12
