Appendix_Data/App4-Expert-Range-Maps/SA_ASCII/text2.asc
NCOLS 472
NROWS 227
XLLCORNER 17.83333
YLLCORNER -34.83333
CELLSIZE 0.01666667
NODATA_VALUE -9999
[rows 148 to 184 of 227, columns 83 to 165 of 472]
0 0 0 0 0 0 0 0 0 0 0 7 15 12 10 12 13 10 8 8 9 9 12 0 0 0 0 0 0 0 0 0 0 0 46 22 1 5 16 20 10 0 16 53 83 76 74 30 36 20 83 85 56 70 97 82 79 33 15 14 28 49 74 98 100 100 86 89 95 98 97 100 91 69 66 70 67 68 69 61 46 26 7
0 0 0 0 0 0 0 0 0 0 0 1 10 11 8 0 3 1 0 4 0 22 5 0 0 0 0 0 0 0 0 0 0 0 0 46 26 17 7 0 8 64 100 86 70 78 63 38 51 76 93 84 80 76 88 95 91 89 81 74 80 91 85 100 100 100 94 100 100 89 92 80 82 60 83 89 100 100 100 100 100 100 100
0 0 0 0 0 0 46 2 0 0 0 3 25 0 0 0 0 0 0 0 0 8 18 8 0 0 21 16 16 20 20 0 0 0 0 0 11 25 44 15 0 70 100 83 67 88 82 78 76 75 64 67 78 85 91 86 58 43 41 51 57 59 91 65 72 86 86 86 91 99 100 100 95 29 60 100 100 100 100 100 100 100 100
0 0 0 0 0 62 81 0 0 28 29 30 30 0 0 0 0 0 0 0 0 0 0 15 0 11 24 9 4 14 16 19 14 3 0 0 0 66 47 23 0 10 27 41 27 28 21 30 44 15 49 15 42 52 43 36 8 0 0 39 68 30 61 74 92 95 53 35 82 84 100 100 97 82 69 89 100 100 100 100 100 100 100
0 0 0 0 0 5 44 9 0 0 39 42 5 0 0 0 0 4 0 0 0 0 0 1 9 10 14 14 14 4 23 48 44 47 46 12 0 16 54 31 21 7 31 32 24 14 0 0 0 1 2 1 33 35 0 0 16 14 10 13 34 45 40 26 27 60 73 54 79 100 100 100 100 79 89 88 85 80 89 100 100 100 100
0 0 0 0 0 0 3 40 0 9 12 18 0 0 0 10 64 85 24 0 0 12 18 19 0 0 0 0 16 0 29 56 55 56 16 23 20 0 0 11 59 57 3 0 0 0 0 0 0 0 0 0 0 0 0 0 24 8 1 0 0 0 0 0 24 92 59 72 76 97 100 100 78 98 97 86 85 56 74 97 100 100 100
0 0 7 0 23 0 0 0 28 63 74 82 67 4 14 92 100 100 98 85 83 79 62 66 28 33 17 6 6 11 1 19 30 58 81 83 66 55 44 15 4 0 1 18 14 10 8 9 10 9 0 0 0 0 0 0 0 1 29 31 22 6 20 2 53 46 55 95 100 100 100 100 92 86 93 100 100 100 100 100 100 100 100
0 0 9 0 0 0 0 6 20 66 100 100 54 30 82 100 100 100 100 100 100 100 100 100 100 88 48 0 0 0 7 10 17 30 60 93 100 100 95 80 59 51 59 67 72 81 84 77 62 39 22 0 0 0 0 0 0 0 0 0 30 54 74 83 56 61 90 100 100 100 100 100 100 100 100 100 100 100 100 100 100 100 100
0 0 0 0 0 0 41 23 0 2 35 77 100 100 100 100 100 100 100 100 100 100 100 100 100 100 98 39 0 0 0 0 2 8 18 41 90 100 84 65 70 75 68 61 74 74 70 78 95 90 61 35 22 0 0 0 0 0 0 2 7 29 73 95 85 28 4 14 44 75 100 100 100 100 100 100 100 99 92 85 92 98 100
0 8 23 18 0 19 56 0 5 16 27 12 61 82 100 99 70 61 89 100 100 100 100 100 100 100 100 89 4 1 0 0 0 2 9 9 46 93 94 91 86 86 70 72 86 93 76 81 65 77 100 88 53 23 0 0 0 0 0 0 12 25 54 99 83 45 0 8 60 85 51 32 74 99 100 64 67 74 85 82 65 72 30
0 21 52 27 22 46 3 0 0 0 0 76 3 12 18 25 13 80 100 100 100 100 100 100 96 36 46 89 87 56 11 0 0 0 0 8 21 49 63 53 64 51 60 62 72 81 88 87 83 92 100 100 88 37 0 0 0 0 0 22 34 34 84 88 87 62 0 12 39 11 0 0 0 11 44 22 94 100 92 97 97 78 69
8 15 0 13 27 74 5 0 0 2 6 0 3 40 2 8 47 82 59 76 75 79 98 100 100 89 1 8 62 34 20 1 0 0 0 0 7 6 12 14 12 14 17 28 17 20 10 29 48 71 87 87 43 60 0 0 0 0 0 0 13 52 92 100 85 73 52 71 96 94 55 52 31 11 14 13 62 99 80 64 43 66 65
24 32 17 13 3 13 33 4 16 16 6 0 3 13 2 0 15 66 91 100 97 65 98 100 100 71 57 60 37 16 6 5 9 0 0 0 0 0 0 0 0 4 11 1 0 4 10 12 8 15 39 85 66 46 41 25 11 12 16 34 36 55 67 100 92 86 94 85 79 83 87 91 86 85 90 47 59 55 0 1 15 2 29
2 1 0 10 8 7 12 5 0 8 3 0 17 16 4 13 1 20 72 75 63 90 71 54 81 69 62 96 87 56 22 6 27 0 0 0 0 0 0 0 0 1 2 11 0 5 0 0 5 10 9 16 41 79 78 87 81 66 60 69 88 67 75 100 100 100 100 100 100 100 100 100 100 85 96 95 100 100 87 43 3 0 0
0 0 0 17 14 0 0 5 0 12 0 0 41 13 11 1 0 11 10 0 1 49 30 23 60 23 0 19 64 79 77 22 20 0 0 0 0 0 0 9 11 13 25 3 0 15 3 2 23 1 0 15 1 19 52 83 76 100 100 85 59 87 100 100 100 100 100 100 100 95 89 88 90 97 100 100 100 100 100 100 95 72 50
0 0 0 0 17 0 0 0 3 11 1 0 17 15 7 0 9 24 0 0 14 19 10 29 3 9 22 9 53 31 46 28 30 5 21 1 0 0 15 57 39 60 61 74 64 68 54 22 28 26 9 12 7 49 55 75 92 100 100 100 100 100 100 100 100 100 100 100 100 100 100 100 100 100 100 100 100 100 100 100 100 100 100
0 18 0 0 0 0 0 0 10 4 0 26 19 7 7 0 0 1 0 3 49 62 64 91 94 77 53 31 31 16 3 72 90 6 82 26 0 2 24 97 100 100 100 100 99 80 71 62 42 49 2 0 19 30 29 70 79 87 76 95 100 100 100 100 100 100 100 100 100 100 100 100 100 100 100 100 100 100 100 100 100 100 100
0 0 0 0 0 0 0 0 11 11 0 2 4 37 22 0 0 14 43 73 58 84 74 44 63 42 32 12 43 52 86 100 84 16 12 35 27 68 80 95 100 100 100 100 100 100 100 100 100 99 31 17 3 13 15 14 75 98 89 90 100 100 100 100 100 100 100 100 100 100 100 100 100 100 100 100 100 100 100 100 100 100 100
0 0 0 0 0 0 0 10 21 2 1 2 58 100 96 38 88 93 76 45 42 41 40 23 7 9 32 47 0 15 62 44 34 6 1 18 45 55 58 100 100 100 100 100 100 100 100 100 100 100 82 25 23 9 0 10 18 46 68 72 81 99 100 100 100 100 100 100 100 100 100 100 100 100 100 100 100 100 100 100 100 100 100
0 0 0 0 0 0 0 12 36 23 49 34 68 67 55 19 49 57 46 36 28 26 15 16 28 58 99 58 0 0 3 11 4 5 3 10 25 55 10 74 98 92 79 55 98 100 100 100 100 100 100 54 76 55 29 10 0 16 12 42 41 59 72 96 100 100 100 100 100 100 100 100 100 100 100 100 100 100 100 100 100 100 100
0 0 0 0 0 0 0 20 52 30 35 42 14 25 20 17 10 15 0 18 24 14 31 65 82 92 94 56 53 5 2 37 15 51 81 34 7 9 16 58 46 61 100 90 69 99 100 56 54 73 84 34 100 99 57 67 35 1 15 19 46 46 82 84 100 96 100 100 100 100 100 100 100 100 100 100 100 100 100 100 100 100 100
0 0 0 0 0 0 9 16 14 56 77 99 100 24 91 96 55 52 77 93 95 90 72 50 32 55 78 51 51 22 13 10 16 7 0 2 25 28 23 96 41 99 100 100 98 80 54 65 0 22 15 20 94 97 62 39 68 46 0 21 6 52 33 61 60 74 84 79 60 91 100 100 100 100 100 100 100 100 100 100 100 100 100
0 0 0 0 0 0 12 27 31 62 49 63 50 29 22 63 79 90 80 50 47 58 66 77 63 71 47 8 63 25 11 5 0 0 0 0 12 17 34 48 60 100 100 100 82 69 66 71 54 73 81 100 100 100 100 91 88 100 40 0 12 13 2 3 21 34 39 34 37 53 71 63 77 70 80 97 100 100 99 78 84 91 99
0 0 0 0 0 5 15 66 27 20 14 10 18 23 10 24 37 27 14 27 33 27 15 11 0 6 4 43 67 13 11 0 0 0 25 5 26 1 31 29 100 100 99 100 100 100 99 100 100 100 100 100 100 100 100 100 100 100 98 32 1 0 18 8 0 0 0 4 51 57 28 28 71 81 39 68 67 68 58 82 98 71 50
8 0 0 0 0 10 19 69 50 4 0 0 0 0 0 0 0 0 0 0 7 1 34 12 72 34 51 52 26 33 0 0 0 25 6 18 11 27 33 71 100 100 92 100 100 100 39 81 100 100 100 100 100 100 100 100 100 100 100 96 32 12 0 2 10 9 12 5 0 9 50 56 44 37 33 51 60 57 59 56 46 30 20
24 0 0 0 13 23 43 28 0 0 0 0 0 0 0 0 0 0 0 0 0 0 11 44 36 0 4 27 82 61 10 1 14 27 2 69 74 28 62 74 100 100 100 100 100 100 54 52 100 100 100 100 100 100 100 100 100 100 100 100 92 21 5 3 0 0 0 9 9 9 10 6 0 0 0 0 0 0 0 0 0 0 0
15 9 8 8 17 16 9 0 0 0 0 6 8 4 11 0 1 3 7 17 3 0 0 1 1 30 24 8 17 3 28 39 5 14 73 86 41 19 75 64 80 100 100 100 100 99 69 100 100 100 100 100 100 100 100 100 100 100 100 100 100 95 46 3 0 0 0 0 0 0 0 8 13 16 13 10 1 0 0 0 0 0 0
9 0 0 45 18 8 6 10 9 10 12 27 7 3 1 13 11 4 2 29 27 39 28 13 5 0 0 0 0 7 39 81 44 52 43 4 16 54 36 61 93 100 100 100 100 98 89 100 100 100 100 72 61 79 56 63 68 100 100 100 100 100 100 84 50 30 26 18 9 15 4 2 0 0 0 2 11 9 8 14 9 14 13
16 1 42 33 1 20 0 1 2 0 0 5 7 0 0 0 0 0 0 0 0 0 0 0 0 0 0 0 0 0 0 8 0 0 0 6 54 17 38 80 56 68 13 31 63 71 72 67 53 46 34 12 41 0 0 3 0 17 58 86 100 100 100 100 100 100 100 100 89 53 36 37 12 8 8 22 24 10 19 4 15 33 48
6 35 35 51 16 5 0 7 0 0 1 0 0 0 0 0 0 0 0 0 0 0 0 0 0 0 0 0 6 2 0 1 0 0 0 0 0 0 0 18 40 44 49 65 99 89 91 91 71 60 100 100 100 96 88 56 4 0 0 0 55 50 37 68 100 100 100 100 100 100 100 100 100 100 100 100 79 68 85 23 96 85 68
100 100 100 0 11 0 0 11 14 11 39 45 18 4 15 2 0 1 5 27 35 48 35 6 0 0 0 0 13 27 34 23 20 8 9 15 11 26 0 2 0 0 16 16 44 62 49 7 0 0 14 26 23 63 85 84 85 54 65 60 61 83 95 70 100 100 100 100 100 100 100 100 100 100 100 100 100 100 98 17 53 58 61
89 63 7 71 40 0 0 11 11 40 32 68 61 78 92 77 65 52 51 38 68 18 49 8 6 5 0 0 0 33 18 0 0 0 0 3 0 4 39 33 11 14 28 16 0 12 7 0 0 0 4 0 0 0 0 0 4 1 31 64 60 30 61 79 100 100 100 100 100 100 100 100 100 69 94 100 100 100 100 62 100 100 100
77 50 100 87 9 0 0 12 40 14 57 71 68 55 62 42 83 86 67 18 34 56 2 0 19 53 65 35 1 0 0 0 0 0 0 0 0 0 2 14 0 0 0 2 11 9 12 13 6 0 0 17 21 13 2 10 56 28 51 23 9 29 69 38 58 67 95 100 100 100 100 100 85 11 75 100 97 100 85 84 100 100 100
69 86 99 34 0 0 26 19 35 94 86 92 100 100 100 100 92 44 62 61 64 87 90 41 44 22 40 86 80 60 23 8 0 0 0 0 0 0 0 0 0 0 0 0 0 0 0 4 15 8 43 51 48 67 40 12 2 23 31 42 52 49 14 13 49 46 81 66 69 59 87 100 100 81 49 97 54 100 95 94 84 100 100
98 90 51 4 9 15 49 63 100 92 98 100 100 100 100 98 91 98 100 100 100 100 100 100 100 89 47 51 63 100 73 90 81 57 68 38 31 13 2 0 0 1 13 0 0 2 10 37 67 81 8 0 0 0 15 25 1 12 9 18 12 14 52 35 28 16 29 5 83 59 79 100 100 100 100 100 94 80 100 93 90 100 100
20 20 30 41 71 69 70 97 68 99 100 100 100 96 81 68 96 99 81 84 81 66 67 96 100 100 100 93 37 85 89 55 63 62 86 47 81 22 49 3 7 9 8 8 6 27 62 41 26 24 0 15 0 12 13 40 56 9 4 31 0 0 5 46 83 71 60 0 32 65 100 100 100 100 100 100 100 100 100 100 100 100 100
86 87 77 52 97 80 86 78 100 100 100 100 100 97 100 100 92 66 33 71 99 57 68 53 100 88 84 87 91 83 65 76 100 67 47 42 73 61 7 0 0 12 13 4 0 9 20 15 7 28 48 91 18 75 88 100 100 76 57 80 72 46 0 20 4 33 88 27 42 0 77 100 100 92 100 100 100 100 90 100 100 100 100
