Appendix_Data/App4-Expert-Range-Maps/SA_ASCII/text2.asc
NCOLS 472
NROWS 227
XLLCORNER 17.83333
YLLCORNER -34.83333
CELLSIZE 0.01666667
NODATA_VALUE -9999
[rows 111 to 147 of 227, columns 83 to 165 of 472]
12 0 0 0 9 99 88 41 15 0 0 0 0 2 36 23 0 0 0 0 0 0 0 0 0 0 0 0 12 51 84 100 -9999 -9999 -9999 -9999 -9999 -9999 -9999 -9999 -9999 -9999 -9999 -9999 -9999 -9999 -9999 -9999 -9999 -9999 -9999 -9999 -9999 -9999 -9999 -9999 -9999 -9999 -9999 -9999 -9999 -9999 -9999 -9999 -9999 -9999 -9999 -9999 -9999 -9999 -9999 -9999 -9999 -9999 -9999 -9999 -9999 -9999 -9999 -9999 -9999 -9999 -9999
6 5 3 0 0 67 83 83 40 11 0 0 0 1 57 8 0 0 0 0 0 0 0 0 0 0 0 0 53 100 100 100 -9999 -9999 -9999 -9999 -9999 -9999 -9999 -9999 -9999 -9999 -9999 -9999 -9999 -9999 -9999 -9999 -9999 -9999 -9999 -9999 -9999 -9999 -9999 -9999 -9999 -9999 -9999 -9999 -9999 -9999 -9999 -9999 -9999 -9999 -9999 -9999 -9999 -9999 -9999 -9999 -9999 -9999 -9999 -9999 -9999 -9999 -9999 -9999 -9999 -9999 -9999
12 21 25 1 0 39 58 44 71 16 0 0 0 0 71 1 0 0 0 0 0 0 0 0 0 0 0 0 78 100 91 40 -9999 -9999 -9999 -9999 -9999 -9999 -9999 -9999 -9999 -9999 -9999 -9999 -9999 -9999 -9999 -9999 -9999 -9999 -9999 -9999 -9999 -9999 -9999 -9999 -9999 -9999 -9999 -9999 -9999 -9999 -9999 -9999 -9999 -9999 -9999 -9999 -9999 -9999 -9999 -9999 -9999 -9999 -9999 -9999 -9999 -9999 -9999 -9999 -9999 -9999 -9999
18 46 24 11 3 28 68 48 58 18 0 0 0 0 58 0 0 0 0 0 0 0 0 0 0 0 0 9 82 100 79 0 -9999 -9999 -9999 -9999 -9999 -9999 -9999 -9999 -9999 -9999 -9999 -9999 -9999 -9999 -9999 -9999 -9999 -9999 -9999 -9999 -9999 -9999 -9999 -9999 -9999 -9999 -9999 -9999 -9999 -9999 -9999 -9999 -9999 -9999 -9999 -9999 -9999 -9999 -9999 -9999 -9999 -9999 -9999 -9999 -9999 -9999 -9999 -9999 -9999 -9999 -9999
0 23 4 3 19 42 34 28 63 13 0 2 10 11 55 0 0 0 0 0 0 0 0 0 0 0 0 6 81 100 83 0 -9999 -9999 -9999 -9999 -9999 -9999 -9999 -9999 -9999 -9999 -9999 -9999 -9999 -9999 -9999 -9999 -9999 -9999 -9999 -9999 -9999 -9999 -9999 -9999 -9999 -9999 -9999 -9999 -9999 -9999 -9999 -9999 -9999 -9999 -9999 -9999 -9999 -9999 -9999 -9999 -9999 -9999 -9999 -9999 -9999 -9999 -9999 -9999 -9999 -9999 -9999
35 0 0 0 23 24 68 47 46 20 50 48 71 77 3 0 0 0 0 0 0 0 0 0 0 0 0 8 69 100 100 73 -9999 -9999 -9999 -9999 -9999 -9999 -9999 -9999 -9999 -9999 -9999 -9999 -9999 -9999 -9999 -9999 -9999 -9999 -9999 -9999 -9999 -9999 -9999 -9999 -9999 -9999 -9999 -9999 -9999 -9999 -9999 -9999 -9999 -9999 -9999 -9999 -9999 -9999 -9999 -9999 -9999 -9999 -9999 -9999 -9999 -9999 -9999 -9999 -9999 -9999 -9999
24 2 0 0 0 15 3 25 14 27 70 52 14 11 0 0 0 0 0 0 0 0 0 0 0 0 0 13 26 92 100 100 -9999 -9999 -9999 -9999 -9999 -9999 -9999 -9999 -9999 -9999 -9999 -9999 -9999 -9999 -9999 -9999 -9999 -9999 -9999 -9999 -9999 -9999 -9999 -9999 -9999 -9999 -9999 -9999 -9999 -9999 -9999 -9999 -9999 -9999 -9999 -9999 -9999 -9999 -9999 -9999 -9999 -9999 -9999 -9999 -9999 -9999 -9999 -9999 -9999 -9999 -9999
0 14 1 0 0 21 53 45 34 44 29 11 0 0 0 0 0 0 0 18 68 32 0 0 0 0 0 5 9 73 100 100 -9999 -9999 -9999 -9999 -9999 -9999 -9999 -9999 -9999 -9999 -9999 -9999 -9999 -9999 -9999 -9999 -9999 -9999 -9999 -9999 -9999 -9999 -9999 -9999 -9999 -9999 -9999 -9999 -9999 -9999 -9999 -9999 -9999 -9999 -9999 -9999 -9999 -9999 -9999 -9999 -9999 -9999 -9999 -9999 -9999 -9999 -9999 -9999 -9999 -9999 -9999
0 1 8 0 0 14 48 16 0 0 0 0 0 0 0 0 0 0 0 0 4 39 25 37 2 0 0 1 36 83 61 33 -9999 -9999 -9999 -9999 -9999 -9999 -9999 -9999 -9999 -9999 -9999 -9999 -9999 -9999 -9999 -9999 -9999 -9999 -9999 -9999 -9999 -9999 -9999 -9999 -9999 -9999 -9999 -9999 -9999 -9999 -9999 -9999 -9999 -9999 -9999 -9999 -9999 -9999 -9999 -9999 -9999 -9999 -9999 -9999 -9999 -9999 -9999 -9999 -9999 -9999 -9999
0 0 0 36 23 3 50 33 0 0 0 0 0 0 0 0 0 0 0 0 0 42 74 15 15 0 0 0 0 18 29 65 -9999 -9999 -9999 -9999 -9999 -9999 -9999 -9999 -9999 -9999 -9999 -9999 -9999 -9999 -9999 -9999 -9999 -9999 -9999 -9999 -9999 -9999 -9999 -9999 -9999 -9999 -9999 -9999 -9999 -9999 -9999 -9999 -9999 -9999 -9999 -9999 -9999 -9999 -9999 -9999 -9999 -9999 -9999 -9999 -9999 -9999 -9999 -9999 -9999 -9999 -9999
0 0 0 35 2 23 49 67 0 0 0 0 2 29 8 0 0 0 0 1 0 30 99 43 0 0 0 8 4 0 35 58 -9999 -9999 -9999 -9999 -9999 -9999 -9999 -9999 -9999 -9999 -9999 -9999 -9999 -9999 -9999 -9999 -9999 -9999 -9999 -9999 -9999 -9999 -9999 -9999 -9999 -9999 -9999 -9999 -9999 -9999 -9999 -9999 -9999 -9999 -9999 -9999 -9999 -9999 -9999 -9999 -9999 -9999 -9999 -9999 -9999 -9999 -9999 -9999 -9999 -9999 -9999
0 0 0 2 28 16 50 91 6 0 0 12 60 100 93 29 0 0 7 73 0 25 98 92 72 52 33 45 7 19 25 36 77 100 100 100 100 100 100 100 100 100 100 100 95 85 91 100 100 100 100 100 -9999 -9999 -9999 -9999 -9999 -9999 -9999 -9999 -9999 -9999 -9999 -9999 -9999 -9999 -9999 -9999 -9999 -9999 -9999 -9999 -9999 -9999 -9999 -9999 -9999 -9999 -9999 -9999 -9999 -9999 -9999
0 0 0 15 18 16 50 34 27 64 46 29 47 100 74 8 0 0 50 35 27 48 87 92 89 92 94 19 0 0 5 28 83 100 100 100 100 100 100 100 99 100 100 76 71 70 99 100 98 75 65 73 -9999 -9999 -9999 -9999 -9999 -9999 -9999 -9999 -9999 -9999 -9999 -9999 -9999 -9999 -9999 -9999 -9999 -9999 -9999 -9999 -9999 -9999 -9999 -9999 -9999 -9999 -9999 -9999 -9999 -9999 -9999
9 0 0 24 0 20 54 38 47 100 100 51 0 15 5 0 0 3 43 18 47 86 69 91 85 100 64 0 0 0 17 99 100 100 100 100 97 79 71 40 6 53 32 61 95 99 82 64 53 78 95 100 100 100 100 100 100 88 28 58 78 79 78 87 99 100 90 82 82 80 76 84 90 100 90 90 87 77 78 40 7 5 43
39 32 0 24 0 20 32 26 8 76 99 96 49 35 88 24 16 30 50 13 53 70 75 73 81 87 63 7 0 0 66 100 100 100 70 40 16 0 19 62 78 36 95 99 81 60 53 49 49 54 46 85 88 87 91 88 90 90 89 81 78 51 89 94 57 64 80 98 100 100 100 95 92 91 86 82 82 66 24 8 0 0 17
26 56 2 27 22 4 74 69 57 40 50 99 100 100 97 73 68 3 6 35 59 82 84 87 61 54 0 1 53 49 31 37 96 100 63 75 71 66 45 33 39 91 100 69 50 18 56 65 1 0 2 24 24 6 7 4 8 8 4 20 56 84 100 95 79 67 68 32 40 62 60 77 95 100 100 100 82 47 26 28 41 55 64
24 45 29 3 2 0 41 90 94 43 5 19 61 80 89 79 27 0 0 0 0 0 2 12 16 24 9 5 6 52 43 91 100 100 79 37 59 65 89 23 75 98 74 43 13 18 33 40 12 22 59 16 13 0 0 0 30 58 65 51 66 96 100 100 100 100 100 100 100 100 47 63 59 52 27 59 70 58 64 70 86 100 100
33 68 31 0 0 1 50 86 47 0 0 0 2 9 1 56 37 7 0 0 0 0 0 21 37 19 0 0 0 8 71 95 100 97 94 95 99 30 66 5 36 47 33 61 22 16 0 5 51 89 34 0 0 0 13 42 71 93 100 100 100 100 100 100 100 100 100 100 100 100 100 100 100 97 90 100 97 79 70 100 100 100 85
43 73 49 0 0 6 45 72 25 0 0 2 71 17 0 16 64 45 17 46 35 7 35 39 63 47 36 31 39 37 16 52 77 44 25 54 34 0 17 8 17 69 34 0 7 4 56 66 83 59 27 0 7 39 83 100 100 100 93 96 100 100 100 92 92 100 99 91 92 100 100 100 100 100 100 100 100 100 100 100 100 100 81
55 67 74 0 0 14 36 71 69 27 16 38 0 0 0 0 52 6 68 26 2 20 43 55 9 7 27 69 37 31 3 53 72 68 79 40 0 0 6 0 1 33 0 0 21 69 75 75 48 5 22 58 83 95 88 64 46 27 24 38 40 37 20 21 35 35 36 43 54 49 48 85 100 85 98 100 100 100 86 100 100 100 100
46 65 65 0 0 27 31 58 65 87 90 51 24 12 0 36 36 21 54 0 0 10 25 13 20 37 53 72 39 24 9 16 25 40 60 16 0 0 0 0 8 66 77 47 76 74 69 47 33 31 97 77 44 24 5 8 20 20 29 38 27 15 9 23 40 40 70 77 84 84 52 28 60 34 83 100 100 100 90 65 84 100 93
42 46 41 0 0 50 48 73 44 49 25 57 60 41 33 71 95 69 45 1 25 2 16 29 34 38 10 45 44 49 43 0 0 0 0 0 0 0 0 0 15 78 81 95 100 93 34 3 3 34 14 1 14 29 49 83 82 95 97 84 83 85 86 72 57 36 41 43 15 10 19 29 28 57 79 71 79 78 65 60 49 44 16
35 48 5 0 8 87 50 45 57 31 38 56 27 1 9 61 76 42 4 64 73 32 25 40 53 32 42 29 36 41 41 40 49 23 21 2 3 0 3 3 1 68 90 87 88 97 59 8 20 64 29 59 79 95 88 49 39 53 55 55 52 49 77 100 78 46 38 64 46 36 41 20 14 11 1 0 0 3 0 9 18 25 33
7 19 0 0 8 36 41 64 66 72 68 61 48 8 9 16 32 8 54 84 61 33 32 22 9 0 45 49 8 0 9 55 69 50 33 39 54 36 61 70 21 17 31 45 64 39 75 39 19 81 93 94 100 96 45 55 63 73 74 66 53 61 76 75 63 49 32 41 40 37 53 59 71 66 65 55 47 42 51 80 89 86 96
13 0 0 0 3 94 100 58 15 9 45 68 83 61 65 71 31 36 1 21 57 70 34 7 7 11 15 6 0 0 0 0 27 61 71 56 58 40 32 73 50 55 58 87 72 59 15 47 69 82 75 85 88 96 78 65 95 94 92 84 81 87 85 87 81 86 88 84 68 65 47 49 45 35 36 38 14 21 23 17 16 14 20
3 10 0 0 19 8 13 1 0 0 0 0 33 43 73 77 54 10 0 33 51 34 31 25 1 0 0 0 0 1 0 0 0 0 45 71 61 23 3 37 46 92 88 72 46 20 39 69 85 6 4 53 65 73 91 100 100 100 73 72 100 100 100 96 87 75 46 21 36 23 18 5 0 0 9 10 18 14 17 45 64 89 90
0 16 0 0 11 7 0 0 0 0 0 18 99 74 18 6 21 19 33 44 59 0 0 0 4 0 0 2 11 11 3 0 0 0 16 26 0 26 10 40 68 61 66 4 36 61 60 35 71 63 81 69 77 76 85 90 68 52 40 31 34 49 74 87 74 28 0 0 0 0 0 14 13 18 33 51 54 96 91 66 89 100 100
0 12 5 0 23 15 8 14 0 0 0 21 100 62 3 1 6 80 80 3 3 9 3 0 16 26 3 8 28 19 0 0 0 0 0 6 0 0 1 64 37 43 58 74 48 16 6 53 65 35 26 37 29 24 83 45 34 10 0 18 35 40 16 4 0 0 0 0 0 0 6 32 23 48 80 43 29 20 19 20 37 68 72
0 0 17 12 0 3 7 36 45 25 2 21 56 21 13 6 48 49 1 0 11 11 5 23 22 12 16 6 3 0 0 0 0 3 12 19 27 26 16 0 0 9 42 44 5 49 66 74 97 90 46 79 80 83 51 19 24 20 0 0 0 0 0 0 0 0 0 0 0 22 28 38 19 60 69 48 50 45 43 41 39 36 26
55 0 0 10 11 0 0 0 0 27 51 38 62 89 64 44 48 0 12 12 5 0 0 35 9 0 18 4 5 0 8 10 18 30 32 31 35 20 20 29 50 36 26 43 43 35 58 64 100 100 100 97 84 100 96 90 99 63 10 0 3 21 45 70 73 74 69 37 51 77 79 63 71 84 94 100 100 100 100 69 62 29 23
38 7 0 0 8 15 3 0 0 0 30 44 20 3 44 32 0 0 18 8 0 0 0 17 12 13 10 0 0 1 26 15 41 84 99 71 53 23 5 57 43 40 31 27 74 88 53 67 83 80 100 100 100 100 100 100 87 49 1 23 58 70 58 51 37 20 9 0 0 0 0 0 14 29 49 98 100 99 86 46 31 40 16
0 0 0 0 0 0 14 17 0 0 0 0 0 0 0 0 0 5 22 8 0 0 0 16 5 9 6 0 0 13 29 60 99 86 100 98 70 45 65 50 66 43 51 63 84 81 20 8 73 95 100 100 100 100 98 87 88 85 6 0 7 13 37 30 9 0 0 0 1 14 15 62 58 65 74 51 29 45 1 16 49 79 22
0 0 0 0 0 0 0 24 13 0 0 0 0 0 0 0 12 10 0 0 0 11 14 9 4 61 58 28 5 62 61 41 44 50 69 63 74 57 43 22 66 25 42 78 84 75 69 65 93 100 66 88 97 81 77 29 12 25 76 84 100 100 99 91 96 83 82 77 43 32 31 35 24 7 0 16 41 53 62 73 77 99 95
0 0 0 0 0 0 10 12 24 0 0 3 14 13 22 24 10 0 0 0 13 4 0 33 66 60 22 48 46 27 16 4 15 31 0 0 25 31 49 30 15 45 76 37 9 12 39 100 98 32 55 100 96 59 48 80 74 100 97 99 73 25 4 2 59 93 68 51 19 14 53 69 86 91 99 99 97 98 99 100 100 100 100
0 0 0 0 0 0 2 15 0 10 12 12 2 1 4 0 0 0 2 17 2 22 10 4 2 25 71 48 30 42 20 55 12 2 9 45 36 26 5 15 11 0 15 25 1 4 2 24 58 41 88 100 100 95 70 40 48 27 47 55 20 0 0 0 0 55 77 53 84 91 100 100 95 67 62 70 79 75 54 69 82 76 72
0 0 0 0 0 0 0 0 0 0 0 0 0 0 0 2 4 13 10 0 4 4 0 0 5 22 7 0 0 0 0 8 25 13 12 11 40 89 36 6 0 27 72 63 42 60 28 15 31 91 100 89 92 53 76 14 13 28 41 72 13 0 0 31 79 100 90 82 92 79 96 53 78 53 57 59 25 4 0 0 0 0 0
0 0 0 0 0 0 3 3 0 0 0 0 0 0 15 7 0 0 0 0 0 0 0 0 0 0 0 0 0 0 0 0 9 34 54 47 56 82 70 32 28 65 55 26 12 27 55 90 66 80 78 43 16 24 45 59 45 53 0 0 0 0 0 2 25 76 46 49 61 92 86 87 100 76 48 1 0 0 0 0 0 0 0
