Appendix_Data/App6_Higher_Taxa/SA_ASCII/fert4.asc
NCOLS 472
NROWS 227
XLLCORNER 17.83333
YLLCORNER -34.83333
CELLSIZE 0.01666667
NODATA_VALUE -9999
[rows 144 to 179 of 227, columns 82 to 163 of 472]
63 23 2 0 6 8 0 0 0 0 0 0 0 0 0 0 0 0 0 0 0 0 0 0 0 0 0 0 0 21 27 16 4 15 31 0 0 25 31 49 30 15 45 76 37 9 12 40 100 98 32 55 100 50 67 78 38 52 93 97 99 84 61 25 2 59 57 28 65 44 36 80 73 59 53 41 31 34 39 98 100 100
27 48 27 18 62 79 0 0 0 0 0 0 0 0 0 0 0 0 0 0 0 0 0 0 0 0 0 0 2 13 0 20 55 12 2 9 45 36 26 5 15 11 0 16 55 58 44 22 24 58 41 88 100 96 65 73 34 48 46 61 95 34 0 0 19 30 50 54 41 75 40 3 0 0 22 34 1 0 19 38 69 82
0 25 7 73 46 71 2 0 0 0 0 0 0 0 0 0 0 0 0 0 0 0 0 0 0 0 0 0 0 0 0 0 8 25 13 12 11 40 89 36 6 0 27 72 63 42 60 28 15 31 91 100 89 92 64 87 60 44 81 93 91 13 0 43 73 39 15 37 57 48 19 0 16 33 22 26 11 0 0 0 0 0
0 0 0 37 50 12 0 0 0 0 0 0 0 0 0 0 0 0 0 0 0 0 0 0 0 0 0 0 0 0 0 0 0 9 34 54 47 56 82 70 32 28 65 55 26 12 24 55 90 53 80 80 46 48 86 88 80 58 64 58 66 32 47 96 92 68 18 59 72 52 63 56 56 46 6 18 0 0 0 0 0 0
0 0 11 73 42 24 0 0 0 0 0 0 0 0 0 0 0 0 0 0 0 0 0 0 0 0 0 0 0 0 0 0 0 0 0 46 22 1 5 16 20 10 0 16 42 64 70 74 38 79 61 84 85 56 70 97 82 79 49 68 46 65 71 49 12 13 44 80 87 68 27 10 81 90 39 18 0 0 0 0 0 0
0 0 14 85 83 89 24 3 0 0 0 0 0 0 0 0 0 0 0 0 0 0 0 0 0 0 0 0 0 0 0 0 0 0 0 0 46 26 17 7 0 8 62 59 58 70 78 69 65 57 76 92 81 80 76 88 95 91 89 81 74 80 81 74 88 86 92 94 76 20 20 28 60 67 60 80 71 83 43 2 0 0
0 0 0 21 99 73 98 45 16 0 6 6 24 4 32 4 0 2 3 0 0 0 0 0 0 0 0 21 16 16 20 20 0 0 0 0 0 11 25 44 15 0 59 80 70 62 77 71 69 76 74 55 45 78 81 83 86 58 43 41 51 57 59 91 65 72 76 43 61 27 60 54 60 83 29 60 100 100 100 95 62 59
0 0 0 0 21 0 1 3 75 55 44 22 1 14 98 82 55 45 13 24 14 2 0 0 0 0 11 24 9 4 14 16 19 14 3 0 0 0 66 47 23 0 10 27 32 22 28 21 30 44 15 49 15 42 52 43 36 8 0 0 39 68 30 61 74 92 95 53 35 82 84 51 100 97 82 69 89 100 100 100 100 100
0 0 0 0 0 4 0 0 7 69 97 54 10 74 100 100 100 83 0 13 43 83 50 2 0 0 0 0 0 0 4 23 48 44 47 46 12 0 16 54 31 21 7 31 32 24 14 0 0 0 1 2 1 33 35 0 0 16 14 10 13 34 45 40 26 27 60 73 54 75 63 87 100 100 79 89 88 85 80 89 100 100
0 12 0 0 0 0 0 0 0 33 36 44 43 78 69 41 43 34 0 70 94 83 81 94 47 1 0 0 0 0 0 29 56 55 56 16 23 20 0 0 11 59 57 3 0 0 0 0 0 0 0 0 0 0 0 0 0 24 8 1 0 0 0 0 0 24 92 59 72 74 74 83 98 78 98 97 86 85 56 74 97 100
0 74 1 0 0 23 0 0 0 0 0 0 0 0 0 0 0 0 0 56 90 83 89 100 100 81 45 21 6 0 0 0 19 30 58 81 76 52 52 44 15 4 0 1 18 14 10 8 9 10 9 0 0 0 0 0 0 0 1 29 31 22 6 20 2 53 46 55 70 74 97 100 100 92 86 93 100 100 100 100 100 100
0 18 0 0 0 0 0 0 0 0 0 0 0 0 0 0 0 0 0 16 100 100 100 100 100 100 86 83 46 8 0 0 0 10 30 53 64 83 80 76 70 52 42 49 57 62 70 75 69 50 39 22 0 0 0 0 0 0 0 0 0 30 54 74 60 51 61 90 61 56 100 100 100 100 100 100 100 100 100 100 100 100
4 0 3 0 0 0 0 0 0 0 2 0 0 0 0 0 0 0 0 4 99 100 100 100 100 99 54 73 100 99 85 55 26 0 0 18 41 78 64 84 65 70 75 68 61 74 74 70 78 89 75 59 35 22 0 0 0 0 0 0 2 7 29 73 80 85 54 65 11 68 82 100 100 100 100 100 100 100 99 92 85 92
0 0 0 0 0 0 0 0 0 5 38 46 20 2 0 0 0 0 0 47 79 92 71 85 100 98 94 81 30 45 77 94 100 63 1 0 8 46 79 82 84 83 86 70 70 85 93 76 81 65 77 90 71 50 23 0 0 0 0 0 0 12 25 49 75 83 66 95 48 62 85 59 92 99 100 100 64 67 74 85 82 65
0 0 0 0 0 0 0 0 0 0 0 0 76 28 32 4 26 19 75 100 100 69 54 39 63 78 4 0 11 70 73 100 89 95 72 13 0 19 49 63 53 61 44 56 62 67 77 79 72 76 86 90 88 71 37 0 0 0 0 0 22 34 34 74 78 87 82 71 47 57 44 10 12 13 92 81 47 94 100 92 97 97
0 0 0 0 0 0 0 0 0 0 0 0 0 3 40 19 8 48 82 80 100 100 92 79 95 100 89 1 0 28 34 29 66 88 84 86 7 0 0 5 2 0 8 17 21 10 15 10 29 48 71 87 84 43 60 0 0 0 0 0 0 13 52 74 90 85 77 66 74 96 94 77 63 55 65 65 58 72 99 80 64 43
0 0 0 0 0 0 0 0 0 0 0 0 0 3 28 21 15 15 66 91 100 100 100 100 100 100 71 57 60 37 16 6 11 76 75 71 25 0 0 0 0 0 0 0 0 0 0 0 0 1 15 39 85 66 46 41 25 11 12 16 34 36 55 61 100 92 86 94 89 86 83 87 91 86 85 91 79 79 55 0 1 15
0 0 0 0 0 0 0 0 0 0 0 0 0 17 49 15 19 1 20 72 75 88 100 100 68 100 100 100 100 87 56 22 23 73 48 77 14 0 0 31 83 96 79 76 85 76 51 36 4 0 0 0 14 41 79 78 87 81 66 60 69 88 67 75 100 100 100 100 100 100 100 100 100 100 85 96 95 100 100 87 43 3
0 0 0 0 0 0 0 0 0 0 0 0 0 41 24 28 1 0 11 10 0 1 67 30 23 60 74 48 87 100 100 95 37 38 54 88 8 0 0 31 100 100 100 100 100 100 96 100 89 75 27 0 0 0 19 52 83 76 100 100 85 59 87 100 100 100 100 100 100 100 95 89 88 90 97 100 100 100 100 100 100 95
0 0 0 0 0 0 0 0 0 0 4 1 0 19 31 8 0 9 31 0 0 44 51 16 33 3 9 22 9 53 34 57 55 52 47 36 68 8 0 66 100 76 100 99 70 23 58 49 58 87 100 40 0 3 49 55 75 92 100 100 100 100 100 100 100 100 100 100 100 100 100 100 100 100 100 100 100 100 100 100 100 100
0 0 0 0 0 0 0 0 0 0 4 0 26 40 9 7 0 23 89 58 24 88 77 64 91 94 77 53 21 59 26 56 88 89 3 72 47 46 22 56 97 95 94 64 63 20 66 53 19 11 50 64 0 2 30 29 70 79 87 76 95 100 100 100 100 100 100 100 100 100 100 100 100 100 100 100 100 100 100 100 100 100
0 0 0 0 0 0 3 0 0 0 11 0 16 5 37 22 0 74 100 48 73 63 86 74 44 63 42 62 24 57 76 86 76 73 16 12 35 27 68 80 95 100 100 59 21 10 76 12 13 29 8 21 22 0 0 1 12 75 98 77 90 100 100 100 100 100 100 100 100 100 100 100 100 100 100 100 100 100 100 100 100 100
0 0 0 0 0 0 0 0 0 20 2 30 6 58 100 96 38 95 93 76 45 42 41 40 53 75 27 66 47 0 10 52 38 34 6 1 18 45 53 52 100 100 100 77 86 72 32 22 0 59 73 71 29 60 46 12 0 6 44 68 72 81 99 100 100 100 100 100 100 100 100 100 100 100 100 100 100 100 100 100 100 100
0 0 0 0 0 0 0 0 0 36 46 66 35 71 67 55 23 50 57 46 36 34 42 27 70 46 75 96 24 0 0 3 11 4 5 3 10 25 55 10 74 96 90 79 55 91 69 58 61 82 88 33 41 82 100 94 56 2 0 6 42 41 59 72 96 100 100 100 100 100 100 100 100 100 100 100 100 100 100 100 100 100
0 0 0 0 0 0 0 0 9 45 67 56 68 59 62 41 63 57 49 45 43 53 85 72 46 38 37 39 36 53 5 2 37 15 51 81 34 7 9 16 58 32 51 100 90 69 99 89 81 100 57 18 48 100 99 39 52 67 3 0 18 46 46 82 84 100 96 100 100 100 100 100 100 100 100 100 100 100 100 100 100 100
0 0 0 0 0 0 0 0 13 14 51 61 68 78 22 86 98 74 74 92 82 65 62 45 26 32 52 78 47 51 22 13 10 16 7 0 2 25 28 23 96 41 63 100 100 98 80 49 94 100 99 85 43 94 97 62 39 69 80 8 0 5 52 33 61 60 74 84 79 60 91 100 100 100 100 100 100 100 100 100 100 100
0 0 0 0 0 0 0 0 27 31 61 49 63 45 28 15 50 65 77 65 49 47 58 66 77 63 71 47 8 63 25 11 5 0 0 0 0 12 17 34 48 49 59 100 100 82 69 66 87 85 81 81 100 100 100 100 91 88 100 71 15 0 0 0 3 21 34 39 34 37 53 71 63 77 70 80 97 100 100 99 78 84
0 0 0 0 0 0 0 7 66 27 20 14 10 18 23 10 24 37 27 14 27 33 27 15 11 0 6 4 43 67 13 11 0 0 0 25 5 26 1 31 25 70 100 99 100 100 100 99 100 100 100 100 100 100 100 100 100 100 100 100 92 29 0 0 0 0 0 0 4 51 57 28 28 71 81 39 68 67 68 58 82 98
0 0 0 0 0 0 1 19 69 50 4 0 0 0 0 0 0 0 0 0 0 7 1 34 12 72 34 51 52 26 33 0 0 0 25 6 18 11 27 33 40 98 100 92 100 100 100 39 81 100 100 100 100 100 100 100 100 100 100 100 100 91 15 0 0 0 0 0 0 0 9 50 56 44 37 33 51 60 57 59 56 46
0 0 0 0 0 0 22 43 28 0 0 0 0 0 0 0 0 0 0 0 0 0 0 11 44 36 0 4 27 82 61 10 1 14 27 2 69 74 28 62 66 83 100 100 100 100 100 54 52 100 100 100 100 100 100 100 100 100 100 100 100 100 74 15 3 24 0 0 0 0 0 0 0 0 0 0 0 0 0 0 0 0
0 0 0 0 0 16 16 9 0 0 0 0 0 0 0 0 0 0 0 0 0 0 0 0 1 1 30 24 8 17 3 28 39 5 14 73 86 41 19 71 53 79 100 100 100 100 99 69 100 100 100 100 100 100 100 100 100 100 100 52 91 95 100 99 60 19 49 15 1 0 0 0 0 0 0 0 0 0 0 0 0 0
0 0 0 0 45 18 8 0 0 0 0 0 0 0 0 0 0 0 0 2 29 27 39 28 13 5 0 0 0 0 7 39 81 44 52 43 4 16 54 34 38 63 71 73 71 78 95 89 100 100 100 100 72 61 79 56 63 68 100 89 63 95 98 100 100 94 100 100 79 45 26 7 2 0 0 0 0 0 0 0 0 0
0 0 1 42 33 1 20 0 0 0 0 0 0 0 0 0 0 0 0 0 0 0 0 0 0 0 0 0 0 0 0 0 8 0 0 0 6 54 17 38 80 56 50 12 31 62 55 64 67 53 46 34 12 41 0 0 3 0 17 58 72 91 96 100 100 100 100 100 100 94 85 99 99 12 8 8 22 24 10 14 4 13
0 6 35 35 36 16 5 0 0 0 0 0 0 0 0 0 0 0 0 0 0 0 0 0 0 0 0 0 0 0 0 0 0 0 0 0 0 0 0 0 18 40 44 49 65 99 89 91 91 71 60 100 100 100 96 88 56 4 0 0 0 21 16 36 68 100 100 96 94 100 99 96 87 94 76 64 87 46 0 23 23 45
7 100 100 100 0 11 0 0 0 0 0 26 39 18 2 1 0 0 2 20 27 35 48 35 6 0 0 0 0 0 0 0 0 0 0 0 0 0 0 0 0 0 0 16 16 44 62 49 7 0 0 14 26 23 63 85 84 85 54 65 60 61 43 4 68 100 100 81 96 100 100 100 66 59 7 0 16 12 32 94 17 30
38 89 63 7 71 40 0 0 0 7 40 32 70 68 79 92 67 47 49 37 41 19 30 60 30 41 5 0 0 0 0 0 0 0 0 0 0 0 0 0 0 0 0 0 0 0 12 7 0 0 0 0 0 0 0 0 0 4 1 31 64 60 26 0 45 100 100 94 97 100 100 100 92 35 0 0 0 22 10 92 28 0
