Appendix_Data/App6_Higher_Taxa/SA_ASCII/fert4.asc
NCOLS 472
NROWS 227
XLLCORNER 17.83333
YLLCORNER -34.83333
CELLSIZE 0.01666667
NODATA_VALUE -9999
[rows 108 to 143 of 227, columns 82 to 163 of 472]
0 0 0 0 0 0 6 7 0 0 0 0 0 0 0 41 100 100 100 36 0 0 0 0 0 16 23 12 31 19 49 65 100 -9999 -9999 -9999 -9999 -9999 -9999 -9999 -9999 -9999 -9999 -9999 -9999 -9999 -9999 -9999 -9999 -9999 -9999 -9999 -9999 -9999 -9999 -9999 -9999 -9999 -9999 -9999 -9999 -9999 -9999 -9999 -9999 -9999 -9999 -9999 -9999 -9999 -9999 -9999 -9999 -9999 -9999 -9999 -9999 -9999 -9999 -9999 -9999 -9999
0 0 0 0 0 0 0 7 5 0 0 0 0 0 0 49 100 100 100 97 32 0 0 0 0 0 15 4 3 25 7 22 87 -9999 -9999 -9999 -9999 -9999 -9999 -9999 -9999 -9999 -9999 -9999 -9999 -9999 -9999 -9999 -9999 -9999 -9999 -9999 -9999 -9999 -9999 -9999 -9999 -9999 -9999 -9999 -9999 -9999 -9999 -9999 -9999 -9999 -9999 -9999 -9999 -9999 -9999 -9999 -9999 -9999 -9999 -9999 -9999 -9999 -9999 -9999 -9999 -9999
0 1 0 0 0 1 32 7 14 2 0 0 0 0 0 17 99 100 100 100 92 29 0 0 0 0 0 1 0 0 5 27 100 -9999 -9999 -9999 -9999 -9999 -9999 -9999 -9999 -9999 -9999 -9999 -9999 -9999 -9999 -9999 -9999 -9999 -9999 -9999 -9999 -9999 -9999 -9999 -9999 -9999 -9999 -9999 -9999 -9999 -9999 -9999 -9999 -9999 -9999 -9999 -9999 -9999 -9999 -9999 -9999 -9999 -9999 -9999 -9999 -9999 -9999 -9999 -9999 -9999
0 12 0 0 0 9 99 88 41 15 0 0 0 0 2 36 100 100 100 100 100 98 79 23 0 0 0 0 0 12 51 84 100 -9999 -9999 -9999 -9999 -9999 -9999 -9999 -9999 -9999 -9999 -9999 -9999 -9999 -9999 -9999 -9999 -9999 -9999 -9999 -9999 -9999 -9999 -9999 -9999 -9999 -9999 -9999 -9999 -9999 -9999 -9999 -9999 -9999 -9999 -9999 -9999 -9999 -9999 -9999 -9999 -9999 -9999 -9999 -9999 -9999 -9999 -9999 -9999 -9999
0 6 5 3 0 0 67 74 72 38 11 0 0 0 1 58 100 100 100 96 99 100 100 98 66 6 0 0 0 53 100 100 100 -9999 -9999 -9999 -9999 -9999 -9999 -9999 -9999 -9999 -9999 -9999 -9999 -9999 -9999 -9999 -9999 -9999 -9999 -9999 -9999 -9999 -9999 -9999 -9999 -9999 -9999 -9999 -9999 -9999 -9999 -9999 -9999 -9999 -9999 -9999 -9999 -9999 -9999 -9999 -9999 -9999 -9999 -9999 -9999 -9999 -9999 -9999 -9999 -9999
0 12 21 25 1 0 33 53 44 59 16 0 0 0 0 81 100 100 100 70 99 100 100 100 100 93 41 0 0 78 100 100 100 -9999 -9999 -9999 -9999 -9999 -9999 -9999 -9999 -9999 -9999 -9999 -9999 -9999 -9999 -9999 -9999 -9999 -9999 -9999 -9999 -9999 -9999 -9999 -9999 -9999 -9999 -9999 -9999 -9999 -9999 -9999 -9999 -9999 -9999 -9999 -9999 -9999 -9999 -9999 -9999 -9999 -9999 -9999 -9999 -9999 -9999 -9999 -9999 -9999
0 18 46 24 11 3 26 58 48 54 18 0 0 0 0 86 100 89 39 61 100 100 100 100 97 88 86 34 9 82 100 100 100 -9999 -9999 -9999 -9999 -9999 -9999 -9999 -9999 -9999 -9999 -9999 -9999 -9999 -9999 -9999 -9999 -9999 -9999 -9999 -9999 -9999 -9999 -9999 -9999 -9999 -9999 -9999 -9999 -9999 -9999 -9999 -9999 -9999 -9999 -9999 -9999 -9999 -9999 -9999 -9999 -9999 -9999 -9999 -9999 -9999 -9999 -9999 -9999 -9999
0 0 23 4 3 19 34 32 28 54 13 0 2 10 11 74 100 80 75 100 100 100 100 100 85 58 15 2 6 81 100 100 100 -9999 -9999 -9999 -9999 -9999 -9999 -9999 -9999 -9999 -9999 -9999 -9999 -9999 -9999 -9999 -9999 -9999 -9999 -9999 -9999 -9999 -9999 -9999 -9999 -9999 -9999 -9999 -9999 -9999 -9999 -9999 -9999 -9999 -9999 -9999 -9999 -9999 -9999 -9999 -9999 -9999 -9999 -9999 -9999 -9999 -9999 -9999 -9999 -9999
0 0 0 0 0 23 24 56 43 40 12 40 43 62 70 54 53 51 75 55 50 50 69 100 88 24 48 25 8 69 100 100 100 -9999 -9999 -9999 -9999 -9999 -9999 -9999 -9999 -9999 -9999 -9999 -9999 -9999 -9999 -9999 -9999 -9999 -9999 -9999 -9999 -9999 -9999 -9999 -9999 -9999 -9999 -9999 -9999 -9999 -9999 -9999 -9999 -9999 -9999 -9999 -9999 -9999 -9999 -9999 -9999 -9999 -9999 -9999 -9999 -9999 -9999 -9999 -9999 -9999
0 0 0 0 0 0 15 2 24 14 27 68 61 71 47 21 0 0 20 82 55 42 66 62 11 0 0 0 13 26 92 100 100 -9999 -9999 -9999 -9999 -9999 -9999 -9999 -9999 -9999 -9999 -9999 -9999 -9999 -9999 -9999 -9999 -9999 -9999 -9999 -9999 -9999 -9999 -9999 -9999 -9999 -9999 -9999 -9999 -9999 -9999 -9999 -9999 -9999 -9999 -9999 -9999 -9999 -9999 -9999 -9999 -9999 -9999 -9999 -9999 -9999 -9999 -9999 -9999 -9999
0 0 0 0 0 0 21 43 73 81 78 50 75 98 23 0 0 0 0 11 33 84 69 41 16 15 51 8 5 9 73 100 100 -9999 -9999 -9999 -9999 -9999 -9999 -9999 -9999 -9999 -9999 -9999 -9999 -9999 -9999 -9999 -9999 -9999 -9999 -9999 -9999 -9999 -9999 -9999 -9999 -9999 -9999 -9999 -9999 -9999 -9999 -9999 -9999 -9999 -9999 -9999 -9999 -9999 -9999 -9999 -9999 -9999 -9999 -9999 -9999 -9999 -9999 -9999 -9999 -9999
0 0 0 0 0 0 14 38 46 80 100 93 42 44 13 0 0 0 0 0 29 86 92 59 79 43 70 62 11 36 83 61 33 -9999 -9999 -9999 -9999 -9999 -9999 -9999 -9999 -9999 -9999 -9999 -9999 -9999 -9999 -9999 -9999 -9999 -9999 -9999 -9999 -9999 -9999 -9999 -9999 -9999 -9999 -9999 -9999 -9999 -9999 -9999 -9999 -9999 -9999 -9999 -9999 -9999 -9999 -9999 -9999 -9999 -9999 -9999 -9999 -9999 -9999 -9999 -9999 -9999
0 0 0 0 0 0 1 39 73 48 13 42 35 0 0 0 2 22 24 45 18 57 68 77 70 94 100 62 0 0 18 29 65 -9999 -9999 -9999 -9999 -9999 -9999 -9999 -9999 -9999 -9999 -9999 -9999 -9999 -9999 -9999 -9999 -9999 -9999 -9999 -9999 -9999 -9999 -9999 -9999 -9999 -9999 -9999 -9999 -9999 -9999 -9999 -9999 -9999 -9999 -9999 -9999 -9999 -9999 -9999 -9999 -9999 -9999 -9999 -9999 -9999 -9999 -9999 -9999 -9999
0 0 0 0 0 0 0 49 65 89 2 0 0 2 29 8 0 0 89 60 45 9 75 99 67 98 94 53 58 62 1 35 58 -9999 -9999 -9999 -9999 -9999 -9999 -9999 -9999 -9999 -9999 -9999 -9999 -9999 -9999 -9999 -9999 -9999 -9999 -9999 -9999 -9999 -9999 -9999 -9999 -9999 -9999 -9999 -9999 -9999 -9999 -9999 -9999 -9999 -9999 -9999 -9999 -9999 -9999 -9999 -9999 -9999 -9999 -9999 -9999 -9999 -9999 -9999 -9999 -9999
0 0 0 0 0 0 0 48 79 78 8 0 12 60 100 93 29 48 88 70 85 44 52 98 92 77 54 52 82 48 19 25 36 77 100 100 100 100 100 100 100 100 100 100 100 100 100 100 100 100 100 100 100 -9999 -9999 -9999 -9999 -9999 -9999 -9999 -9999 -9999 -9999 -9999 -9999 -9999 -9999 -9999 -9999 -9999 -9999 -9999 -9999 -9999 -9999 -9999 -9999 -9999 -9999 -9999 -9999 -9999
0 0 0 0 0 0 0 41 62 41 67 46 52 59 100 74 8 0 74 55 54 31 39 71 86 89 92 94 79 44 0 5 28 83 100 100 100 100 100 100 100 100 100 100 100 100 100 100 100 98 75 65 73 -9999 -9999 -9999 -9999 -9999 -9999 -9999 -9999 -9999 -9999 -9999 -9999 -9999 -9999 -9999 -9999 -9999 -9999 -9999 -9999 -9999 -9999 -9999 -9999 -9999 -9999 -9999 -9999 -9999
0 9 0 0 0 0 3 45 79 49 100 100 100 100 92 14 4 23 55 58 18 41 83 56 70 72 93 76 82 21 0 17 99 100 100 100 100 100 100 100 100 100 100 100 100 100 99 82 64 53 78 95 100 100 83 83 93 95 97 84 98 91 100 100 100 100 100 100 100 100 100 100 100 99 49 98 100 100 100 100 100 100
0 39 32 0 0 0 1 27 60 20 76 99 100 100 100 95 27 49 46 50 13 53 70 75 59 70 87 63 70 4 0 66 100 100 100 100 100 100 100 100 100 100 100 100 99 81 60 53 49 49 54 46 85 88 87 80 88 88 90 75 81 78 51 89 100 100 100 100 100 100 100 100 100 100 100 100 100 100 100 100 100 100
0 26 56 2 0 0 0 16 63 63 40 50 99 100 100 97 73 68 3 72 56 60 83 84 68 61 54 54 78 58 49 31 37 96 100 100 100 100 100 72 82 100 100 100 69 50 18 56 65 2 1 21 39 43 55 68 70 56 38 12 20 56 84 100 100 100 100 100 100 100 100 100 100 100 100 100 100 100 100 100 100 100
0 24 45 29 0 0 0 38 77 94 43 22 82 100 90 89 79 27 0 86 100 93 95 77 29 16 24 63 49 6 52 43 91 100 100 100 100 98 79 91 27 83 98 74 43 13 18 33 40 45 71 68 67 74 55 46 35 39 58 65 51 66 96 100 100 100 100 100 100 100 100 100 100 100 100 100 100 100 100 100 100 100
1 33 68 31 0 0 1 50 76 47 4 35 78 92 63 49 63 37 13 79 86 100 92 88 56 37 19 69 60 3 8 71 95 100 97 98 100 99 30 66 5 36 47 33 61 22 16 6 43 69 89 35 84 100 67 54 60 71 93 100 100 100 100 100 100 100 100 100 100 100 100 100 100 100 100 100 100 100 100 100 100 100
8 43 73 49 0 0 6 45 58 25 0 11 6 79 38 42 19 64 47 33 48 57 72 59 45 64 47 43 67 72 65 20 52 77 44 25 54 34 0 17 8 17 69 34 0 26 37 77 67 83 59 61 85 44 41 83 100 100 100 93 96 100 100 100 92 92 100 99 91 92 100 100 100 100 100 100 100 100 100 100 100 100
12 55 67 74 0 0 14 36 64 58 27 16 38 36 40 45 36 52 2 68 26 2 20 43 55 9 7 27 69 37 64 20 53 72 68 79 40 0 0 7 0 1 38 25 36 67 79 75 75 59 83 84 65 83 95 88 64 46 27 24 38 40 37 20 21 35 35 36 43 54 49 48 85 100 85 98 100 100 100 86 100 100
13 46 65 65 0 0 27 28 58 53 75 81 51 24 25 96 63 32 21 54 0 0 10 25 13 20 37 53 72 39 69 49 27 25 40 60 24 0 25 95 76 60 73 81 51 76 74 72 68 83 61 97 77 52 43 15 5 20 20 29 38 27 15 9 23 40 40 70 77 84 84 52 28 60 34 83 100 100 100 100 100 100
1 42 46 41 0 0 31 11 73 44 49 22 50 56 43 63 64 69 69 45 1 25 2 16 29 34 38 10 45 44 39 44 56 25 21 24 0 0 0 21 38 58 78 81 95 100 93 68 62 20 54 35 38 43 31 49 74 82 95 97 84 83 85 86 72 57 36 41 43 15 10 19 29 28 57 79 71 79 78 65 60 49
0 35 48 5 0 7 18 0 45 48 8 37 56 26 0 4 47 72 42 4 64 73 32 25 40 53 32 42 29 36 41 41 40 49 30 57 41 35 31 80 74 50 70 90 87 88 97 83 53 62 84 53 59 79 95 100 100 100 100 100 100 100 100 100 100 78 46 38 64 46 36 41 20 14 11 1 0 0 3 0 9 18
0 1 19 0 0 2 0 18 59 8 0 46 60 37 5 9 16 32 8 54 84 61 33 32 22 9 0 45 49 8 0 9 55 69 50 32 39 54 41 61 70 21 28 31 45 64 39 75 66 63 82 93 94 100 100 100 100 100 100 100 100 99 92 84 75 63 49 32 41 40 37 53 59 71 66 65 55 47 42 51 80 89
26 0 0 0 0 3 76 93 19 0 0 0 1 16 51 60 51 31 36 1 21 57 70 34 7 7 11 15 6 0 0 0 0 27 61 66 55 58 40 32 73 50 55 58 87 72 66 67 69 83 83 75 85 88 96 78 65 95 94 92 84 81 87 85 87 81 86 88 84 68 65 47 49 45 35 36 39 35 29 38 40 46
26 0 0 0 0 19 8 13 1 0 0 0 0 33 43 54 51 54 10 0 33 51 34 31 25 1 0 0 0 0 0 0 0 0 0 45 71 61 23 3 37 46 92 88 83 78 74 74 84 96 16 4 53 65 73 91 100 100 100 100 100 100 100 100 96 87 75 46 21 36 48 50 56 56 54 50 51 51 64 51 80 76
86 18 0 0 0 3 0 0 0 0 0 0 18 99 74 18 6 21 19 33 44 59 0 0 0 0 0 0 0 0 0 0 0 0 0 16 26 0 26 10 40 68 75 78 59 79 98 78 85 100 63 81 69 77 76 85 90 68 52 41 31 34 49 74 87 74 28 0 0 7 44 49 52 62 65 74 79 57 96 91 66 89
84 59 0 0 0 5 7 8 14 0 0 0 21 100 62 3 1 6 80 80 3 3 0 0 0 0 0 0 0 0 0 0 0 0 0 0 6 0 0 1 64 69 91 97 100 91 77 95 100 100 43 46 50 53 55 91 66 56 66 15 18 35 40 16 4 0 3 26 38 44 75 74 68 46 53 80 51 39 56 49 47 44
77 98 7 0 0 0 3 7 36 45 25 2 21 56 21 13 6 48 49 1 0 0 0 0 0 0 0 0 0 0 0 0 0 0 3 12 19 27 26 16 0 0 9 42 46 17 73 94 79 100 100 100 100 88 88 74 78 63 55 67 43 56 50 38 34 3 2 14 26 18 41 58 55 42 56 72 51 70 74 65 51 60
62 35 27 0 0 0 0 0 0 0 27 51 38 62 89 64 44 48 0 0 0 0 0 0 0 0 0 0 0 0 0 8 10 18 30 32 31 35 20 20 29 50 36 26 43 43 35 58 50 99 100 100 97 84 100 96 90 99 63 31 74 45 35 45 70 73 74 69 37 27 58 78 63 71 83 93 79 100 100 100 69 62
22 5 21 2 0 0 0 0 0 0 0 30 44 20 3 44 32 0 0 0 0 0 0 0 0 0 0 0 0 0 1 26 15 37 70 82 69 53 23 5 57 43 40 31 27 74 88 53 46 70 72 100 100 100 100 100 100 88 77 50 23 58 70 58 51 37 20 9 0 0 0 0 0 14 29 49 98 100 99 86 47 40
2 38 66 39 4 0 0 0 0 0 0 0 0 0 0 0 0 0 0 0 0 0 0 0 0 0 0 0 0 0 0 17 60 82 82 87 96 66 45 65 50 66 43 51 63 84 81 20 8 73 95 100 100 89 51 23 17 53 98 69 0 6 8 25 13 0 0 0 0 0 6 15 62 58 65 74 64 73 74 26 56 80
42 53 10 0 0 0 0 0 0 0 0 0 0 0 0 0 0 0 0 0 0 0 0 0 0 0 0 0 0 3 62 61 41 41 44 69 63 74 57 43 22 66 25 42 78 84 75 69 65 93 100 66 88 31 32 63 50 46 43 77 76 97 98 47 82 32 15 11 19 17 30 39 54 46 46 63 73 65 59 62 85 87
