Appendix_Data/App6_Higher_Taxa/SA_ASCII/fert4.asc
NCOLS 472
NROWS 227
XLLCORNER 17.83333
YLLCORNER -34.83333
CELLSIZE 0.01666667
NODATA_VALUE -9999
[rows 180 to 215 of 227, columns 82 to 163 of 472]
78 77 50 100 87 9 0 0 12 40 14 57 57 65 52 62 39 83 88 84 68 47 71 16 6 40 71 66 35 1 0 0 0 0 0 0 0 0 0 0 0 0 0 0 0 0 0 0 0 0 0 0 0 0 1 2 9 18 10 25 18 9 25 31 30 49 67 57 55 49 60 62 74 34 8 0 0 0 48 84 5 22
49 69 86 99 34 0 0 26 19 35 94 86 92 100 100 100 100 94 63 86 92 88 94 97 61 47 34 68 86 80 60 3 8 0 0 0 0 0 0 0 0 0 0 0 0 0 0 0 0 0 8 43 39 34 26 33 9 0 0 0 32 52 30 14 7 12 34 18 47 52 35 79 95 68 57 13 6 33 93 55 0 62
77 98 90 51 4 9 15 49 63 100 92 98 100 100 100 100 98 91 98 100 99 94 98 100 100 100 89 42 28 56 100 73 90 79 37 67 17 3 0 0 0 0 0 0 0 0 0 0 0 0 50 8 0 0 0 15 25 0 0 0 15 12 14 52 35 28 9 20 5 80 59 79 100 100 100 94 98 94 50 16 47 90
56 20 20 30 41 69 69 70 97 78 99 100 100 100 96 81 68 96 87 64 71 71 48 45 67 77 100 100 85 18 85 81 17 32 38 15 4 0 0 0 0 0 0 0 0 0 0 0 2 25 24 0 15 0 12 13 40 56 9 4 31 0 0 5 46 83 71 60 0 32 65 100 100 100 100 100 100 99 45 45 100 100
55 86 87 77 45 83 80 86 78 100 100 100 100 100 97 100 96 70 65 33 71 99 57 68 53 65 67 81 83 88 60 61 70 96 63 41 38 73 61 7 0 0 0 0 0 0 0 9 14 7 28 48 91 18 75 88 100 100 76 57 80 72 46 0 20 2 32 88 22 42 0 77 100 100 92 98 97 76 10 39 77 100
45 40 64 42 77 100 100 100 91 88 85 81 79 86 83 83 51 46 47 45 38 67 46 31 41 47 45 74 62 79 86 98 100 100 97 99 92 65 72 38 18 54 41 14 0 3 10 0 0 27 100 100 66 40 38 2 7 27 22 6 48 91 38 1 18 15 70 85 47 13 0 64 73 47 4 41 91 100 85 84 99 85
0 61 29 74 100 100 99 90 78 74 53 47 58 61 42 30 11 0 0 2 2 0 12 51 48 22 88 74 66 51 42 31 100 100 100 100 32 1 38 68 68 5 0 2 0 0 0 16 42 95 94 46 17 41 74 86 87 74 27 29 5 72 43 49 89 90 99 99 53 16 58 95 34 49 62 100 98 99 72 100 100 98
5 41 70 98 100 85 78 81 51 40 53 61 58 27 33 11 0 0 0 0 0 0 8 86 60 3 89 100 80 73 56 32 100 100 100 88 31 20 20 17 15 31 37 59 78 67 85 65 30 11 1 16 77 100 100 98 100 95 11 20 1 73 97 100 100 99 98 100 100 83 100 56 85 100 100 100 100 96 85 50 89 100
40 61 91 89 78 57 41 33 15 51 70 100 100 78 2 0 0 0 0 0 0 0 17 44 24 48 92 65 86 96 92 100 100 100 82 51 66 49 34 31 30 7 12 68 52 32 9 20 58 87 100 100 100 100 100 100 100 35 0 0 41 93 99 96 97 98 96 98 93 89 62 73 100 68 90 100 100 99 78 25 45 100
44 79 78 80 75 11 54 83 97 71 96 79 28 11 25 40 43 45 47 48 61 74 77 59 82 76 72 97 95 88 100 100 100 100 100 80 64 81 97 95 94 81 41 34 44 67 90 100 100 100 100 100 100 100 100 100 80 0 0 0 62 82 100 86 74 95 73 54 48 68 34 5 7 12 79 100 100 100 90 48 96 100
41 80 80 74 49 69 43 75 49 43 8 40 86 85 100 97 59 78 100 100 86 33 13 21 27 52 82 56 57 86 100 100 100 100 100 96 100 100 100 100 100 100 100 100 100 100 100 100 100 100 100 100 100 100 100 100 99 57 20 1 33 93 86 84 55 24 35 63 41 1 39 55 59 88 95 86 80 99 78 61 96 100
32 43 33 53 42 67 99 57 61 99 86 100 87 83 58 30 64 40 33 27 43 89 100 66 24 0 56 99 100 100 100 100 100 100 100 100 100 100 100 100 100 100 100 100 100 100 100 100 100 100 100 100 100 100 100 100 100 100 100 85 80 62 32 1 23 74 98 94 95 90 100 98 100 100 98 66 69 97 60 30 81 100
18 51 23 4 28 34 51 28 40 91 100 95 91 41 54 91 69 35 11 23 4 4 64 50 93 31 70 95 100 100 100 100 100 100 100 100 100 100 100 100 100 100 100 100 100 100 94 66 69 97 79 83 99 100 100 100 100 100 82 12 20 31 39 77 98 98 98 99 100 100 99 100 100 100 100 100 90 64 60 39 79 80
48 14 48 55 62 72 56 41 52 37 16 3 15 2 0 0 25 71 81 32 21 29 0 0 7 28 31 73 100 100 100 100 100 100 100 100 100 100 100 100 100 100 100 100 87 36 3 18 42 7 0 0 27 78 76 60 70 93 100 100 100 100 100 83 80 76 77 95 83 95 99 86 58 99 100 100 100 100 80 73 98 70
0 22 8 9 1 0 0 0 15 40 49 51 40 60 69 69 56 23 16 75 100 100 27 24 46 10 95 100 100 100 100 100 100 100 100 100 100 100 100 100 100 100 100 87 6 0 0 4 20 11 0 2 14 20 11 4 0 2 43 72 33 29 56 53 66 67 60 55 50 19 27 46 32 52 99 100 100 100 100 95 66 84
0 0 0 0 0 0 6 0 0 0 0 1 1 0 0 0 15 75 48 10 58 85 47 83 34 83 74 100 100 100 100 100 100 100 100 100 100 100 100 100 100 100 100 55 21 22 50 87 99 94 79 87 94 100 100 98 73 23 0 0 0 30 71 100 100 100 100 97 99 96 98 96 96 62 22 45 59 100 100 100 99 81
0 0 0 0 0 24 93 28 25 4 12 0 0 6 40 34 24 4 25 79 5 5 99 46 67 29 59 100 60 60 82 62 91 100 89 72 65 80 100 99 100 100 100 89 86 80 75 74 67 55 100 100 100 100 100 100 100 100 62 20 76 91 96 100 100 100 100 100 100 100 100 100 100 94 93 90 83 98 97 91 89 91
0 0 0 0 0 2 25 54 99 98 78 56 52 57 58 83 54 35 15 45 11 39 96 65 58 93 100 78 60 85 79 82 62 29 42 30 15 1 10 6 37 75 67 49 77 88 92 72 62 99 100 57 53 44 67 79 87 100 100 100 100 100 100 100 100 100 100 100 100 100 95 91 100 98 96 99 90 99 86 49 74 96
36 3 2 0 0 0 0 5 26 4 0 0 0 0 25 35 15 61 93 100 56 65 66 91 100 89 96 84 80 55 62 72 60 41 31 56 65 65 48 53 31 3 15 35 40 61 63 87 100 100 100 85 82 81 24 30 68 100 100 100 100 100 100 100 100 100 100 100 100 100 100 100 86 67 64 87 87 82 79 3 0 2
8 80 44 0 0 0 0 0 0 0 0 0 0 0 0 0 0 0 7 25 27 11 0 9 26 51 10 1 9 39 99 68 0 0 0 0 1 29 60 84 29 38 0 2 53 61 35 43 85 90 100 100 87 99 98 97 100 100 100 100 100 100 93 83 75 74 75 66 61 49 33 41 24 35 41 23 25 15 9 0 0 0
45 29 0 0 0 0 0 0 0 0 0 0 0 0 0 0 0 0 0 0 0 5 7 9 26 47 32 29 28 24 36 65 22 0 0 0 0 24 28 65 65 46 57 82 100 100 100 58 8 68 100 94 18 1 0 48 95 60 36 19 18 57 80 92 86 94 45 1 5 0 0 0 0 0 0 0 0 0 0 0 0 0
0 0 0 0 0 0 0 0 0 0 0 0 0 0 0 7 19 21 16 57 73 42 3 0 0 0 0 0 0 0 0 0 35 59 88 51 51 41 27 15 42 48 55 60 98 100 100 100 100 100 100 100 91 5 0 63 15 0 0 0 0 0 0 0 1 6 58 47 37 0 0 0 0 0 0 0 0 0 0 0 0 0
0 0 -9999 -9999 -9999 0 0 0 0 0 0 0 0 19 69 93 83 89 94 100 72 0 0 0 18 46 1 0 0 0 0 0 24 93 100 100 100 100 100 94 68 29 2 0 22 47 96 100 100 91 100 100 100 91 30 2 1 0 0 0 0 0 0 0 0 0 0 0 0 0 0 0 0 0 0 0 0 0 0 0 0 0
-9999 -9999 -9999 -9999 -9999 -9999 0 0 0 0 0 0 0 0 10 8 56 54 68 74 21 0 0 26 72 56 24 0 0 0 0 0 0 8 30 29 37 58 79 90 97 80 83 33 0 0 8 74 99 95 83 100 100 100 91 84 55 1 0 0 0 0 0 0 0 0 0 0 0 0 0 0 0 0 0 0 0 0 0 0 0 0
-9999 -9999 -9999 -9999 -9999 -9999 -9999 0 0 0 0 0 0 0 0 0 0 0 0 5 0 0 8 79 66 42 12 0 0 0 0 0 0 0 2 13 34 18 20 15 23 84 69 20 0 8 41 78 96 100 95 88 100 100 100 100 87 61 7 0 0 0 0 0 0 0 0 0 0 0 0 0 0 0 0 0 0 0 0 0 0 0
-9999 -9999 -9999 -9999 -9999 -9999 -9999 -9999 0 0 0 0 0 0 0 0 0 0 0 0 0 5 48 13 12 56 6 0 0 0 12 19 30 0 0 0 0 6 19 42 76 94 81 43 37 21 15 68 100 100 100 100 100 94 91 100 100 83 47 4 0 0 0 0 0 0 0 0 0 0 0 0 0 0 0 0 0 0 0 -9999 -9999 -9999
-9999 -9999 -9999 -9999 -9999 -9999 -9999 -9999 -9999 0 0 0 0 0 0 0 0 0 0 0 0 1 55 67 6 0 0 0 0 4 46 85 21 0 0 0 0 0 0 0 0 5 31 51 66 67 67 69 68 100 100 100 94 20 6 38 16 0 0 0 0 0 0 0 0 0 0 0 0 0 0 0 0 0 0 0 0 -9999 -9999 -9999 -9999 -9999
-9999 -9999 -9999 -9999 -9999 -9999 -9999 -9999 -9999 0 0 0 0 0 0 0 0 0 0 0 6 43 91 81 67 2 0 0 0 33 64 12 0 0 0 0 0 0 0 0 0 0 0 0 0 12 29 71 90 81 95 62 3 0 0 0 0 0 0 0 0 0 48 20 0 0 0 0 0 0 0 0 0 0 0 -9999 -9999 -9999 -9999 -9999 -9999 -9999
-9999 -9999 -9999 -9999 -9999 -9999 -9999 -9999 -9999 0 0 0 0 0 0 0 0 0 0 0 1 0 1 12 0 0 0 2 31 84 72 69 74 64 50 26 3 0 0 0 0 0 3 12 1 0 0 1 19 44 11 0 0 0 0 0 0 0 0 0 0 7 33 18 11 0 0 0 0 0 0 0 0 0 -9999 -9999 -9999 -9999 -9999 -9999 -9999 -9999
-9999 -9999 -9999 -9999 -9999 -9999 -9999 -9999 0 0 0 0 0 0 0 0 0 0 0 0 0 0 0 0 0 0 5 59 89 90 80 68 64 99 100 94 45 7 0 22 40 71 78 73 78 22 0 0 0 0 0 0 0 0 0 0 0 27 45 34 10 18 48 62 5 7 15 45 6 0 0 0 0 -9999 -9999 -9999 -9999 -9999 -9999 -9999 -9999 -9999
-9999 -9999 -9999 -9999 -9999 -9999 -9999 -9999 0 0 0 0 0 0 0 0 0 2 0 0 0 0 0 34 30 49 61 93 96 100 100 98 81 49 46 63 60 70 28 75 95 100 100 98 59 75 32 0 0 0 0 0 0 0 0 0 0 36 94 94 31 78 4 14 0 1 8 0 0 0 6 10 0 -9999 -9999 -9999 -9999 -9999 -9999 -9999 -9999 -9999
-9999 -9999 -9999 -9999 -9999 -9999 -9999 0 0 0 0 0 0 0 0 0 2 59 43 7 3 39 56 69 91 84 87 71 4 12 31 52 66 6 0 2 56 76 68 32 11 26 53 85 100 66 52 0 0 0 0 0 0 0 0 0 0 23 64 75 86 98 17 0 0 0 0 0 0 0 0 -9999 -9999 -9999 -9999 -9999 -9999 -9999 -9999 -9999 -9999 -9999
-9999 -9999 -9999 -9999 -9999 -9999 -9999 0 0 0 0 0 0 0 0 0 0 0 0 22 86 91 88 65 97 91 42 4 0 0 0 0 10 68 61 37 59 33 28 57 3 1 19 62 42 6 0 0 0 0 0 0 0 0 0 0 0 38 61 100 62 71 45 0 0 0 0 0 0 -9999 -9999 -9999 -9999 -9999 -9999 -9999 -9999 -9999 -9999 -9999 -9999 -9999
-9999 -9999 -9999 -9999 -9999 0 0 0 0 0 0 0 0 0 0 0 0 0 0 0 38 40 7 0 23 6 0 0 0 0 0 0 31 92 82 56 41 70 98 51 60 79 80 7 48 9 21 43 70 9 0 0 0 0 0 0 0 69 78 93 49 0 0 0 0 0 0 0 -9999 -9999 -9999 -9999 -9999 -9999 -9999 -9999 -9999 -9999 -9999 -9999 -9999 -9999
-9999 -9999 -9999 -9999 -9999 0 0 0 0 -9999 -9999 -9999 -9999 0 0 0 0 0 0 0 0 0 0 0 0 0 0 0 0 0 0 0 0 0 9 76 89 29 42 8 61 52 78 20 2 0 0 5 23 0 0 0 0 0 0 0 0 33 79 97 15 0 0 0 0 0 -9999 -9999 -9999 -9999 -9999 -9999 -9999 -9999 -9999 -9999 -9999 -9999 -9999 -9999 -9999 -9999
-9999 -9999 -9999 -9999 -9999 -9999 -9999 -9999 -9999 -9999 -9999 -9999 -9999 -9999 0 0 0 0 0 0 0 0 0 0 0 0 0 0 0 0 0 0 0 0 11 93 39 31 90 66 41 61 43 5 0 0 0 0 0 0 0 0 0 0 0 0 0 4 12 5 0 0 0 -9999 -9999 -9999 -9999 -9999 -9999 -9999 -9999 -9999 -9999 -9999 -9999 -9999 -9999 -9999 -9999 -9999 -9999 -9999
