Appendix_Data/App6_Higher_Taxa/SA_ASCII/smdwin.asc
NCOLS 472
NROWS 227
XLLCORNER 17.83333
YLLCORNER -34.83333
CELLSIZE 0.01666667
NODATA_VALUE -9999
[rows 99 to 131 of 227, columns 76 to 151 of 472]
73.744 73.958 74.971 79.79601 76.721 72.293 71.493 64.361 70.446 71.86 73.273 68.355 61.194 63.591 67.218 73.119 70.722 66.142 63.192 61.594 64.606 61.963 60.427 57.538 54.218 57.599 57.169 56.8 55.54 55.141 54.096 54.127 52.651 51.606 50.53 -9999 -9999 -9999 -9999 -9999 -9999 -9999 -9999 -9999 -9999 -9999 -9999 -9999 -9999 -9999 -9999 -9999 -9999 -9999 -9999 -9999 -9999 -9999 -9999 -9999 -9999 -9999 -9999 -9999 -9999 -9999 -9999 -9999 -9999 -9999 -9999 -9999 -9999 -9999 -9999 -9999
75.804 75.895 72.881 80.134 80.01 75.797 73.86 66.943 67.065 71.798 69.001 67.402 63.591 69.154 65.896 67.679 69.001 68.847 65.22 59.412 61.779 61.779 60.027 59.136 57.968 56.462 57.722 58.614 56.708 55.602 54.926 54.68 53.481 52.313 51.022 -9999 -9999 -9999 -9999 -9999 -9999 -9999 -9999 -9999 -9999 -9999 -9999 -9999 -9999 -9999 -9999 -9999 -9999 -9999 -9999 -9999 -9999 -9999 -9999 -9999 -9999 -9999 -9999 -9999 -9999 -9999 -9999 -9999 -9999 -9999 -9999 -9999 -9999 -9999 -9999 -9999
74.328 78.354 77.953 77.82899 79.917 76.719 73.675 68.357 63.869 69.616 68.448 65.651 68.662 72.934 71.643 64.298 69.185 66.511 64.667 61.594 60.211 58.275 59.873 60.304 56.554 56.37 57.354 56.954 57.323 56.831 55.387 54.987 54.649 53.051 51.268 -9999 -9999 -9999 -9999 -9999 -9999 -9999 -9999 -9999 -9999 -9999 -9999 -9999 -9999 -9999 -9999 -9999 -9999 -9999 -9999 -9999 -9999 -9999 -9999 -9999 -9999 -9999 -9999 -9999 -9999 -9999 -9999 -9999 -9999 -9999 -9999 -9999 -9999 -9999 -9999 -9999
85.088 80.229 72.327 79.642 84.774 79.24 74.382 71.123 66.082 64.944 68.14 69.923 63.99 70.291 75.331 67.556 65.435 69.554 65.774 62.362 58.582 56.339 59.443 57.077 55.571 52.374 58.214 57.907 56.985 56.831 55.571 56.278 55.602 54.096 52.436 -9999 -9999 -9999 -9999 -9999 -9999 -9999 -9999 -9999 -9999 -9999 -9999 -9999 -9999 -9999 -9999 -9999 -9999 -9999 -9999 -9999 -9999 -9999 -9999 -9999 -9999 -9999 -9999 -9999 -9999 -9999 -9999 -9999 -9999 -9999 -9999 -9999 -9999 -9999 -9999 -9999
79.338 84.225 79.336 77.98199 84.006 79.362 75.611 70.877 61.655 62.239 63.591 67.463 72.934 68.201 69.153 76.653 70.353 70.415 67.833 62.701 57.998 58.152 58.306 58.613 57.691 54.956 59.536 58.983 57.6 56.001 56.217 57.231 56.863 55.141 53.512 -9999 -9999 -9999 -9999 -9999 -9999 -9999 -9999 -9999 -9999 -9999 -9999 -9999 -9999 -9999 -9999 -9999 -9999 -9999 -9999 -9999 -9999 -9999 -9999 -9999 -9999 -9999 -9999 -9999 -9999 -9999 -9999 -9999 -9999 -9999 -9999 -9999 -9999 -9999 -9999 -9999
76.909 79.121 80.688 80.656 83.175 81.76 76.533 71.307 62.731 63.222 67.34 67.801 69.983 75.484 76.437 71.674 74.348 69.216 68.171 63.991 59.719 63.715 60.55 59.382 56.769 58.46 58.983 56.77 58.399 58.276 56.801 58.092 57.876 56.616 54.864 52.743 51.206 48.471 49.639 -9999 -9999 -9999 -9999 -9999 -9999 -9999 -9999 -9999 -9999 -9999 -9999 -9999 -9999 -9999 -9999 -9999 -9999 -9999 -9999 -9999 -9999 -9999 -9999 -9999 -9999 -9999 -9999 -9999 -9999 -9999 -9999 -9999 -9999 -9999 -9999 -9999
76.23199 72.235 75.062 77.612 86.71 81.114 77.209 71.706 65.466 66.664 69.552 67.063 68.169 75.176 75.238 76.837 76.346 70.507 70.507 65.067 60.949 64.976 60.919 59.413 56.032 58.153 58.214 58.245 58.799 58.583 58.092 58.645 58.215 56.739 56.094 53.758 52.159 50.192 48.594 -9999 -9999 -9999 -9999 -9999 -9999 -9999 -9999 -9999 -9999 -9999 -9999 -9999 -9999 -9999 -9999 -9999 -9999 -9999 -9999 -9999 -9999 -9999 -9999 -9999 -9999 -9999 -9999 -9999 -9999 -9999 -9999 -9999 -9999 -9999 -9999 -9999
75.556 78.537 77.98199 74.384 89.23 82.558 79.32899 73.273 65.742 71.642 74.1 66.785 70.842 69.121 73.64 75.761 76.499 72.935 70.354 69.002 60.58 61.656 60.304 60.735 55.694 57.63 58.276 59.413 59.567 59.567 59.506 59.229 58.676 58.553 57.047 54.957 53.911 51.514 49.239 -9999 -9999 -9999 -9999 -9999 -9999 -9999 -9999 -9999 -9999 -9999 -9999 -9999 -9999 -9999 -9999 -9999 -9999 -9999 -9999 -9999 -9999 -9999 -9999 -9999 -9999 -9999 -9999 -9999 -9999 -9999 -9999 -9999 -9999 -9999 -9999 -9999
83.087 82.533 90.529 84.959 89.445 81.974 80.374 74.778 67.462 70.166 76.434 71.701 66.846 71.333 72.717 72.503 76.837 72.412 69.37 65.775 61.164 58.736 57.63 59.29 62.61 57.323 58.276 57.876 56.985 57.139 58.245 60.858 58.737 58.737 57.907 55.633 53.819 52.528 50.622 -9999 -9999 -9999 -9999 -9999 -9999 -9999 -9999 -9999 -9999 -9999 -9999 -9999 -9999 -9999 -9999 -9999 -9999 -9999 -9999 -9999 -9999 -9999 -9999 -9999 -9999 -9999 -9999 -9999 -9999 -9999 -9999 -9999 -9999 -9999 -9999 -9999
79.614 79.981 86.159 86.434 91.737 87.721 82.80099 76.161 68.661 71.455 75.848 69.363 66.967 66.969 74.714 72.964 74.809 75.271 69.616 67.25 62.886 60.888 61.749 55.725 57.846 61.473 59.444 57.631 56.862 56.77 56.278 57.815 59.014 58.399 58.522 57.139 54.895 53.143 51.514 -9999 -9999 -9999 -9999 -9999 -9999 -9999 -9999 -9999 -9999 -9999 -9999 -9999 -9999 -9999 -9999 -9999 -9999 -9999 -9999 -9999 -9999 -9999 -9999 -9999 -9999 -9999 -9999 -9999 -9999 -9999 -9999 -9999 -9999 -9999 -9999 -9999
79.614 79.981 86.159 86.434 91.737 87.721 82.80099 76.161 68.661 71.455 75.848 69.363 66.967 66.969 74.714 72.964 74.809 75.271 69.616 67.25 62.886 60.888 61.749 55.725 57.846 61.473 59.444 57.631 56.862 56.77 56.278 57.815 59.014 58.399 58.522 57.139 54.895 53.143 51.514 -9999 -9999 -9999 -9999 -9999 -9999 -9999 -9999 -9999 -9999 -9999 -9999 -9999 -9999 -9999 -9999 -9999 -9999 -9999 -9999 -9999 -9999 -9999 -9999 -9999 -9999 -9999 -9999 -9999 -9999 -9999 -9999 -9999 -9999 -9999 -9999 -9999
76.724 74.817 83.423 88.832 75.797 89.661 87.903 78.342 71.794 75.14 82.263 77.89 71.357 71.454 73.055 71.982 79.083 75.457 72.968 72.353 64.362 60.028 58.03 59.045 57.047 56.248 58.215 63.41 61.873 61.258 61.289 58.707 59.045 58.922 58.276 57.139 55.387 52.835 50.929 -9999 -9999 -9999 -9999 -9999 -9999 -9999 -9999 -9999 -9999 -9999 -9999 -9999 -9999 -9999 -9999 -9999 -9999 -9999 -9999 -9999 -9999 -9999 -9999 -9999 -9999 -9999 -9999 -9999 -9999 -9999 -9999 -9999 -9999 -9999 -9999 -9999
78.907 71.282 72.572 83.02299 72.416 76.103 84 79.295 74.191 78.029 81.897 77.408 76.951 77.202 77.728 72.967 76.841 75.489 72.108 69.495 65.192 60.458 65.5 60.336 59.014 62.334 57.17 57.231 57.016 63.687 62.457 60.398 60.674 59.813 58.246 56.063 54.28 52.313 50.714 -9999 -9999 -9999 -9999 -9999 -9999 -9999 -9999 -9999 -9999 -9999 -9999 -9999 -9999 -9999 -9999 -9999 -9999 -9999 -9999 -9999 -9999 -9999 -9999 -9999 -9999 -9999 -9999 -9999 -9999 -9999 -9999 -9999 -9999 -9999 -9999 -9999
77.432 82.257 79.274 80.687 78.38 79.208 85.2 79.111 75.083 74.742 80.086 78.517 82.3 84.026 84.216 81.116 76.69 78.841 71.678 69.495 64.578 62.088 64.086 60.121 60.859 57.631 62.826 60.183 58.861 57.631 58.123 61.258 60.613 60.182 57.907 55.448 53.542 51.79 49.085 -9999 -9999 -9999 -9999 -9999 -9999 -9999 -9999 -9999 -9999 -9999 -9999 -9999 -9999 -9999 -9999 -9999 -9999 -9999 -9999 -9999 -9999 -9999 -9999 -9999 -9999 -9999 -9999 -9999 -9999 -9999 -9999 -9999 -9999 -9999 -9999 -9999
82.628 82.873 86.561 79.95 76.506 78.379 77.947 73.427 71.98 73.606 78.887 81.065 85.035 92.076 93.161 86.995 76.478 74.939 73.339 67.682 62.61 65.654 63.195 61.474 62.089 59.66 65.163 65.286 62.488 60.06 58.031 60.521 61.258 59.813 57.262 54.864 52.282 49.73 48.747 -9999 -9999 -9999 -9999 -9999 -9999 -9999 -9999 -9999 -9999 -9999 -9999 -9999 -9999 -9999 -9999 -9999 -9999 -9999 -9999 -9999 -9999 -9999 -9999 -9999 -9999 -9999 -9999 -9999 -9999 -9999 -9999 -9999 -9999 -9999 -9999 -9999
78.263 92.667 89.083 81.857 75.247 77.643 79.578 79.145 73.764 77.418 75.537 77.367 84.266 93.13 90.19 93.939 81.278 72.881 68.39 67.311 62.026 67.437 66.27 61.105 59.753 59.015 59.814 58.646 63.626 64.179 63.964 61.289 61.166 59.291 57.016 54.556 51.944 50.161 49.392 -9999 -9999 -9999 -9999 -9999 -9999 -9999 -9999 -9999 -9999 -9999 -9999 -9999 -9999 -9999 -9999 -9999 -9999 -9999 -9999 -9999 -9999 -9999 -9999 -9999 -9999 -9999 -9999 -9999 -9999 -9999 -9999 -9999 -9999 -9999 -9999 -9999
88.533 83.49001 93.689 90.994 85.7 82.22501 76.967 81.853 78.777 77.821 75.021 77.17 84.889 96.04 92.573 92.014 79.95 73.464 67.961 64.302 62.796 64.61 67.377 64.119 62.397 66.67 64.426 61.044 60.706 58.308 62.335 62.673 62.734 60.551 57.016 54.188 51.698 50.652 50.714 -9999 -9999 -9999 -9999 -9999 -9999 -9999 -9999 -9999 -9999 -9999 -9999 -9999 -9999 -9999 -9999 -9999 -9999 -9999 -9999 -9999 -9999 -9999 -9999 -9999 -9999 -9999 -9999 -9999 -9999 -9999 -9999 -9999 -9999 -9999 -9999 -9999
95.639 91.924 103.306 102.969 100.498 77.124 84.009 76.722 83.422 86.31 84.864 88.767 88.002 90.096 93.224 90.56 75.31 74.603 73.86501 75.894 73.619 70.975 65.933 64.796 67.901 74.695 76.601 80.505 75.647 69.959 74.078 80.257 71.618 68.328 61.288 57.046 51.513 52.712 50.929 -9999 -9999 -9999 -9999 -9999 -9999 -9999 -9999 -9999 -9999 -9999 -9999 -9999 -9999 -9999 -9999 -9999 -9999 -9999 -9999 -9999 -9999 -9999 -9999 -9999 -9999 -9999 -9999 -9999 -9999 -9999 -9999 -9999 -9999 -9999 -9999 -9999
96.01 96.382 103.52 103.459 99.942 92.667 88.07 83.242 95.36 96.536 96.753 94.462 94.865 85.985 81.31 87.673 84.813 83.061 90.995 90.654 81.184 73.528 66.58 62.368 57.879 60.861 63.72 77.155 74.664 74.571 76.169 75.062 72.049 67.007 57.846 54.403 51.144 52.035 51.328 -9999 -9999 -9999 -9999 -9999 -9999 -9999 -9999 -9999 -9999 -9999 -9999 -9999 -9999 -9999 -9999 -9999 -9999 -9999 -9999 -9999 -9999 -9999 -9999 -9999 -9999 -9999 -9999 -9999 -9999 -9999 -9999 -9999 -9999 -9999 -9999 -9999
96.599 98.797 99.601 103.979 98.951 93.41 83.707 100.561 86.812 96.32 101.302 97.156 94.866 90.21201 99.045 96.569 93.535 88.198 77.221 78.573 81.063 72.7 66.273 65.167 60.216 61.63 60.339 60.646 69.869 86.5 76.631 78.659 64.671 67.099 59.045 56.216 53.941 53.357 51.574 -9999 -9999 -9999 -9999 -9999 -9999 -9999 -9999 -9999 -9999 -9999 -9999 -9999 -9999 -9999 -9999 -9999 -9999 -9999 -9999 -9999 -9999 -9999 -9999 -9999 -9999 -9999 -9999 -9999 -9999 -9999 -9999 -9999 -9999 -9999 -9999 -9999
93.627 93.689 100.345 102.786 103 96.259 83.371 96.878 102.969 95.671 103.215 102.293 95.795 87.193 96.817 88.635 85.343 82.94299 87.278 84.725 75.284 71.318 64.86 64.46 59.448 66.581 68.364 63.26 60.308 67.686 68.915 76.754 68.422 61.074 59.752 56.554 54.833 53.756 53.08 -9999 -9999 -9999 -9999 -9999 -9999 -9999 -9999 -9999 -9999 -9999 -9999 -9999 -9999 -9999 -9999 -9999 -9999 -9999 -9999 -9999 -9999 -9999 -9999 -9999 -9999 -9999 -9999 -9999 -9999 -9999 -9999 -9999 -9999 -9999 -9999 -9999
100.932 99.571 99.726 102.817 103.429 98.921 82.144 93.225 101.057 102.878 100.995 102.479 97.931 82.488 91.622 91.067 86.514 80.424 71.044 75.195 71.166 68.521 72.087 68.981 60.802 68.058 70.179 70.332 69.04 62.798 62.398 61.875 69.283 70.973 67.345 62.917 56.615 56.461 52.864 -9999 -9999 -9999 -9999 -9999 -9999 -9999 -9999 -9999 -9999 -9999 -9999 -9999 -9999 -9999 -9999 -9999 -9999 -9999 -9999 -9999 -9999 -9999 -9999 -9999 -9999 -9999 -9999 -9999 -9999 -9999 -9999 -9999 -9999 -9999 -9999 -9999
103.399 103.521 103.123 103.031 103.521 102.417 92.328 88.851 96.53799 102.97 102.94 96.662 94.527 80.983 77.538 77.384 78.183 76.89 73.014 71.076 70.122 68.584 70.49 74.056 62.309 60.556 66.09 80.01801 67.565 64.797 63.813 70.637 71.743 72.756 70.111 64.393 58.644 54.801 52.649 -9999 -9999 -9999 -9999 -9999 -9999 -9999 -9999 -9999 -9999 -9999 -9999 -9999 -9999 -9999 -9999 -9999 -9999 -9999 -9999 -9999 -9999 -9999 -9999 -9999 -9999 -9999 -9999 -9999 -9999 -9999 -9999 -9999 -9999 -9999 -9999 -9999
100.964 103.246 103.766 102.909 104.225 102.726 93.845 87.439 99.139 99.17 102.818 102.665 93.289 87.445 73.542 73.633 75.663 71.233 68.403 65.234 64.864 67.693 68.984 70.029 72.119 72.641 71.041 80.111 72.3 67.472 60.923 62.644 70.022 72.203 65.931 63.747 59.043 55.846 52.987 50.589 49.882 49.512 48.744 48.744 49.297 49.39 50.405 50.436 51.42 51.758 51.912 51.021 51.513 53.48 53.788 53.696 55.356 56.801 57.232 -9999 -9999 -9999 -9999 -9999 -9999 -9999 -9999 -9999 -9999 -9999 -9999 -9999 -9999 -9999 -9999 -9999
97.528 103.031 102.015 103.644 104.348 103.124 95.05299 86.12 93.66 101.894 101.399 102.788 95.023 88.156 72.714 68.438 66.284 65.206 64.498 62.713 63.758 69.078 72.829 78.548 67.323 68.768 80.021 71.472 68.243 66.889 62.399 59.785 66.61 67.285 63.534 60.151 57.599 56.123 53.325 50.835 49.267 49.357 50.34 50.34 49.789 50.558 50.067 50.835 52.188 52.158 52.219 51.943 52.005 54.064 56.155 54.587 55.264 57.385 56.309 -9999 -9999 -9999 -9999 -9999 -9999 -9999 -9999 -9999 -9999 -9999 -9999 -9999 -9999 -9999 -9999 -9999
101.582 103.766 104.47 103.124 104.808 103.186 96.66299 86.368 88.584 97.004 102.911 102.666 94.435 89.053 73.117 67.517 65.578 65.3 64.099 62.068 64.036 68.249 72.461 78.396 70.553 81.346 73.903 68.521 66.491 64.891 65.444 70.946 60.4 68.423 72.418 65.715 59.536 56.369 52.772 51.419 50.25 50.28 49.911 49.911 51.141 49.851 51.665 51.758 50.682 51.85 52.865 52.404 53.265 54.863 55.54 55.632 54.987 59.26 55.141 55.387 54.711 55.51 57.109 55.941 56.034 57.11 57.572 55.297 54.498 53.268 53.698 51.946 51.485 51.054 51.854 51.731
105.082 105.296 103.705 101.676 102.971 103.125 98.583 84.925 84.373 96.60201 102.574 102.789 96.479 89.612 74.597 69.27299 65.18 66.686 66.684 63.792 65.144 68.25 67.234 68.894 66.187 65.756 65.17101 65.816 65.261 65.937 69.011 76.57401 67.533 61.537 60.122 68.421 63.102 59.29 53.203 51.358 50.343 50.404 50.465 50.465 50.558 50.189 51.358 52.464 51.635 51.851 52.65 52.927 52.619 55.816 56.585 57.415 57.261 58.03 59.014 57.108 58.43 57.877 56.463 58.093 58.462 56.403 55.973 56.219 57.265 54.805 54.344 54.744 53.176 53.084 52.161 51.546
102.602 103.429 102.939 97.963 101.863 103.707 97.531 80.867 83.821 96.355 100.442 102.882 95.829 94.994 78.17 78.044 76.50301 75.916 71.238 67.822 66.037 67.297 66.343 68.249 64.435 66.433 64.925 64.986 65.785 70.489 70.672 80.726 64.736 59.785 58.862 58.031 57.385 56.001 53.019 51.512 50.774 50.589 50.743 50.743 52.31 51.081 51.819 52.065 52.219 52.127 53.234 53.203 53.572 56.523 58.552 59.874 63.071 62.548 50.7 50.7 50.7 50.7 50.7 50.7 50.7 50.7 50.7 56.373 55.758 54.221 54.836 56.128 54.252 55.359 54.652 54.252
103.643 102.2 100.561 93.938 92.277 97.19 94.93 83.913 81.546 94.25 100.69 102.913 94.904 91.076 83.56 85.831 88.289 83.793 74.808 71.391 70.867 70.774 69.819 69.296 68.926 71.17 75.506 73.075 79.901 86.357 70.366 67.013 64.921 62.461 56.495 60.952 56.371 55.417 53.081 52.619 52.004 52.004 51.696 51.696 53.878 51.788 52.403 53.356 52.619 52.68 53.726 53.941 54.71 57.507 58.644 59.812 58.583 62.149 50.7 50.7 50.7 50.7 50.7 50.483 50.7 50.7 57.356 55.758 56.527 57.696 55.943 57.727 57.481 57.081 50.7 50.7
93.535 94.029 97.30901 84.511 81.239 91.235 95.271 83.453 80.132 92.839 96.263 102.698 93.95399 93.558 95.028 102.422 96.356 91.393 79.884 79.636 77.112 77.511 76.956 73.664 68.988 72.986 80.735 90.667 87.928 89.618 79.53 71.288 71.533 70.394 63.69 61.968 59.077 55.664 54.403 54.126 53.695 54.401 52.711 52.711 54.678 55.477 53.879 53.633 54.34 53.726 54.433 54.71 55.355 59.044 61.933 60.243 63.839 66.913 50.7 50.7 50.7 50.7 50.7 50.08 50.7 56.433 55.942 56.035 59.54 50.7 50.7 58.68 50.7 50.7 50.7 50.7
89.649 84.233 83.861 83.531 86.985 94.59 95.178 85.484 78.994 90.718 92.045 102.422 94.907 95.585 94.662 103.096 99.421 94.191 91.48199 87.881 86.895 90.185 88.492 80.863 66.836 66.712 76.338 79.443 94.743 97.158 97.095 90.938 70.396 64.122 64.429 58.002 55.88 59.63 58.277 55.018 55.171 56.523 55.385 55.385 56.43 57.783 56.584 53.941 55.662 56.154 55.509 55.355 57.753 56.769 60.335 66.482 50.7 50.7 50.7 50.7 50.514 50.7 50.7 50.7 50.7 50.7 50.7 50.7 47.755 50.7 50.7 50.7 50.7 50.7 50.7 50.7
84.948 75.505 78.119 80.337 88.492 94.218 101.245 92.067 79.179 87.94901 90.383 94.935 97.069 96.327 90.021 99.762 103.309 100.721 101.34 93.295 89.264 97.253 95.705 87.539 69.329 67.421 65.48199 72.401 77.259 79.441 75.657 70.951 65.077 59.142 56.62 57.265 63.228 65.226 60.368 56.586 55.51 57.292 63.009 63.009 58.951 61.041 60.857 57.445 58.152 61.011 60.089 55.847 57.2 50.7 50.7 50.7 50.7 50.7 50.297 50.452 50.7 50.7 50.7 50.7 50.7 50.7 50.7 50.7 50.7 50.7 50.7 50.7 50.7 50.7 50.7 50.7
81.169 72.587 71.726 73.665 81.449 84.742 102.204 94.095 87.608 89.764 86.444 100.289 88.731 88.652 88.975 90.691 94.87 95.52 102.481 102.971 102.971 102.818 95.767 87.756 74.928 68.56 70.312 70.71 80.12 50.7 50.7 64.986 60.68 59.788 58.311 61.201 70.7 61.199 61.659 59.384 58.492 58.092 65.346 65.346 71.462 58.214 60.673 62.671 57.2 58.829 61.78 50.7 50.7 50.7 50.7 50.7 50.7 49.863 50.576 50.7 50.7 50.7 50.7 50.7 50.7 50.7 50.7 50.7 50.7 50.7 50.7 50.7 50.7 50.7 50.7 50.111
