Appendix_Data/App6_Higher_Taxa/SA_ASCII/smdwin.asc
NCOLS 472
NROWS 227
XLLCORNER 17.83333
YLLCORNER -34.83333
CELLSIZE 0.01666667
NODATA_VALUE -9999
[rows 132 to 164 of 227, columns 380 to 455 of 472]
19.047 18.032 17.386 17.632 17.571 17.509 17.048 17.048 17.017 17.786 18.063 18.094 18.187 16.925 16.956 16.618 18.65 19.421 20.439 20.441 20.317 20.871 21.549 20.04 19.085 18.376 18.13 17.976 18.038 17.761 17.792 17.823 18.87 19.271 19.457 19.519 19.612 19.798 19.644 19.954 20.169 20.476 20.29 20.474 21.09 21.09 22.198 22.937 23.428 23.057 19.421 19.082 19.142 18.433 18.278 22.984 23.413 23.688 23.226 25.04 24.947 23.963 24.24 25.561 25.345 25.561 25.561 26.329 21.686 27.342 28.787 25.866 23.622 21.993 21.993 22.177
19.97 19.324 19.478 17.816 18.032 18.371 17.54 17.048 16.924 17.078 17.109 18.309 18.771 18.495 16.956 16.895 16.957 16.896 17.297 19.362 19.701 19.916 19.855 20.902 19.67 19.978 19.978 20.687 19.424 20.225 18.777 18.346 18.161 18.501 18.563 18.44 18.595 18.842 19.583 20.572 20.416 20.444 20.258 20.381 20.472 20.472 20.718 20.655 20.963 21.332 22.5 23.207 19.789 19.849 18.771 19.94 19.661 18.676 18.83 19.752 19.229 21.75 23.134 24.179 22.856 24.117 25.131 26.237 25.868 27.497 27.926 27.004 21.747 22.178 22.208 22.669
19.909 19.263 19.201 18.986 18.955 19.14 18.893 19.232 19.016 19.508 18.216 17.601 17.325 17.264 17.11 17.234 18.343 17.544 17.544 18.191 17.976 17.792 17.73 17.822 17.976 18.038 19.27 19.393 20.04 20.656 21.519 18.623 18.869 18.654 19.733 19.549 19.303 19.304 19.553 20.669 19.675 19.334 19.208 19.454 20.594 20.594 21.241 21.917 22.163 21.546 21.33 22.129 22.282 22.435 23.48 24.863 24.985 20.492 19.507 20.768 20.675 19.814 19.967 21.073 20.889 20.366 24.916 26.238 26.237 26.298 28.05 30.295 25.99 29.433 29.586 28.756
18.924 18.401 19.232 19.078 18.77 18.555 19.201 19.293 18.554 18.4 17.908 18.924 19.909 20.803 21.173 19.82 20.314 19.268 17.267 18.068 18.5 18.069 18.715 22.258 22.258 20.964 20.656 19.793 20.255 20.532 21.272 21.149 20.194 19.701 20.102 21.828 21.459 22.539 21.77 20.199 19.056 18.591 18.311 19.42 19.915 19.915 20.223 20.315 20.346 20.9 21.237 21.575 22.621 22.312 22.465 22.772 23.048 22.739 23.661 25.075 24.305 22.89 24.057 21.474 21.289 21.196 21.073 21.534 23.501 24.854 26.329 28.328 25.284 27.036 28.296 29.279
18.063 18.063 18.555 18.094 18.094 18.186 18.678 18.432 18.339 18.061 18.489 19.015 19.509 19.787 20.281 20.744 21.084 22.163 21.148 20.348 21.118 20.657 20.226 20.688 20.318 20.194 19.947 19.331 19.7 20.039 19.761 20.593 20.932 20.532 20.04 20.717 21.242 20.78 20.75 21.304 21.733 19.911 17.625 19.171 20.468 20.468 21.67 20.746 20.53 20.314 19.606 19.667 22.375 22.929 23.636 23.05 23.049 22.925 22.739 22.646 20.215 20.399 20.614 17.476 21.812 21.474 22.088 21.78 22.364 21.841 21.626 26.515 25.9 22.64 28.236 27.989
18.001 18.094 18.094 18.125 18.125 18.094 18.063 18.063 18.093 18.677 18.4 17.293 19.048 19.141 19.666 20.436 20.345 19.915 19.731 19.947 20.071 20.565 20.627 21.613 21.643 22.196 20.379 19.7 19.484 19.453 19.484 19.33 19.607 19.854 20.008 20.131 20.378 20.224 20.809 20.531 20.006 19.45 19.109 19.633 21.73 21.73 23.366 23.025 23.547 23.269 22.746 22.9 22.099 21.021 20.651 20.62 21.635 22.68 17.017 20.432 20.985 20.769 21.076 23.751 24.458 25.226 26.117 25.655 22.611 22.979 23.717 22.887 22.641 23.563 23.624 28.881
17.847 17.632 18.001 18.248 17.94 18.094 18.125 18.094 17.755 18.524 18.094 17.233 17.602 17.295 19.204 19.544 20.007 20.254 19.824 20.257 19.703 20.381 20.196 20.011 20.226 20.102 19.947 19.546 19.73 20.839 19.884 19.514 19.083 19.853 19.575 19.391 19.268 19.915 20.222 20.283 20.066 19.973 19.972 19.696 20.652 20.652 21.361 21.699 21.976 22.099 22.407 22.653 21.453 21.268 17.296 18.127 21.636 22.589 22.987 23.017 23.446 23.723 24.736 24.428 24.981 24.673 24.303 25.041 27.623 25.317 25.624 26.855 29.376 29.5 28.577 30.081
18.432 18.309 18.125 17.786 17.786 17.725 17.694 18.002 17.971 18.894 17.448 18.402 17.634 17.757 17.819 18.435 19.299 19.084 18.377 18.655 19.334 20.137 20.136 21.799 20.935 21.981 21.549 20.254 19.792 19.575 19.729 19.637 19.113 19.575 19.236 19.082 19.205 19.944 19.852 19.851 19.881 19.88 20.034 19.849 20.343 20.343 20.621 20.59 21.051 21.513 22.869 22.992 21.73 18.436 17.358 17.358 21.637 21.821 22.065 21.294 23.662 23.046 24.183 25.013 25.658 24.888 24.58 25.349 25.902 25.717 25.01 27.624 28.516 30.532 30.902 30.685
18.34 18.31 18.586 17.971 18.002 18.125 18.156 17.971 18.033 17.848 17.602 17.695 17.818 17.357 17.727 17.697 18.282 19.269 18.377 18.471 19.336 19.585 19.675 19.52 19.702 19.947 19.577 19.699 19.298 19.667 19.882 19.513 19.266 19.728 19.235 19.266 19.974 20.158 20.035 20.127 20.281 20.373 21.08 21.049 20.619 20.619 20.65 20.589 20.651 21.174 22.068 21.022 21.084 17.451 17.482 17.39 17.482 17.543 19.912 21.941 22.586 22.308 23.168 23.413 24.643 23.75 24.488 23.749 24.088 23.534 28.715 29.362 29.116 29.517 29.98 29.824
18.31 18.74 18.648 18.218 18.218 18.218 18.249 18.094 18.125 17.941 17.972 18.033 18.003 17.942 17.85 17.574 18.221 19.238 19.578 18.286 18.598 19.068 18.783 18.934 19.21 19.454 19.269 18.929 18.836 19.327 19.42 19.081 19.234 19.881 19.85 19.358 20.158 20.096 20.804 21.45 21.141 20.803 21.141 22.341 21.48 21.48 21.388 20.865 20.588 21.204 20.405 20.098 19.945 17.544 17.422 17.423 17.545 17.636 17.727 17.941 18.094 18.278 18.462 18.615 24.151 22.736 22.981 22.335 26.713 26.898 27.083 27.176 27.423 28.317 28.476 28.716
18.463 18.802 18.433 18.464 18.464 18.464 18.372 18.372 18.311 18.249 18.218 18.218 18.157 18.065 18.096 18.066 18.036 18.961 18.438 18.131 18.164 18.196 18.472 18.286 17.761 17.914 18.128 18.281 18.404 18.68 18.772 19.511 19.788 20.003 20.126 20.25 20.311 20.711 21.018 21.141 21.141 20.771 21.663 21.786 21.94 21.94 21.356 21.203 20.864 21.327 20.958 20.652 20.13 19.793 20.136 19.277 19.828 17.761 17.912 18.064 18.187 18.401 18.554 18.707 21.568 21.751 26.683 26.867 27.514 27.298 26.99 27.945 28.284 28.501 28.748 29.764
18.802 18.864 18.679 18.987 18.864 18.803 18.68 18.68 18.557 18.434 18.373 18.434 18.834 18.896 18.558 18.343 18.097 18.528 18.468 18.346 18.347 18.132 18.378 17.884 17.513 17.636 17.974 18.219 18.434 18.464 18.739 19.294 20.064 20.157 20.464 20.403 20.68 20.741 20.894 21.171 21.417 22.494 21.355 21.754 20.862 20.862 20.893 20.893 21.479 21.51 21.172 20.897 20.776 20.04 19.954 18.086 19.43 17.822 18.066 18.249 18.402 18.585 18.769 18.892 26.529 26.652 26.713 26.621 27.729 27.821 27.267 27.606 28.284 28.745 -9999 -9999
18.833 19.203 18.772 19.11 19.419 19.388 19.234 19.018 19.049 20.435 20.404 19.911 20.62 22.374 22.098 20.313 19.667 20.283 21.547 20.654 18.807 19.054 19.023 17.667 17.142 18.466 19.389 19.573 19.695 19.94 19.54 20.064 20.187 20.556 20.556 21.048 20.771 20.986 21.233 21.14 21.355 21.447 21.539 21.292 21.968 21.968 21.292 21.016 26.346 26.654 26.007 24.283 27.149 21.423 20.01 18.195 20.257 18.098 18.28 18.433 18.617 18.8 24.744 24.866 26.683 26.898 26.99 27.021 27.144 28.129 27.944 28.16 27.851 29.175 -9999 -9999
19.357 19.11 19.326 19.265 19.419 20.065 21.389 20.989 19.973 19.911 19.85 19.819 25.762 25.732 19.974 25.362 25.27 20.591 20.745 20.222 19.637 20.284 18.806 18.312 15.263 17.695 18.803 19.172 19.541 19.633 19.755 20.555 20.801 20.955 21.079 20.955 21.201 21.417 21.386 21.631 21.847 21.569 21.63 21.938 26.374 26.374 26.16 26.099 26.438 26.345 26.468 24.466 27.393 26.532 24.253 24.284 24.376 24.468 24.56 24.683 24.744 24.836 24.897 25.02 27.021 27.175 27.329 27.421 27.482 28.282 28.159 28.128 27.912 28.22 -9999 -9999
21.511 21.572 21.819 21.543 28.474 27.365 26.132 25.824 24.961 24.961 24.961 24.961 24.961 24.899 24.899 24.899 25.239 25.239 24.746 24.962 25.178 19.389 19.081 18.927 17.818 18.956 19.941 20.126 21.11 20.617 20.063 25.884 25.822 26.315 26.069 26.007 26.469 26.377 26.315 26.192 26.469 26.623 26.961 27.146 26.868 26.868 21.723 26.315 26.776 26.99 26.559 26.682 28.037 26.375 26.284 26.315 26.007 26.1 26.192 26.191 26.376 26.929 27.083 26.867 27.452 27.421 27.605 27.636 27.697 27.912 27.789 28.22 28.096 28.281 -9999 -9999
21.479 26.624 25.854 26.563 25.978 26.133 26.071 25.978 26.286 25.793 25.824 25.546 25.762 26.317 26.409 26.101 26.07 26.502 26.132 26.595 26.595 26.471 26.471 21.296 21.85 20.495 21.11 24.187 27.609 28.071 27.331 27.578 29.395 27.639 29.025 27.023 28.656 27.824 28.378 27.146 26.068 26.13 25.883 25.852 26.13 26.13 22.434 20.374 25.483 27.82 29.202 29.142 27.974 26.835 25.818 26.005 26.314 26.345 26.314 26.283 26.375 26.436 26.19 26.497 26.774 27.174 28.928 29.113 27.358 27.173 27.481 27.296 27.727 27.88 -9999 -9999
29.179 31.397 28.071 28.411 28.136 27.43 26.01 27.92 27.703 26.193 26.162 25.854 26.286 26.286 26.748 26.317 26.193 26.224 26.81 26.81 27.364 27.703 27.857 27.641 28.873 27.178 27.147 27.825 30.412 28.594 27.27 27.239 29.795 26.161 29.425 26.068 29.117 29.148 28.501 28.686 28.47 28.1 26.93 26.438 26.316 26.316 19.697 18.103 25.483 28.403 32.085 28.462 27.726 27.265 26.527 26.497 26.652 26.621 26.683 26.744 26.559 26.374 26.651 27.267 27.974 28.221 27.943 27.974 28.035 28.866 28.989 28.188 28.526 28.741 -9999 -9999
30.378 33.398 36.079 29.273 29.921 27.334 29.861 27.95 27.333 27.333 27.086 27.179 26.1 26.778 27.025 26.932 28.781 28.072 26.594 26.994 30.907 32.971 32.293 32.323 29.643 31.183 31.306 32.106 34.416 31.551 32.074 27.885 34.199 25.914 31.088 28.039 28.655 28.624 29.024 28.1 28.47 26.16 26.129 28.1 27.947 27.947 27.517 27.087 26.745 28.373 30.77 30.402 28.896 28.65 27.542 28.221 28.005 27.913 27.852 27.452 26.897 26.99 26.928 26.835 27.143 27.543 27.758 27.819 28.096 28.342 28.526 28.649 28.895 29.018 -9999 -9999
30.099 29.639 31.457 33.461 42.365 40.611 32.817 29.089 27.363 27.579 27.363 27.579 25.977 26.193 25.885 26.47 27.764 26.162 27.086 29.551 31.153 31.923 34.88 30.998 29.242 29.611 31.829 29.58 32.259 33.214 29.333 32.905 34.198 33.921 37.893 29.609 36.383 31.918 31.179 30.655 28.408 27.884 28.1 30.686 28.439 28.439 26.653 28.008 29.33 30.59 29.48 27.695 29.327 29.081 29.266 29.082 29.082 29.144 28.836 29.329 28.59 29.267 28.713 27.266 29.051 28.804 28.373 28.25 28.896 28.68 28.772 28.803 28.895 29.171 -9999 -9999
27.974 29.699 30.809 30.841 32.167 31.367 34.355 34.91 37.467 30.69 29.519 27.548 29.766 27.979 27.055 28.657 31.522 28.195 32.138 33.555 29.55 31.553 34.91 33.092 29.426 30.104 30.134 30.442 30.288 29.702 31.581 31.396 31.026 30.779 34.289 42.85 38.661 34.412 33.303 37.614 33.272 32.872 36.351 38.661 34.997 34.997 34.597 38.783 37.735 39.148 30.128 29.973 30.343 30.959 30.005 28.989 28.343 28.374 28.682 29.267 27.42 29.821 30.128 29.728 29.635 29.266 29.142 30.435 30.896 30.403 30.895 31.633 30.925 30.678 -9999 -9999
26.742 28.283 30.1 29.608 30.441 31.55 32.228 29.98 31.336 30.966 35.556 36.296 32.6 33.123 30.566 32.014 36.45 32.045 34.509 36.203 41.379 44.582 39.561 34.047 32.814 39.128 33.306 38.696 32.197 32.566 29.27 29.455 30.933 26.929 34.042 33.395 35.551 34.072 29.638 31.455 31.301 29.854 29.792 34.01 30.747 30.747 32.255 31.947 28.436 35.208 32.837 31.113 33.544 36.838 36.715 33.791 28.497 29.359 31.883 30.59 28.866 31.821 30.343 30.958 29.235 28.465 28.68 30.773 31.019 31.141 30.156 30.617 31.109 31.385 -9999 -9999
28.497 28.713 28.806 27.206 28.777 29.024 32.781 29.61 30.226 31.674 31.551 30.104 35.987 31.059 31.12 35.156 35.125 31.983 34.601 33.03 34.385 35.094 44.211 36.88 37.711 38.912 38.604 39.773 30.749 29.979 30.163 30.717 31.887 28.869 31.917 29.792 29.299 31.208 29.915 31.208 35.025 32.593 35.272 32.285 34.871 34.871 34.563 32.069 30.129 37.209 32.991 30.62 31.082 33.298 31.667 35.053 31.329 32.19 34.498 32.467 32.805 32.651 31.574 33.359 30.404 28.526 29.326 32.28 31.326 31.541 31.91 32.063 31.539 29.97 -9999 -9999
26.958 30.406 28.898 30.069 29.361 28.808 28.592 28.562 28.963 30.226 29.98 31.428 33.985 34.293 31.89 35.032 33.214 32.598 34.015 39.128 37.711 36.695 43.009 43.378 38.604 40.913 36.385 41.066 38.694 35.768 34.289 34.011 37.182 33.518 31.978 32.316 29.268 29.33 31.7 29.514 32.346 28.806 29.422 30.345 30.283 30.283 33.146 33.238 33.176 34.284 30.682 29.666 31.205 30.959 31.974 33.39 31.39 32.559 32.713 32.189 33.174 39.514 35.451 34.866 35.573 34.404 36.065 36.742 36.68 38.834 37.571 35.878 35.262 30.677 -9999 -9999
27.573 31.021 30.776 28.775 29.33 30.962 29.423 28.315 27.915 29.424 28.901 29.733 31.705 30.966 29.826 30.38 31.396 32.998 33.645 33.46 34.107 36.047 36.417 37.31 38.973 37.34 35.338 35.091 33.797 31.826 34.72 33.426 32.655 33.671 30.715 31.515 33.208 35.609 31.607 30.868 29.514 30.837 30.006 29.236 29.02 29.02 29.02 31.052 30.251 33.607 34.56 29.143 30.19 30.836 29.758 31.02 30.681 33.698 33.02 34.374 34.374 35.666 37.574 35.542 33.018 34.311 35.049 33.633 32.556 34.587 35.51 33.294 31.724 31.292 -9999 -9999
26.188 27.173 31.791 28.928 28.375 33.363 28.899 29.146 30.963 31.425 29.301 29.086 27.486 28.594 29.795 29.979 30.318 31.365 35.461 37.094 33.028 31.827 32.474 33.429 32.721 32.997 33.582 32.319 33.365 32.872 31.825 31.732 32.563 35.056 34.254 35.147 34.315 34.038 31.791 32.591 35.115 38.163 33.483 35.638 31.975 31.975 30.713 30.251 30.097 32.344 32.067 32.96 33.883 36.376 33.082 30.651 30.558 30.804 33.142 33.727 32.619 34.25 38.188 38.064 35.356 36.925 38.125 35.233 33.51 34.187 36.802 33.11 33.047 32.431 -9999 -9999
27.788 29.451 32.868 29.359 34.439 28.652 28.252 30.685 32.163 34.381 30.994 29.917 29.795 30.102 30.718 31.457 30.964 33.305 33.212 31.395 34.722 37.647 33.798 33.398 34.846 33.12 32.35 33.304 34.227 34.134 35.026 33.948 36.595 34.808 35.762 35.053 35.268 37.023 34.099 33.545 33.607 35.576 31.636 32.559 29.389 29.389 33.452 32.313 32.036 30.866 31.02 31.482 31.482 34.375 34.806 37.083 33.605 33.574 32.435 31.911 32.649 32.218 32.402 31.91 33.786 35.048 35.847 34.401 34.986 34.894 34.956 35.971 36.587 35.201 -9999 -9999
33.266 36.868 31.02 28.743 29.298 28.159 30.468 29.73 29.484 30.038 34.072 34.535 33.95 30.871 34.289 35.336 33.427 31.518 31.456 32.042 32.935 34.228 33.181 38.14 34.568 34.444 32.657 37.892 37.799 39.091 39.675 38.689 37.241 37.055 37.023 35.298 37.421 39.606 36.037 34.838 36.962 35.76 33.728 36.313 33.728 33.728 34.682 38.56 34.59 33.021 32.159 32.59 32.99 33.298 34.806 36.806 38.067 33.881 34.65 34.68 33.418 33.017 32.248 32.463 33.078 32.339 33.385 34.923 36.77 36.833 36.526 36.095 38.127 35.449 -9999 -9999
31.081 33.605 36.529 33.729 28.743 31.083 31.453 31.484 34.193 31.762 31.577 31.516 30.901 30.963 30.778 31.24 31.64 31.949 32.688 33.396 33.026 33.088 33.212 33.119 34.012 34.997 33.796 39.8 38.783 36.72 37.766 35.672 35.978 32.714 34.066 36.835 37.849 39.911 37.882 36.471 38.164 35.605 35.265 38.558 36.127 36.127 39.236 37.144 33.051 34.59 33.513 33.206 33.791 33.791 34.652 33.79 36.929 37.697 41.358 41.449 35.017 34.832 33.355 33.847 32.831 33.292 31.846 33.997 32.985 34.74 38.25 38.097 36.344 36.529 -9999 -9999
31.081 33.605 36.529 33.729 28.743 31.083 31.453 31.484 34.193 31.762 31.577 31.516 30.901 30.963 30.778 31.24 31.64 31.949 32.688 33.396 33.026 33.088 33.212 33.119 34.012 34.997 33.796 39.8 38.783 36.72 37.766 35.672 35.978 32.714 34.066 36.835 37.849 39.911 37.882 36.471 38.164 35.605 35.265 38.558 36.127 36.127 39.236 37.144 33.051 34.59 33.513 33.206 33.791 33.791 34.652 33.79 36.929 37.697 41.358 41.449 35.017 34.832 33.355 33.847 32.831 33.292 31.846 33.997 32.985 34.74 38.25 38.097 36.344 36.529 -9999 -9999
32.987 38.312 33.573 34.097 34.128 38.038 34.96 32.129 33.422 32.93 32.777 34.07 32.223 33.516 33.363 32.255 32.039 32.471 32.255 41.647 34.534 33.303 35.181 36.998 33.857 32.102 31.486 32.101 31.3 32.316 36.071 33.392 32.898 32.65 31.264 31.693 32.613 33.779 34.39 36.731 36.765 39.105 40.337 35.231 39.633 39.633 38.065 40.097 38.805 36.528 41.27 40.902 36.255 36.655 35.177 35.422 36.59 36.958 36.71 38.031 37.969 39.814 36.491 36.091 35.722 35.937 36.706 35.815 33.847 31.325 32.927 34.499 33.149 33.893 -9999 -9999
37.264 38.157 36.096 35.758 40.129 37.852 36.837 34.375 35.453 34.992 32.991 34.715 35.794 36.933 37.118 34.348 36.811 34.656 35.826 34.472 33.61 34.995 37.12 38.752 34.995 34.195 35.026 36.288 35.518 35.579 33.669 32.837 34.898 34.312 33.786 32.522 33.134 31.868 30.442 34.326 36.915 39.44 39.473 37.721 37.663 37.663 39.48 39.666 39.697 37.08 38.715 43.089 37.488 36.749 36.748 39.086 38.006 37.173 37.048 36.738 36.183 37.905 37.074 37.659 42.334 41.381 42.304 37.568 35.231 33.233 33.173 32.129 30.748 32.913 -9999 -9999
34.002 36.772 34.465 34.742 37.143 40.467 41.114 34.744 40.715 37.176 40.07 33.576 34.777 36.132 37.148 37.025 41.551 34.009 35.764 36.072 36.442 34.718 34.841 35.58 36.319 35.857 37.088 37.396 36.379 36.994 37.178 36.161 36.405 34.926 35.878 35.383 35.288 34.73 32.174 33.621 36.299 39.007 40.824 36.705 35.232 35.232 39.51 37.05 37.913 42.469 46.473 46.17 45.435 49.592 41.339 41.027 39.022 40.865 38.708 38.183 37.904 39.994 38.333 37.903 38.672 40.58 43.011 39.813 37.784 34.863 35.234 33.297 32.9 30.1 -9999 -9999
33.878 34.125 33.818 33.049 35.634 34.681 36.528 34.528 34.774 37.206 36.468 34.006 34.13 34.53 36.87 37.548 42.074 36.256 33.824 37.396 37.396 40.844 36.657 36.965 35.949 35.087 38.873 37.857 38.133 37.425 38.224 37.176 36.221 36.096 37.663 37.783 38.149 37.531 34.669 34.054 34.547 31.718 38.761 35.257 34.093 34.093 38.002 36.681 41.238 42.471 43.737 43.804 45.598 49.536 43.962 44.353 44.008 40.31 40.091 40.949 41.837 40.699 41.253 37.932 35.411 38.026 41.687 37.105 37.567 35.569 36.186 35.388 34.681 33.728 -9999 -9999
