Appendix_Data/App6_Higher_Taxa/SA_ASCII/smdwin.asc
NCOLS 472
NROWS 227
XLLCORNER 17.83333
YLLCORNER -34.83333
CELLSIZE 0.01666667
NODATA_VALUE -9999
[rows 132 to 164 of 227, columns 152 to 227 of 472]
50.7 50.7 50.7 50.7 50.7 50.7 50.7 50.7 50.328 49.305 50.7 50.235 49.398 50.7 50.545 50.607 48.592 50.7 50.7 50.7 48.189 42.234 36.374 36.865 31.925 30.421 35.696 27.874 36.553 33.149 32.811 31.738 28.058 26.401 27.566 27.38 27.258 26.494 29.041 27.817 26.625 26.993 31.601 31.543 28.075 25.865 27.218 28.171 24.923 26.452 26.421 27.772 29.953 26.206 24.646 25.63 25.507 24.984 25.199 25.414 24.645 25.045 25.598 25.69 25.905 27.534 28.733 29.04 24.951 24.951 24.183 24.674 23.66 24.213 23.783 23.936
50.7 50.7 50.7 50.7 50.7 50.7 50.7 50.7 50.7 50.7 50.7 50.7 50.7 50.7 50.7 50.7 50.7 45.306 45.306 45.182 43.248 40.856 35.118 38.001 40.424 36.774 34.226 38.918 39.53 37.844 36.954 31.831 30.848 27.566 35.813 36.544 26.607 32.591 28.426 31.989 31.349 30.033 29.083 28.594 29.763 31.484 26.583 25.999 28.09 33.331 30.875 32.318 33.7 31.366 25.692 25.876 25.63 25.845 25.753 26.368 25.414 27.013 27.351 37.534 28.935 33.663 30.316 33.446 30.115 30.115 30.422 29.161 27.133 25.811 24.981 24.274
50.7 50.7 50.7 50.7 50.7 50.7 50.421 48.344 50.7 50.7 50.7 50.235 47.848 49.615 50.018 47.538 49.057 47.073 47.073 47.321 42.789 47.011 48.22 48.747 47.6 48.344 39.536 48.065 42.971 40.914 42.723 37.2 35.849 37.105 37.743 37.089 27.604 28.111 34.989 37.972 35.124 31.69 32.184 26.889 27.873 28.981 28.582 29.351 45.094 47.761 48.84 44.328 31.765 41.349 36.373 35.636 41.256 30.458 39.104 30.75 27.249 28.17 32.008 39.316 34.617 31.729 36.672 26.827 26.304 26.304 26.058 26.119 25.842 24.459 24.305 24.827
49.987 50.607 50.7 50.7 50.7 50.7 50.638 46.174 50.452 50.7 50.7 50.7 47.693 50.7 50.7 50.7 50.7 50.7 50.7 50.7 50.7 50.7 50.7 50.7 48.22 45.123 45.368 48.468 50.421 50.359 46.484 39.995 33.49 41.769 47.848 49.212 47.817 37.162 40.176 33.433 30.093 29.42 26.322 26.109 26.355 31.853 39.748 40.087 32.932 34.869 36.404 37.449 39.844 40.951 35.268 32.165 33.578 34.223 41.041 43.927 38.337 39.226 36.892 45.059 43.001 39.806 25.721 25.383 24.798 24.798 24.767 25.75 25.535 25.258 24.213 25.872
50.7 50.7 50.7 50.7 50.7 50.7 50.7 46.143 50.7 50.7 50.7 49.243 42.32 47.104 50.7 48.065 46.856 48.747 48.747 49.615 49.15 46.794 48.623 45.124 42.639 45.124 50.7 49.584 35.49 44.235 48.22 41.502 41.009 39.197 42.477 33.242 28.886 30.974 27.695 25.059 31.568 29.728 28.963 34.4 31.362 33.973 40.793 31.918 44.206 34.962 30.999 44.853 49.429 49.863 49.925 45.559 36.097 38.001 37.755 38.86 37.201 30.29 28.263 30.565 28.077 26.879 25.567 26.059 24.46 24.46 25.966 27.779 29.069 30.267 27.071 25.719
50.7 50.7 50.7 50.7 50.7 50.7 50.7 48.003 49.584 50.7 50.7 46.577 41.004 47.166 50.7 47.011 41.99 47.755 47.755 42.087 42.885 41.046 46.205 43.225 42.827 38.531 38.623 31.626 39.574 48.654 37.855 41.965 36.626 35.49 35.979 34.965 43.494 41.288 38.929 41.389 34.547 35.133 40.816 41.401 43.125 43.373 43.345 37.786 37.142 41.812 49.336 41.998 40.308 48.748 44.117 34.932 29.863 28.573 28.757 31.612 32.688 30.936 28.233 29.829 30.35 28.089 29.934 30.978 35.689 35.689 42.257 44.527 38.998 37.523 42.495 45.777
50.7 50.7 50.7 50.7 50.7 50.7 50.7 48.592 50.7 50.7 50.7 50.7 50.7 50.142 47.321 47.507 40.856 45.493 45.493 40.216 37.487 35.492 33.683 38.993 44.149 45.837 30.923 32.671 37.674 32.241 29.203 35.218 39.146 31.136 29.355 32.27 41.509 43.197 42.464 46.12 43.699 42.443 38.362 34.588 32.746 34.56 29.524 36.313 34.686 33.366 39.265 32.199 39.203 41.23 44.549 32.659 36.13 32.013 35.884 37.173 38.001 36.956 41.38 41.256 40.855 34.65 35.786 42.847 38.422 38.422 37.469 36.085 35.561 31.171 35.589 42.003
50.7 50.7 50.514 50.7 50.7 50.7 50.7 48.499 50.7 50.7 50.7 48.654 46.205 47.29 38.462 37.972 40.305 49.522 49.522 50.7 46.391 37.95 31.812 31.905 34.453 34.577 37.769 39.704 40.747 39.888 35.837 33.902 28.406 26.534 32.613 36.387 40.47 34.21 33.966 33.078 36.396 34.77 34.466 29.03 30.383 32.258 27.652 33.703 35.025 31.001 32.507 33.951 32.876 32.507 34.105 36.5 47.958 40.063 47.497 49.181 49.212 45.313 35.452 48.72 49.77 44.602 34.652 32.438 34.34 34.34 36.947 33.784 35.869 36.358 26.718 29.818
50.7 48.747 47.445 47.011 46.422 46.205 46.05 46.484 46.794 49.46 48.158 48.871 48.251 48.933 50.7 50.7 50.7 50.7 50.7 48.995 43.628 38.841 44.153 36.911 37.618 34.856 31.388 32.892 39.124 37.283 33.076 29.269 29.453 39.062 35.164 31.357 38.634 31.942 27.953 28.567 31.608 32.837 36.034 38.492 29.493 33.764 39.633 40.556 41.724 45.32 46.303 48.666 46.948 49.677 50.669 50.111 50.7 38.365 34.735 39.01 31.72 27.199 35.687 37.501 50.7 50.7 49.708 43.281 39.469 39.469 50.7 43.639 32.143 30.236 31.188 27.347
50.7 50.7 50.7 50.7 50.7 48.096 47.321 39.53 43.857 41.926 47.972 39.381 44.689 50.7 50.7 50.7 50.7 50.514 50.514 49.243 44.55 42.526 31.171 31.909 33.016 37.653 39.864 29.517 32.772 32.066 31.574 33.386 39.711 42.995 36.488 26.662 42.846 45.796 38.703 40.056 43.221 42.178 46.418 48.108 47.803 47.652 50.7 50.7 49.615 50.7 38.09 36.337 38.736 36.275 35.044 40.088 33.998 35.105 32.552 35.965 32.705 31.351 36.272 33.842 34.795 50.7 50.7 50.7 38.727 38.727 37.311 35.772 34.602 32.725 29.219 29.836
50.7 50.7 50.7 50.7 50.7 50.7 50.7 50.7 50.607 50.7 48.313 45.709 45.43 50.359 50.7 50.7 50.7 50.7 50.7 50.173 49.367 40.442 31.388 32.71 36.949 31.884 39.469 34.801 29.55 45.088 48.995 48.995 50.576 50.7 49.305 33.851 33.729 50.7 50.7 50.7 50.7 36.795 37.78 37.627 36.335 35.69 38.152 34.983 39.075 37.506 36.522 35.999 40.029 36.737 37.413 39.874 33.998 38.55 36.366 34.336 36.673 33.966 32.828 37.072 37.564 37.41 34.395 35.409 33.501 33.501 32.638 32.176 33.097 31.559 29.068 30.667
50.7 50.7 50.7 50.7 50.7 50.7 50.7 50.7 50.7 50.7 50.7 47.166 38.311 42.391 49.057 50.173 50.7 41.296 41.296 49.305 42.867 39.77 34.369 36.398 36.768 38.98 38.152 45.156 38.061 46.567 44.264 49.584 49.522 50.483 50.7 45.956 50.235 50.328 48.296 50.607 33.967 35.659 33.352 32.183 33.63 35.937 34.892 34.338 38.584 37.046 34 37.507 37.815 36.799 37.075 38.121 34.891 37.782 33.383 32.429 33.352 29.168 31.321 34.858 33.997 34.242 34.704 33.042 34.055 34.055 34.915 31.716 30.27 29.808 28.394 28.793
50.7 50.7 50.7 50.7 50.7 50.7 50.7 50.7 50.7 49.057 46.887 42.207 40.274 39.14 42.025 46.701 46.205 40.099 40.099 37.924 37.436 34.216 36.4 40.794 42.24 43.562 50.142 45.716 39.877 45.16 41.903 40.459 46.356 48.629 46.848 36.314 34.595 38.47 48.15 50.545 50.7 50.7 46.429 50.7 33.538 35.015 33.539 31.724 34.832 34.093 34.616 36.124 34.217 35.415 37.322 34.399 34.337 32.491 31.445 31.507 32.245 33.229 33.752 29.507 30.368 32.706 31.752 30.399 28.859 28.859 28.581 32.086 28.734 24.86 25.013 25.413
50.7 50.7 50.7 50.7 50.7 50.7 50.7 48.003 47.197 48.592 50.7 50.7 50.7 50.7 49.057 44.727 45.834 42.433 42.433 47.538 50.7 50.7 36.004 50.7 50.7 50.421 39.392 35.737 49.528 40.893 42.12 38.802 38.526 35.946 33.273 34.012 36.411 27.258 30.031 30.086 34.048 38.227 45.048 45.663 47.969 49.565 32.34 30.033 31.633 29.232 30.524 31.816 29.324 34 34.645 31.138 31.969 33.568 30.276 29.446 28.738 29.907 30.645 29.415 27.477 27.323 27.015 28.03 28.583 28.583 29.597 28.489 30.241 27.842 26.305 26.213
50.7 50.7 50.7 50.7 50.7 50.669 50.7 50.7 50.7 50.7 50.7 50.7 50.7 50.7 50.7 50.7 50.7 50.7 50.7 50.7 50.7 50.7 36.962 50.7 39.427 33.126 33.957 32.827 37.828 34.721 31.156 29.741 30.817 32.414 32.63 27.469 31.127 31.99 30.117 33.129 32.021 33.281 30.208 37.306 43.331 45.699 39.402 28.649 29.295 27.94 27.355 27.509 28.985 32.245 29.384 29.785 28.585 28.369 30.338 26.831 26.77 27.2 26.893 27.108 28.677 31.014 30.122 27.015 28.152 28.152 27.721 27.782 25.906 26.337 28.028 29.134
34.288 29.043 41.591 46.732 37.572 48.654 50.7 50.7 50.7 50.7 50.7 50.7 50.7 50.7 50.7 50.7 50.7 50.7 50.7 50.7 50.7 50.7 48.425 30.781 32.856 45.141 39.794 44.221 39.117 36.349 31.34 35.549 37.607 42.339 39.175 33.585 39.27 43.329 32.759 33.527 33.742 31.528 32.358 33.189 35.403 37.771 42.941 43.997 27.88 28.925 28.586 29.355 29.724 30.585 26.924 27.262 27.354 26.062 26.432 27.908 28.923 28.4 28.554 29.754 30.799 32.245 32.46 28.984 26.369 26.369 26.338 28.214 28.367 27.137 25.537 26.029
38.001 41.744 44.535 39.72 41.133 43.159 50.7 50.7 50.7 50.7 50.7 50.7 50.7 50.7 50.7 50.7 50.7 50.7 50.7 50.7 50.7 40.455 50.669 46.436 45.539 43.015 39.267 31.833 28.115 41.234 35.027 44.859 47.871 49.069 48.885 41.881 42.529 43.759 28.394 27.934 29.592 28.702 35.186 33.773 31.468 32.484 35.19 34.517 34.391 28.125 28.124 28.493 28.678 27.908 26.616 27.354 27.57 28.954 28.524 40.255 46.215 34.969 42.158 29.723 33.445 34.214 35.69 33.875 31.167 31.167 31.751 33.258 31.935 32.949 31.104 30.734
45.182 47.321 49.894 45.585 44.14 44.479 29.967 50.483 50.7 50.7 50.7 50.7 50.7 50.7 50.7 50.7 50.7 48.189 48.189 47.321 46.432 44.844 39.813 35.086 38.524 36.648 40.337 32.413 40.034 32.261 44.521 49.007 50.359 50.607 50.7 50.7 50.7 47.384 33.034 32.542 33.034 30.33 33.988 33.864 32.604 33.189 34.296 33.682 33.651 35.771 36.355 40.164 38.782 27.047 27.17 27.478 35.463 37.46 37.921 35.707 39.64 28.946 26.555 28.831 30.461 29.938 30.615 31.261 33.998 33.998 32.582 33.997 35.749 32.581 31.32 33.718
46.205 46.608 46.019 43.958 30.673 30.305 35.889 33.098 36.597 33.65 37.18 44.054 40.648 34.265 46.391 49.46 31.313 41.748 41.748 39.456 26.569 33.725 38.488 37.66 30.011 25.768 26.665 36.282 39.97 50.607 50.7 50.7 50.7 50.7 50.7 50.7 50.7 50.7 50.7 45.94 44.558 41.577 34.141 37.06 36.936 33.064 37.489 38.227 36.382 32.418 36.444 35.246 32.666 31.805 33.527 34.079 31.313 32.083 31.836 34.849 28.456 27.349 45.295 35.093 37.859 30.369 27.385 28.523 31.414 31.414 31.322 31.629 34.212 34.95 33.351 31.874
37.204 33.125 37.452 35.981 36.81 36.566 27.023 40.986 39.636 34.389 35.034 35.218 35.771 31.351 39.115 34.203 29.905 35.401 35.401 29.635 28.594 33.939 27.001 32.653 33.88 31.822 31.948 31.337 37.79 49.742 48.484 50.7 50.7 50.7 50.7 50.7 50.7 50.7 50.7 46.341 48.4 40.747 40.224 32.542 31.926 30.881 32.969 33.645 31.802 29.989 33.279 33.279 35.892 39.088 38.32 39.15 38.69 38.721 40.381 36.324 37.522 34.571 35.8 35.339 37.952 27.816 25.016 25.201 25.447 25.447 30.861 30.306 30.245 29.045 31.106 30.306
34.69 28.463 34.416 35.798 28.587 29.723 29.663 38.502 34.236 36.508 37.552 40.774 42.034 38.382 37.983 38.717 32.334 33.962 33.962 30.804 36.086 34.768 40.421 41.467 39.471 39.779 37.755 36.927 33.919 36.225 41.664 50.7 50.7 50.7 50.7 50.7 50.7 50.7 49.966 48.954 48.278 44.036 39.425 33.341 34.046 33.643 31.335 34.024 32.134 32.907 35.029 37.336 43.544 43.484 46.865 46.434 45.913 41.98 45.052 46.804 44.253 43.639 29.016 28.955 28.832 30.308 30.923 29.908 29.846 29.846 27.231 28.154 27.539 28.83 27.477 29.015
38.925 34.447 32.392 31.196 29.756 36.353 36.139 40.867 41.635 38.965 37.461 41.974 42.036 40.132 38.996 34.055 31.845 30.864 30.864 27.767 34.276 37.625 42.694 40.178 35.787 38.092 35.514 34.256 41.6 35.58 40.005 30.85 36.351 40.654 43.912 45.696 43.575 44.928 38.291 35.064 33.895 33.68 39.21 34.477 31.311 34.105 30.569 29.4 32.228 34.413 35.921 38.38 44.713 50.7 36.462 33.601 34.339 32.709 32.278 32.278 32.678 33.386 31.047 33.57 28.986 28.063 30.462 31.477 32.123 32.123 30.585 28.954 28.093 28.277 28.646 28.738
39.235 40.218 40.158 34.912 37.828 33.162 35.773 38.351 37.155 36.296 38.353 39.306 33.258 31.111 31.111 38.969 37.159 32.401 32.401 37.071 30.378 38.517 39.071 33.423 41.378 41.442 36.621 37.574 30.848 29.282 30.912 31.988 38.349 30.483 31.098 37.031 31.069 38.353 35.341 32.083 33.62 32.728 34.11 35.155 38.687 38.379 37.516 29.619 31.618 33.585 34.385 32.573 42.901 49.386 50.7 35.847 36.74 37.14 39.632 41.725 39.017 38.771 41.109 40.955 30.771 33.447 34.616 35.662 31.385 31.385 31.477 31.016 30.369 28.462 28.4 28.831
44.178 45.099 38.964 36.57 36.387 39.427 33.933 38.537 34.487 39.122 34.702 36.484 38.787 32.033 31.021 31.88 38.174 34.768 34.768 31.269 33.665 30.657 28.846 28.14 30.66 27.497 26.454 26.394 30.418 34.291 39.639 35.523 38.596 42.777 33.957 34.327 30.208 35.281 32.637 30.916 31.714 32.637 32.298 32.451 34.048 38.103 34.692 31.495 31.588 33.494 36.63 30.423 44.684 50.7 50.7 50.7 37.602 37.94 40.987 35.94 35.079 34.125 32.863 40.125 32.77 32.586 36.955 41.509 27.478 27.478 27.94 28.493 31.97 30.801 29.816 30.616
47.755 44.827 44.521 38.322 41.699 37.924 40.442 35.47 34.856 33.66 33.2 33.508 42.32 37.655 30.93 35.966 34.493 31.884 31.884 27.586 30.381 32.163 39.106 30.782 37.695 44.332 33.612 34.628 39.482 36.196 45.386 42.038 42.684 41.21 41.765 42.135 45.178 36.45 36.572 34.083 36.11 34.143 29.472 33.005 31.007 33.158 38.873 32.267 35.124 40.933 35.31 34.635 39.185 43.211 48.283 50.7 50.7 38.587 39.572 39.264 41.818 40.187 37.233 39.756 32.771 33.325 38.125 36.74 37.755 37.755 36.432 33.57 29.355 28.617 30.801 29.57
47.29 46.949 46.18 43.296 45.139 46.764 48.251 49.677 43.331 41.675 36.272 38.453 35.722 35.169 40.636 28.629 29.397 40.638 40.638 37.046 35.02 37.447 43.898 36.159 38.926 36.192 36.778 43.199 35.551 38.871 41.146 42.53 41.119 44.04 35.866 34.267 45.763 45.027 42.66 40.262 32.608 36.696 37.494 37.033 35.496 36.202 38.291 34.542 35.649 40.105 36.634 43.242 41.305 41.245 40.078 47.733 50.7 50.7 37.665 38.588 37.788 38.065 38.649 38.557 42.403 37.079 36.864 38.71 38.71 38.71 39.448 40.555 38.278 36.494 34.524 35.293
50.39 48.096 45.478 46.764 46.949 40.568 50.39 49.336 48.561 49.584 43.121 41.956 48.685 43.65 32.808 41.928 40.853 38.827 38.827 38.92 37.509 44.665 40.614 36.13 39.234 41.416 36.564 37.272 37.704 35.153 29.807 45.451 44.47 44.963 45.395 45.089 46.011 39.865 33.809 32.179 33.654 37.587 43.059 41.367 41.245 37.802 32.914 34.083 38.355 38.694 43.581 40.877 40.477 41.584 41.431 42.231 45.705 50.7 50.7 50.7 38.096 40.65 42.404 42.158 44.958 39.788 42.28 37.664 42.618 42.618 40.956 38.74 39.325 38.402 33.294 35.478
50.483 49.46 48.654 44.713 48.003 33.723 47.507 42.382 38.575 41.863 35.937 36.644 34.745 32.385 39.077 46.934 44.08 39.567 39.567 43.068 42.671 38.709 42.304 38.988 44.611 44.644 42.74 38.656 39.671 39.611 42.654 32.176 33.191 32.794 43.03 41.311 31.966 45.554 34.025 33.963 37.62 36.975 37.496 36.389 35.314 35.897 37.711 36.451 34.699 43.121 42.414 44.29 38.88 39.035 38.052 41.065 43.462 49.426 50.22 50.068 50.7 37.327 40.959 41.943 42.589 43.912 41.85 40.157 40.249 40.249 39.08 39.726 40.064 38.094 36.402 37.725
50.483 49.46 48.654 44.713 48.003 33.723 47.507 42.382 38.575 41.863 35.937 36.644 34.745 32.385 39.077 46.934 44.08 39.567 39.567 43.068 42.671 38.709 42.304 38.988 44.611 44.644 42.74 38.656 39.671 39.611 42.654 32.176 33.191 32.794 43.03 41.311 31.966 45.554 34.025 33.963 37.62 36.975 37.496 36.389 35.314 35.897 37.711 36.451 34.699 43.121 42.414 44.29 38.88 39.035 38.052 41.065 43.462 49.426 50.22 50.068 50.7 37.327 40.959 41.943 42.589 43.912 41.85 40.157 40.249 40.249 39.08 39.726 40.064 38.094 36.402 37.725
49.181 49.212 50.204 49.925 50.7 50.7 50.7 50.7 41.281 50.7 50.607 50.7 50.545 50.7 48.933 50.359 50.266 46.142 46.142 49.398 50.7 50.7 50.7 50.7 50.7 50.7 50.7 44.066 50.7 50.7 46.161 48.677 37.711 32.303 46.69 35.412 28.221 32.553 33.627 35.872 30.03 37.469 44.784 46.998 43.154 42.417 44.323 41.894 44.6 39.896 46.383 45.185 43.464 49.366 43.588 41.006 38.147 38.762 39.653 39.653 39.254 42.359 49.55 50.7 50.7 50.7 37.82 35.604 50.7 50.7 50.369 50.67 50.7 32.741 31.941 49.879
50.7 50.7 50.7 50.7 50.7 50.7 50.7 50.297 39.562 43.83 47.634 34.097 41.378 50.7 50.7 50.7 50.7 50.7 50.7 50.7 50.7 50.607 50.7 50.7 50.142 50.7 50.7 50.7 50.7 50.7 50.7 50.7 44.414 37.161 49.417 39.378 44.33 39.932 37.686 39.622 38.669 32.15 40.39 39.713 40.574 45.984 39.068 42.049 43.832 50.7 50.4 40.975 39.744 46.141 49.093 46.664 44.204 42.268 46.635 43.96 43.96 42.944 41.683 43.619 45.218 44.263 42.295 40.636 50.46 50.46 50.67 41.679 43.309 44.906 42.939 48.287
50.7 50.7 50.7 50.7 50.7 50.7 50.7 50.7 37.228 42.911 50.142 47.3 42.207 45.34 44.727 46.325 47.244 50.7 50.7 50.7 50.7 50.7 50.7 50.7 50.7 50.7 50.7 50.7 50.7 50.7 50.7 50.7 45.337 30.336 50.67 42.882 46.693 47.368 36.457 42.789 46.048 36.118 38.023 50.309 42.173 49.178 37.378 45.4 49.944 42.727 42.144 38.238 36.364 47.28 50.22 48.327 46.205 45.621 50.46 48.236 49.738 42.762 44.606 48.633 50.46 50.13 43.743 42.727 42.512 42.512 44.786 49.273 50.58 50.7 40.634 47.242
50.7 50.7 50.7 50.7 50.7 50.7 50.7 50.7 43.923 47.635 49.522 47.209 48.84 46.569 43.376 37.264 39.753 50.7 50.7 50.7 50.7 50.7 50.7 50.7 50.7 50.7 50.7 50.7 50.7 50.7 50.7 50.7 37.899 36.209 39.653 49.357 46.172 46.662 46.54 46.939 39.531 48.564 50.7 48.932 48.994 48.444 39.991 43.619 47.647 42.729 42.421 50.46 45.528 47.096 49.188 48.85 43.163 46.485 50.7 50.7 50.22 49.587 46.115 50.67 50.7 48.542 45.559 50.22 42.636 42.636 49.459 49.213 42.204 47.922 48.198 42.047
