Appendix_Data/App6_Higher_Taxa/SA_ASCII/smdwin.asc
NCOLS 472
NROWS 227
XLLCORNER 17.83333
YLLCORNER -34.83333
CELLSIZE 0.01666667
NODATA_VALUE -9999
[rows 66 to 98 of 227, columns 0 to 75 of 472]
-9999 -9999 -9999 -9999 -9999 -9999 -9999 -9999 -9999 -9999 -9999 -9999 -9999 -9999 -9999 -9999 -9999 -9999 -9999 -9999 -9999 -9999 -9999 -9999 -9999 -9999 -9999 -9999 54.233 54.91 57.526 52.047 53.339 53.216 53.154 55.646 54.569 56.63 55.276 58.446 58.877 59.646 59.985 58.6 56.784 62.142 57.74 58.569 61.153 67.459 70.688 68.534 64.625 62.348 64.747 64.684 59.054 65.451 66.218 67.416 63.724 62.524 56.281 61.506 64.458 68.118 73.377 72.18 72.18 75.132 79.592 80.453 79.285 76.61 75.657 73.689
-9999 -9999 -9999 -9999 -9999 -9999 -9999 -9999 -9999 -9999 -9999 -9999 -9999 -9999 -9999 -9999 -9999 -9999 -9999 -9999 -9999 -9999 -9999 -9999 -9999 -9999 -9999 -9999 54.233 54.386 56.725 57.371 49.646 49.584 50.445 55.954 54.169 51.891 54.23 55.43 59.061 58.907 60.815 60.384 59.769 64.23199 64.263 62.569 60.537 60.198 65.089 67.119 67.826 65.979 66.501 67.608 64.407 63.576 65.143 65.172 64.494 59.818 58.586 56.308 61.137 66.765 67.535 74.302 74.302 80.268 86.111 84.298 82.884 81.009 80.18 82.057
-9999 -9999 -9999 -9999 -9999 -9999 -9999 -9999 -9999 -9999 -9999 -9999 -9999 -9999 -9999 -9999 -9999 -9999 -9999 -9999 -9999 -9999 -9999 -9999 -9999 -9999 -9999 -9999 54.28575 53.524 53.431 54.939 49.769 49.645 49.953 51.799 59.369 53.737 52.26 54.63 61.338 59.676 61.615 61.276 60.445 60.323 65.677 65.553 64.35201 62.813 60.936 66.073 71.641 72.133 68.81 66.964 66.716 67.022 67.789 66.003 63.91 61.571 56.927 59.478 58.279 64.061 66.06 71.996 71.996 78.608 84.697 89.403 84.576 83.993 82.55 91.354
-9999 -9999 -9999 -9999 -9999 -9999 -9999 -9999 -9999 -9999 -9999 -9999 -9999 -9999 -9999 -9999 -9999 -9999 -9999 -9999 -9999 -9999 -9999 -9999 -9999 -9999 -9999 -9999 -9999 55 53.277 52.784 47.737 49.184 48.045 49.707 57.984 58.907 52.106 54.26 58.875 59.737 62.199 61.891 58.968 60.26 60.291 62.691 65.429 62.105 62.074 65.119 65.612 73.673 72.504 68.751 69.825 72.96 67.636 69.018 65.203 61.234 61.848 57.912 65.353 63.201 69.843 66.4 66.4 70.49 76.825 76.949 89.005 87.16 82.733 81.289
-9999 -9999 -9999 -9999 -9999 -9999 -9999 -9999 -9999 -9999 -9999 -9999 -9999 -9999 -9999 -9999 -9999 -9999 -9999 -9999 -9999 -9999 -9999 -9999 -9999 -9999 -9999 -9999 -9999 55 55.646 56.877 54.23 51.399 47.737 51.029 52.229 54.537 57.337 55.891 53.798 57.552 60.598 65.645 60.198 59.06 61.398 62.936 65.059 67.581 64.935 65.212 68.75 62.228 68.968 73.282 73.335 72.9 75.511 68.742 66.28 67.447 65.878 61.726 60.68 64.77 68.491 71.628 71.628 67.077 74.673 76.672 81.101 92.854 85.315 80.025
-9999 -9999 -9999 -9999 -9999 -9999 -9999 -9999 -9999 -9999 -9999 -9999 -9999 -9999 -9999 -9999 -9999 -9999 -9999 -9999 -9999 -9999 -9999 -9999 -9999 -9999 -9999 -9999 -9999 55.2225 55.122 54.845 55.83 51.706 48.998 50.014 52.629 54.66 60.844 64.167 57.244 55.336 60.321 64.967 63.305 59.028 62.536 64.72 66.596 67.611 65.15 69.58 73.549 68.75 64.874 67.644 72.533 75.883 70.682 72.341 70.002 68.186 66.678 63.725 60.004 66.8 68.184 72.059 72.059 69.968 69.507 70.522 78.456 83.038 89.004 81.9
-9999 -9999 -9999 -9999 -9999 -9999 -9999 -9999 -9999 -9999 -9999 -9999 -9999 -9999 -9999 -9999 -9999 -9999 -9999 -9999 -9999 -9999 -9999 -9999 -9999 -9999 -9999 -9999 -9999 55.368 55.122 53.737 57.029 54.598 52.845 55.49 55.49 55.644 59.798 62.29 63.244 58.044 56.444 66.166 59.059 61.089 64.689 64.135 60.227 61.119 61.642 60.904 64.38 70.656 70.257 66.472 67.763 73.083 76.834 70.834 73.939 69.54 68.89301 66.033 61.45 60.374 70.307 63.603 63.603 69.046 71.783 76.55 69.999 73.074 78.363 83.221
-9999 -9999 -9999 -9999 -9999 -9999 -9999 -9999 -9999 -9999 -9999 -9999 -9999 -9999 -9999 -9999 -9999 -9999 -9999 -9999 -9999 -9999 -9999 -9999 -9999 -9999 -9999 -9999 -9999 -9999 55.86 55.86 57.706 55.152 51.798 55.367 57.367 59.367 55.982 56.198 59.151 62.751 56.813 57.151 58.72 59.15 61.55 64.688 66.349 67.672 68.595 65.856 63.795 65.702 70.532 74.654 72.345 72.159 79.416 72.864 73.232 69.356 69.817 67.571 66.279 59.236 63.972 62.342 62.342 67.632 71.783 74.98199 75.473 71.906 76.979 81.068
-9999 -9999 -9999 -9999 -9999 -9999 -9999 -9999 -9999 -9999 -9999 -9999 -9999 -9999 -9999 -9999 -9999 -9999 -9999 -9999 -9999 -9999 -9999 -9999 -9999 -9999 -9999 -9999 -9999 55.1365 54.229 54.229 54.905 54.536 47.767 51.582 56.167 62.597 59.797 58.351 56.566 59.889 60.689 55.889 57.212 58.473 57.981 60.473 63.057 67.241 71.609 70.37801 68.532 68.593 74.099 80.005 80.772 76.526 78.338 77.631 72.648 70.525 68.218 66.926 66.987 61.205 62.927 70.616 70.616 65.602 70.246 78.211 75.596 73.474 70.767 76.794
-9999 -9999 -9999 -9999 -9999 -9999 -9999 -9999 -9999 -9999 -9999 -9999 -9999 -9999 -9999 -9999 -9999 -9999 -9999 -9999 -9999 -9999 -9999 -9999 -9999 -9999 -9999 -9999 58.32033 58.782 51.675 51.675 51.767 49.644 47.337 51.705 55.305 58.997 63.427 61.919 60.073 57.212 59.673 57.827 57.95 63.703 60.072 59.303 60.318 65.917 69.731 72.315 75.483 72.683 80.897 79.019 81.633 77.51 74.925 69.296 66.312 69.818 66.035 68.64799 65.511 61.544 67.418 70.616 70.616 74.983 65.049 68.432 74.705 78.026 69.968 75.472
-9999 -9999 -9999 -9999 -9999 -9999 -9999 -9999 -9999 -9999 -9999 -9999 -9999 -9999 -9999 -9999 -9999 -9999 -9999 -9999 -9999 -9999 -9999 -9999 -9999 -9999 -9999 -9999 57.397 58.782 56.351 52.844 52.905 56.289 52.074 50.505 54.843 58.535 60.873 62.442 60.688 59.181 58.073 64.595 61.764 59.734 63.979 62.071 64.902 60.748 61.794 67.208 70.407 68.807 69.237 70.59 79.356 77.817 74.618 72.31 74.432 71.387 71.325 69.326 68.956 64.22 60.252 69.786 69.786 74.583 73.599 72.338 81.902 79.348 78.271 70.09
-9999 -9999 -9999 -9999 -9999 -9999 -9999 -9999 -9999 -9999 -9999 -9999 -9999 -9999 -9999 -9999 -9999 -9999 -9999 -9999 -9999 -9999 -9999 -9999 -9999 -9999 -9999 -9999 57.0815 56.32 59.519 55.366 54.474 48.936 54.043 50.228 52.905 55.858 57.335 59.734 59.027 64.687 60.534 58.195 63.548 61.733 63.64 63.917 66.993 62.255 62.501 62.101 65.115 66.499 68.652 72.958 76.495 76.033 75.448 75.94 77.447 72.894 72.156 73.878 73.755 65.081 62.775 69.141 69.141 72.001 77.813 69.079 76.767 83.993 78.825 79.623
-9999 -9999 -9999 -9999 -9999 -9999 -9999 -9999 -9999 -9999 -9999 -9999 -9999 -9999 -9999 -9999 -9999 -9999 -9999 -9999 -9999 -9999 -9999 -9999 -9999 -9999 -9999 -9999 55.99133 55.827 55.981 55.889 57.027 54.904 55.735 54.412 52.351 55.366 57.611 57.703 57.457 66.378 67.363 62.594 58.379 66.07 63.855 68.315 69.176 67.73 63.485 64.407 62.715 71.297 72.527 74.219 74.926 80.123 83.076 81.107 78.677 77.508 80.307 72.771 73.232 64.59 64.282 63.974 63.974 68.311 75.815 82.212 71.724 73.23 82.731 79.992
-9999 -9999 -9999 -9999 -9999 -9999 -9999 -9999 -9999 -9999 -9999 -9999 -9999 -9999 -9999 -9999 -9999 -9999 -9999 -9999 -9999 -9999 -9999 -9999 -9999 -9999 -9999 -9999 -9999 55.827 56.35 55.642 52.166 50.074 52.966 57.303 56.411 53.673 61.487 65.425 60.287 60.318 65.763 64.778 61.179 63.239 66.346 64.346 66.284 69.636 69.144 64.93 67.513 64.499 64.991 68.19 73.018 78.24699 80.61501 83.814 80.953 78.8 75.109 76.862 71.603 67.143 60.684 66.65 66.65 67.20399 70.895 77.446 88.767 73.815 71.015 76.056
-9999 -9999 -9999 -9999 -9999 -9999 -9999 -9999 -9999 -9999 -9999 -9999 -9999 -9999 -9999 -9999 -9999 -9999 -9999 -9999 -9999 -9999 -9999 -9999 -9999 -9999 -9999 -9999 -9999 56.196 56.288 56.626 59.672 53.427 54.965 54.319 53.427 55.611 59.272 65.886 63.086 64.224 61.24 61.763 69.145 63.054 63.885 67.668 65.668 63.668 72.127 70.374 65.883 67.636 74.279 66.682 70.342 75.786 75.14 77.078 77.355 75.509 77.201 72.926 74.956 67.328 64.19 72.495 72.495 70.557 71.879 76.923 83.259 83.933 73.444 69.414
-9999 -9999 -9999 -9999 -9999 -9999 -9999 -9999 -9999 -9999 -9999 -9999 -9999 -9999 -9999 -9999 -9999 -9999 -9999 -9999 -9999 -9999 -9999 -9999 -9999 -9999 -9999 -9999 -9999 56.195 56.103 55.672 57.149 56.503 58.472 56.257 55.796 58.533 56.38 58.625 61.64 62.901 57.456 60.993 63.854 66.13 65.914 66.006 68.651 67.205 62.437 70.373 67.82 69.419 70.834 72.249 72.679 74.217 71.449 74.709 72.588 72.742 70.896 71.727 71.819 69.02 64.991 71.573 71.573 66.651 74.125 74.678 80.49001 80.98 81.071 80.146
-9999 -9999 -9999 -9999 -9999 -9999 -9999 -9999 -9999 -9999 -9999 -9999 -9999 -9999 -9999 -9999 -9999 -9999 -9999 -9999 -9999 -9999 -9999 -9999 -9999 -9999 -9999 -9999 -9999 56.2105 56.226 56.379 55.026 53.703 54.626 59.825 62.224 60.471 60.779 57.764 62.409 68.93 62.993 60.224 60.716 60.839 62.838 67.021 67.42 67.727 62.837 63.944 72.063 67.173 67.019 71.694 69.326 66.558 68.619 70.526 72.68 73.44901 73.788 76.218 69.974 67.052 61.885 63.115 63.115 66.283 65.667 66.343 69.971 73.291 80.455 77.286
-9999 -9999 -9999 -9999 -9999 -9999 -9999 -9999 -9999 -9999 -9999 -9999 -9999 -9999 -9999 -9999 -9999 -9999 -9999 -9999 -9999 -9999 -9999 -9999 -9999 -9999 -9999 -9999 -9999 56.17433 56.318 56.379 55.518 52.442 52.503 56.595 60.409 65.177 64.316 65.915 59.148 63.67 69.329 63.669 65.545 66.621 63.483 62.775 65.42 71.202 71.11 64.189 63.697 65.481 67.234 64.835 65.05099 71.171 72.402 70.649 72.218 76.218 77.08 75.573 72.405 68.714 69.206 64.1 64.1 68.959 66.867 70.618 74.185 67.633 71.845 81.622
-9999 -9999 -9999 -9999 -9999 -9999 -9999 -9999 -9999 -9999 -9999 -9999 -9999 -9999 -9999 -9999 -9999 -9999 -9999 -9999 -9999 -9999 -9999 -9999 -9999 -9999 -9999 -9999 -9999 56.59433 55.979 55.579 55.087 53.734 54.38 55.487 58.348 63.516 68.222 63.854 60.809 59.517 61.916 67.975 70.158 70.434 71.295 69.264 71.201 66.157 68.771 68.956 62.097 63.881 65.23399 66.034 70.494 66.865 71.694 75.693 72.987 68.959 68.222 70.591 71.268 72.498 70.929 62.624 62.624 67.97701 70.128 68.404 72.001 76.767 66.616 73.257
-9999 -9999 -9999 -9999 -9999 -9999 -9999 -9999 -9999 -9999 -9999 -9999 -9999 -9999 -9999 -9999 -9999 -9999 -9999 -9999 -9999 -9999 -9999 -9999 -9999 -9999 -9999 -9999 -9999 56.56325 57.486 56.317 55.025 53.949 54.502 56.687 58.563 61.331 65.515 63.639 62.132 61.149 59.455 68.19 67.389 70.464 70.925 74.215 74.922 70.708 65.664 68.032 62.496 65.572 70.4 75.475 68.494 77.905 69.633 67.481 72.834 76.341 71.637 69.455 76.314 74.529 71.668 61.271 61.271 62.657 66.992 73.972 69.664 72.983 74.058 66.369
-9999 -9999 -9999 -9999 -9999 -9999 -9999 -9999 -9999 -9999 -9999 -9999 -9999 -9999 -9999 -9999 -9999 -9999 -9999 -9999 -9999 -9999 -9999 -9999 -9999 -9999 -9999 -9999 -9999 56.348 56.44 56.317 55.517 54.748 53.118 57.178 58.87 59.024 63.761 66.314 65.361 61.177 62.407 62.56 61.083 62.59 67.848 72.645 73.383 73.813 71.106 65.048 64.802 68.615 70.891 72.521 78.703 69.262 79.535 73.231 67.112 71.82 72.961 78.043 79.022 78.835 71.944 60.963 60.963 65.055 69.114 71.634 75.138 70.861 68.707 71.319
-9999 -9999 -9999 -9999 -9999 -9999 -9999 -9999 -9999 -9999 -9999 -9999 -9999 -9999 -9999 -9999 -9999 -9999 -9999 -9999 -9999 -9999 -9999 -9999 -9999 -9999 -9999 -9999 -9999 56.348 56.317 55.486 53.887 54.225 56.378 57.147 59.485 59.239 60.746 63.176 66.098 65.421 60.838 61.606 64.589 64.127 62.804 66.555 70.06 71.228 72.888 68.737 63.694 72.212 71.72 72.889 73.935 73.044 75.936 75.506 77.722 70.465 72.097 75.667 69.176 73.267 73.758 62.685 62.685 66.254 68.56 70.988 77.537 75.72 70.275 74.271
-9999 -9999 -9999 -9999 -9999 -9999 -9999 -9999 -9999 -9999 -9999 -9999 -9999 -9999 -9999 -9999 -9999 -9999 -9999 -9999 -9999 -9999 -9999 -9999 -9999 -9999 -9999 -9999 55.71167 55.455 55.455 53.856 54.04 56.101 57.024 59.392 60.807 61.145 58.992 60.161 59.392 62.037 59.914 63.512 64.557 63.972 63.941 64.217 63.509 68.736 71.749 71.749 67.936 65.384 75.901 74.395 75.195 71.105 70.399 69.17 72.4 79.844 73.141 75.172 69.881 69.57401 74.096 63.608 63.608 61.64 67.206 69.542 71.785 73.229 72.396 66.091
-9999 -9999 -9999 -9999 -9999 -9999 -9999 -9999 -9999 -9999 -9999 -9999 -9999 -9999 -9999 -9999 -9999 -9999 -9999 -9999 -9999 -9999 -9999 -9999 -9999 -9999 -9999 -9999 54.70125 55.332 53.763 55.424 56.993 57.546 58.654 60.192 63.544 65.697 62.344 61.114 61.175 58.807 60.344 63.696 63.173 62.403 63.694 65.63 64.738 62.8 63.538 70.456 67.996 63.661 69.012 69.965 72.61 69.997 69.383 67.016 70.338 72.891 80.182 74.862 75.416 75.57 76.124 65.515 65.515 62.689 66.099 68.157 69.109 68.8 64.923 68.981
-9999 -9999 -9999 -9999 -9999 -9999 -9999 -9999 -9999 -9999 -9999 -9999 -9999 -9999 -9999 -9999 -9999 -9999 -9999 -9999 -9999 -9999 -9999 -9999 -9999 -9999 -9999 -9999 54.009 54.009 54.778 57.177 58.776 59.515 59.638 61.452 62.621 67.05 63.144 62.282 62.405 65.08 63.265 62.865 63.664 62.279 66.214 64.522 63.015 63.137 65.105 65.228 66.673 68.579 71.931 73.715 72.547 70.703 68.275 65.446 70.552 71.906 72.06 75.659 75.075 75.045 74.369 70.402 70.402 61.515 63.083 64.834 65.202 67.477 73.379 67.013
-9999 -9999 -9999 -9999 -9999 -9999 -9999 -9999 -9999 -9999 -9999 -9999 -9999 -9999 -9999 -9999 -9999 -9999 -9999 -9999 -9999 -9999 -9999 -9999 -9999 -9999 -9999 54.63925 55.362 55.362 57.3 58.223 58.315 59.607 60.468 61.76 63.113 67.603 67.603 63.881 63.112 64.495 66.463 66.616 66.308 65.2 65.937 66.704 63.475 63.812 58.924 68.577 68.178 65.196 66.703 69.224 72.73 68.027 64.676 65.876 67.813 70.52 72.489 72.674 80.82401 76.919 74.613 70.554 70.554 62.589 64.127 66.832 66.708 70.213 68.582 74.915
-9999 -9999 -9999 -9999 -9999 -9999 -9999 -9999 -9999 -9999 -9999 -9999 -9999 -9999 -9999 -9999 -9999 -9999 -9999 -9999 -9999 -9999 -9999 -9999 -9999 -9999 -9999 54.593 54.593 56.592 58.345 58.099 59.268 60.006 61.144 63.205 65.419 66.526 67.141 66.433 67.755 68.493 68.923 66.831 66.738 67.382 66.735 65.596 65.686 63.961 60.244 63.749 67.623 68.084 65.871 69.899 68.025 66.949 63.537 62.984 67.07401 68.674 70.734 72.365 73.226 76.763 76.579 71.106 71.106 66.032 62.926 65.416 68.891 70.704 69.227 73.776
-9999 -9999 -9999 -9999 -9999 -9999 -9999 -9999 -9999 -9999 -9999 -9999 -9999 -9999 -9999 -9999 -9999 -9999 -9999 -9999 -9999 -9999 -9999 -9999 -9999 -9999 56.1225 56.407 57.053 58.345 58.991 60.621 62.189 62.005 62.22 63.574 64.988 65.757 71.139 68.155 65.356 70.553 73.043 71.689 68.213 65.783 62.799 61.23 63.073 60.551 65.869 65.469 72.14 72.017 73.524 72.88 69.899 68.424 65.657 61.538 64.213 67.442 69.318 71.133 70.242 72.18 73.84 72.58 72.58 68.429 63.079 66.523 69.781 69.443 71.348 72.792
-9999 -9999 -9999 -9999 -9999 -9999 -9999 -9999 -9999 -9999 -9999 -9999 -9999 -9999 -9999 -9999 -9999 -9999 -9999 -9999 -9999 -9999 -9999 -9999 -9999 56.8065 56.745 56.745 58.006 57.361 58.591 61.359 62.343 62.927 63.604 63.758 63.85 64.865 64.188 64.157 63.48 64.894 68.215 72.088 71.103 67.166 66.581 65.442 61.721 65.685 67.098 70.263 72.967 79.945 76.903 78.626 71.373 67.807 64.888 59.139 64.028 63.659 67.41 68.057 69.779 71.532 76.575 73.839 73.839 70.888 65.415 65.599 68.92 73.347 69.872 71.101
-9999 -9999 -9999 -9999 -9999 -9999 -9999 -9999 -9999 -9999 -9999 -9999 -9999 -9999 -9999 -9999 -9999 -9999 -9999 -9999 -9999 -9999 -9999 -9999 -9999 57.32925 56.868 59.359 59.113 59.913 60.159 59.114 58.437 62.589 62.804 63.881 63.419 64.496 68.616 68.739 66.371 68.584 66.985 70.52 69.412 66.798 66.55 63.413 70.205 68.789 63.439 66.111 75.115 78.958 75.487 75.397 74.353 69.344 67.438 65.287 66.148 67.47 66.179 66.334 68.425 71.592 71.685 74.73 74.73 72.209 67.628 66.367 69.288 74.146 74.17599 73.345
-9999 -9999 -9999 -9999 -9999 -9999 -9999 -9999 -9999 -9999 -9999 -9999 -9999 -9999 -9999 -9999 -9999 -9999 -9999 -9999 -9999 -9999 -9999 -9999 58.528 57.852 57.852 59.205 60.066 60.712 61.666 61.789 61.42 59.76 60.621 62.989 68.186 71.538 68.89301 76.15 76.36501 71.075 71.505 69.905 71.288 66.859 63.291 63.997 74.386 71.279 65.866 67.031 72.22 76.28 76.745 75.764 74.629 70.511 66.454 61.966 62.919 60.89 65.47 66.209 68.577 70.299 70.853 79.555 79.555 75.651 69.687 65.137 68.642 73.162 75.56 76.758
-9999 -9999 -9999 -9999 -9999 -9999 -9999 -9999 -9999 -9999 -9999 -9999 -9999 -9999 -9999 -9999 -9999 -9999 -9999 -9999 -9999 -9999 -9999 58.21933 58.866 58.866 58.559 60.189 60.835 61.358 62.65 62.619 64.28 64.649 63.573 67.909 67.663 72.799 71.015 69.231 74.643 78.733 73.473 72.027 71.749 72.671 70.302 65.197 69.376 73 69.001 65.891 70.916 74.34 85.072 76.716 75.089 70.879 67.406 62.642 64.086 61.75 62.086 66.822 66.701 67.685 69.806 76.847 76.847 76.203 72.053 68.396 68.612 72.732 75.806 80.478
-9999 -9999 -9999 -9999 -9999 -9999 -9999 57.296 57.296 -9999 -9999 -9999 -9999 -9999 -9999 -9999 -9999 -9999 -9999 -9999 -9999 -9999 59.45833 57.973 57.819 60.311 60.68 60.927 62.311 62.311 63.019 64.188 66.556 66.617 67.60201 66.187 66.525 67.202 68.278 69.047 73.844 77.072 80.885 75.626 73.78 72.733 66.736 67.257 70.361 72.233 72.568 68.722 72.006 75.636 79.02 80.651 79.608 75.951 70.326 63.748 67.621 58.645 66.084 61.996 62.919 64.395 68.114 72.387 72.387 78.937 76.019 71.348 69.874 74.27 76.637 78.234
