Appendix_Data/App1_Sampling_Bias/NE_ASCII/bio5.asc
ncols         81
nrows         78
xllcorner     -73.732765197754
yllcorner     40.970067977905
cellsize      0.083333333
NODATA_value  -9999
[rows 0 to 38 of 78, columns 0 to 80 of 81]
-9999 -9999 -9999 -9999 -9999 -9999 -9999 -9999 -9999 -9999 -9999 -9999 -9999 -9999 -9999 -9999 -9999 -9999 -9999 -9999 -9999 -9999 -9999 -9999 -9999 -9999 -9999 -9999 -9999 -9999 -9999 -9999 -9999 -9999 -9999 -9999 -9999 -9999 -9999 -9999 -9999 -9999 -9999 -9999 -9999 -9999 -9999 -9999 -9999 -9999 -9999 -9999 -9999 231 234 236 -9999 -9999 -9999 -9999 -9999 -9999 -9999 -9999 -9999 -9999 -9999 -9999 -9999 -9999 -9999 -9999 -9999 -9999 -9999 -9999 -9999 -9999 -9999 -9999 -9999
-9999 -9999 -9999 -9999 -9999 -9999 -9999 -9999 -9999 -9999 -9999 -9999 -9999 -9999 -9999 -9999 -9999 -9999 -9999 -9999 -9999 -9999 -9999 -9999 -9999 -9999 -9999 -9999 -9999 -9999 -9999 -9999 -9999 -9999 -9999 -9999 -9999 -9999 -9999 -9999 -9999 -9999 -9999 -9999 -9999 -9999 -9999 -9999 -9999 -9999 -9999 -9999 229 230 234 234 238 -9999 -9999 -9999 -9999 -9999 -9999 -9999 237 238 237 -9999 -9999 -9999 -9999 -9999 -9999 -9999 -9999 -9999 -9999 -9999 -9999 -9999 -9999
-9999 -9999 -9999 -9999 -9999 -9999 -9999 -9999 -9999 -9999 -9999 -9999 -9999 -9999 -9999 -9999 -9999 -9999 -9999 -9999 -9999 -9999 -9999 -9999 -9999 -9999 -9999 -9999 -9999 -9999 -9999 -9999 -9999 -9999 -9999 -9999 -9999 -9999 -9999 -9999 -9999 -9999 -9999 -9999 -9999 -9999 -9999 -9999 -9999 -9999 -9999 226 235 235 235 234 236 233 -9999 237 237 239 240 239 239 237 238 240 240 -9999 -9999 -9999 -9999 -9999 -9999 -9999 -9999 -9999 -9999 -9999 -9999
-9999 -9999 -9999 -9999 -9999 -9999 -9999 -9999 -9999 -9999 -9999 -9999 -9999 -9999 -9999 -9999 -9999 -9999 -9999 -9999 -9999 -9999 -9999 -9999 -9999 -9999 -9999 -9999 -9999 -9999 -9999 -9999 -9999 -9999 -9999 -9999 -9999 -9999 -9999 -9999 -9999 -9999 -9999 -9999 -9999 -9999 -9999 -9999 -9999 -9999 226 227 233 234 237 236 238 239 239 241 240 242 241 239 241 241 240 239 241 241 -9999 -9999 -9999 -9999 -9999 -9999 -9999 -9999 -9999 -9999 -9999
-9999 -9999 -9999 -9999 -9999 -9999 -9999 -9999 -9999 -9999 -9999 -9999 -9999 -9999 -9999 -9999 -9999 -9999 -9999 -9999 -9999 -9999 -9999 -9999 -9999 -9999 -9999 -9999 -9999 -9999 -9999 -9999 -9999 -9999 -9999 -9999 -9999 -9999 -9999 -9999 -9999 -9999 -9999 -9999 -9999 -9999 -9999 -9999 -9999 223 229 234 236 235 236 240 239 241 237 236 238 241 242 242 243 241 239 240 238 240 240 236 -9999 -9999 -9999 -9999 -9999 -9999 -9999 -9999 -9999
-9999 -9999 -9999 -9999 -9999 -9999 -9999 -9999 -9999 -9999 -9999 -9999 -9999 -9999 -9999 -9999 -9999 -9999 -9999 -9999 -9999 -9999 -9999 -9999 -9999 -9999 -9999 -9999 -9999 -9999 -9999 -9999 -9999 -9999 -9999 -9999 -9999 -9999 -9999 -9999 -9999 -9999 -9999 -9999 -9999 -9999 -9999 -9999 231 231 232 234 237 237 237 237 239 237 234 236 239 242 243 244 244 242 243 241 240 239 237 237 -9999 -9999 -9999 -9999 -9999 -9999 -9999 -9999 -9999
-9999 -9999 -9999 -9999 -9999 -9999 -9999 -9999 -9999 -9999 -9999 -9999 -9999 -9999 -9999 -9999 -9999 -9999 -9999 -9999 -9999 -9999 -9999 -9999 -9999 -9999 -9999 -9999 -9999 -9999 -9999 -9999 -9999 -9999 -9999 -9999 -9999 -9999 -9999 -9999 -9999 -9999 -9999 -9999 -9999 -9999 -9999 232 235 235 236 237 236 235 239 239 239 236 236 238 242 245 241 241 244 243 243 243 242 242 239 238 -9999 -9999 -9999 -9999 -9999 -9999 -9999 -9999 -9999
-9999 -9999 -9999 -9999 -9999 -9999 -9999 -9999 -9999 -9999 -9999 -9999 -9999 -9999 -9999 -9999 -9999 -9999 -9999 -9999 -9999 -9999 -9999 -9999 -9999 -9999 -9999 -9999 -9999 -9999 -9999 -9999 -9999 -9999 -9999 -9999 -9999 -9999 -9999 -9999 -9999 -9999 -9999 -9999 -9999 -9999 232 234 236 236 237 237 234 236 239 236 235 236 236 241 244 244 245 245 243 244 244 245 245 245 242 242 -9999 -9999 -9999 -9999 -9999 -9999 -9999 -9999 -9999
-9999 -9999 -9999 -9999 -9999 -9999 -9999 -9999 -9999 -9999 -9999 -9999 -9999 -9999 -9999 -9999 -9999 -9999 -9999 -9999 -9999 -9999 -9999 -9999 -9999 -9999 -9999 -9999 -9999 -9999 -9999 -9999 -9999 -9999 -9999 -9999 -9999 -9999 -9999 -9999 -9999 -9999 -9999 -9999 -9999 231 233 235 235 237 236 234 238 240 239 236 234 234 237 244 243 245 247 246 247 245 247 248 247 246 246 245 -9999 -9999 -9999 -9999 -9999 -9999 -9999 -9999 -9999
-9999 -9999 -9999 -9999 -9999 -9999 -9999 -9999 -9999 -9999 -9999 -9999 -9999 -9999 -9999 -9999 -9999 -9999 -9999 -9999 -9999 -9999 -9999 -9999 -9999 -9999 -9999 -9999 -9999 -9999 -9999 -9999 -9999 -9999 -9999 -9999 -9999 -9999 -9999 -9999 -9999 -9999 -9999 -9999 231 232 233 235 236 235 235 237 239 237 238 237 234 236 240 243 242 244 247 247 247 247 247 250 250 248 246 245 -9999 -9999 -9999 -9999 -9999 -9999 -9999 -9999 -9999
-9999 -9999 -9999 -9999 -9999 -9999 -9999 -9999 -9999 -9999 -9999 -9999 -9999 -9999 -9999 -9999 -9999 -9999 -9999 -9999 -9999 -9999 -9999 -9999 -9999 -9999 -9999 -9999 -9999 -9999 -9999 -9999 -9999 -9999 -9999 -9999 -9999 -9999 -9999 -9999 -9999 -9999 -9999 -9999 234 234 234 236 234 235 236 238 241 237 236 238 236 240 241 241 242 244 247 249 248 247 248 251 251 250 248 247 -9999 -9999 -9999 -9999 -9999 -9999 -9999 -9999 -9999
-9999 -9999 -9999 -9999 -9999 -9999 -9999 -9999 -9999 -9999 -9999 -9999 -9999 -9999 -9999 -9999 -9999 -9999 -9999 -9999 -9999 -9999 -9999 -9999 -9999 -9999 -9999 -9999 -9999 -9999 -9999 -9999 -9999 -9999 -9999 -9999 -9999 -9999 -9999 -9999 -9999 -9999 -9999 -9999 234 235 236 234 232 235 234 235 238 240 239 238 237 241 243 241 244 247 247 248 250 249 249 250 250 250 252 249 -9999 -9999 -9999 -9999 -9999 -9999 -9999 -9999 -9999
-9999 -9999 -9999 -9999 -9999 -9999 -9999 -9999 -9999 -9999 -9999 -9999 -9999 -9999 -9999 -9999 -9999 -9999 -9999 -9999 -9999 -9999 -9999 -9999 -9999 -9999 -9999 -9999 -9999 -9999 -9999 -9999 -9999 -9999 -9999 -9999 -9999 -9999 -9999 -9999 -9999 -9999 -9999 234 235 235 235 234 231 234 235 238 240 242 241 240 239 239 241 245 245 248 249 250 250 250 249 248 247 249 254 253 -9999 -9999 -9999 -9999 -9999 -9999 -9999 -9999 -9999
-9999 -9999 -9999 -9999 -9999 -9999 -9999 -9999 -9999 -9999 -9999 -9999 -9999 -9999 -9999 -9999 -9999 -9999 -9999 -9999 -9999 -9999 -9999 -9999 -9999 -9999 -9999 -9999 -9999 -9999 -9999 -9999 -9999 -9999 -9999 -9999 -9999 -9999 -9999 -9999 -9999 -9999 234 235 234 236 234 232 231 235 237 239 242 242 241 239 243 243 245 248 248 249 248 249 248 250 249 248 247 253 254 254 -9999 -9999 -9999 -9999 -9999 -9999 -9999 -9999 -9999
-9999 -9999 -9999 -9999 -9999 -9999 -9999 -9999 -9999 -9999 -9999 -9999 -9999 -9999 -9999 -9999 -9999 -9999 -9999 -9999 -9999 -9999 -9999 -9999 -9999 -9999 -9999 -9999 -9999 -9999 -9999 -9999 -9999 -9999 -9999 -9999 -9999 -9999 -9999 -9999 -9999 234 234 233 232 235 235 233 233 238 240 241 243 243 242 243 245 247 248 248 248 249 249 247 247 248 251 249 250 253 254 255 -9999 -9999 -9999 -9999 -9999 -9999 -9999 -9999 -9999
-9999 -9999 -9999 -9999 -9999 -9999 -9999 -9999 -9999 -9999 -9999 -9999 -9999 -9999 -9999 -9999 -9999 -9999 -9999 -9999 -9999 -9999 -9999 -9999 -9999 -9999 -9999 -9999 -9999 -9999 -9999 -9999 -9999 -9999 -9999 -9999 -9999 -9999 -9999 -9999 -9999 234 232 230 231 234 235 233 233 240 241 241 243 243 243 243 246 247 249 249 251 250 249 246 249 249 250 250 250 253 254 255 -9999 -9999 -9999 -9999 -9999 -9999 -9999 -9999 -9999
-9999 -9999 -9999 -9999 -9999 -9999 -9999 -9999 -9999 -9999 -9999 -9999 -9999 -9999 -9999 -9999 -9999 -9999 -9999 -9999 -9999 -9999 -9999 -9999 -9999 -9999 -9999 -9999 -9999 -9999 -9999 -9999 -9999 -9999 -9999 -9999 -9999 -9999 -9999 -9999 -9999 230 230 229 232 234 233 230 237 240 241 243 243 243 243 243 243 244 241 249 251 251 249 246 251 252 252 252 254 255 256 254 -9999 -9999 -9999 -9999 -9999 -9999 -9999 -9999 -9999
-9999 -9999 -9999 -9999 -9999 -9999 -9999 -9999 -9999 -9999 -9999 -9999 -9999 -9999 -9999 -9999 -9999 -9999 -9999 -9999 -9999 -9999 -9999 -9999 -9999 -9999 -9999 -9999 -9999 -9999 -9999 -9999 -9999 -9999 -9999 -9999 -9999 -9999 -9999 -9999 -9999 229 231 234 234 230 231 235 238 239 241 243 244 243 242 238 238 233 237 246 253 252 250 252 254 256 254 252 253 254 255 254 -9999 -9999 -9999 -9999 -9999 -9999 -9999 -9999 -9999
-9999 -9999 -9999 -9999 -9999 -9999 -9999 -9999 -9999 -9999 -9999 -9999 -9999 -9999 -9999 -9999 -9999 -9999 -9999 -9999 -9999 -9999 -9999 -9999 -9999 -9999 -9999 -9999 -9999 -9999 -9999 -9999 -9999 -9999 -9999 -9999 -9999 -9999 -9999 -9999 -9999 230 231 231 235 234 236 239 240 241 242 242 244 244 243 238 230 216 230 246 250 255 253 255 256 255 256 256 255 254 255 255 -9999 -9999 -9999 -9999 -9999 -9999 -9999 -9999 -9999
-9999 -9999 -9999 -9999 -9999 -9999 -9999 -9999 -9999 -9999 -9999 -9999 -9999 -9999 -9999 -9999 -9999 -9999 -9999 -9999 -9999 -9999 -9999 -9999 -9999 -9999 -9999 -9999 -9999 -9999 -9999 -9999 -9999 -9999 -9999 -9999 -9999 -9999 -9999 -9999 227 227 232 235 236 238 238 238 242 242 243 241 242 245 245 244 246 234 238 249 250 255 257 256 256 254 254 256 257 256 255 255 -9999 -9999 -9999 -9999 -9999 -9999 -9999 -9999 -9999
-9999 -9999 -9999 -9999 -9999 -9999 -9999 -9999 -9999 -9999 -9999 -9999 -9999 -9999 -9999 -9999 -9999 -9999 -9999 -9999 -9999 -9999 -9999 -9999 -9999 -9999 -9999 -9999 -9999 -9999 -9999 -9999 -9999 -9999 -9999 -9999 -9999 -9999 -9999 230 225 227 225 234 235 235 238 241 242 241 238 236 241 244 245 245 248 254 254 256 255 258 258 257 257 256 256 255 256 257 255 254 -9999 -9999 -9999 -9999 -9999 -9999 -9999 -9999 -9999
-9999 -9999 -9999 -9999 -9999 -9999 -9999 -9999 -9999 -9999 -9999 -9999 -9999 -9999 -9999 -9999 -9999 -9999 -9999 -9999 -9999 -9999 -9999 -9999 -9999 -9999 -9999 -9999 -9999 -9999 -9999 -9999 -9999 -9999 -9999 -9999 -9999 232 227 228 230 234 235 235 236 240 241 242 242 241 242 239 239 239 243 245 251 256 256 256 258 259 259 257 257 258 257 257 257 257 255 255 254 -9999 -9999 -9999 -9999 -9999 -9999 -9999 -9999
-9999 -9999 -9999 -9999 -9999 -9999 -9999 -9999 -9999 -9999 -9999 -9999 -9999 -9999 -9999 -9999 -9999 -9999 -9999 -9999 -9999 -9999 -9999 -9999 -9999 -9999 -9999 -9999 -9999 -9999 -9999 -9999 -9999 -9999 -9999 -9999 228 228 231 234 237 240 238 238 240 238 240 241 243 243 242 237 235 236 240 242 246 255 256 256 258 259 260 259 258 258 258 258 257 256 255 253 252 252 251 250 -9999 -9999 -9999 -9999 -9999
-9999 -9999 -9999 -9999 -9999 -9999 -9999 -9999 -9999 -9999 -9999 -9999 -9999 -9999 -9999 -9999 -9999 -9999 -9999 -9999 -9999 -9999 -9999 -9999 -9999 -9999 -9999 -9999 -9999 -9999 -9999 -9999 -9999 -9999 -9999 -9999 224 229 234 235 236 241 235 228 233 235 240 243 242 245 244 237 234 233 232 240 247 253 255 256 257 257 259 259 260 259 258 258 255 254 255 255 253 252 251 250 -9999 -9999 -9999 -9999 -9999
-9999 -9999 -9999 -9999 -9999 -9999 -9999 -9999 -9999 -9999 -9999 -9999 -9999 -9999 -9999 -9999 -9999 -9999 -9999 -9999 -9999 -9999 -9999 -9999 -9999 -9999 -9999 -9999 -9999 -9999 -9999 -9999 -9999 -9999 234 232 225 214 219 220 227 237 231 222 234 240 244 241 234 243 242 241 241 243 250 250 252 256 257 257 258 259 260 260 259 259 258 257 253 255 256 254 252 255 252 250 -9999 -9999 -9999 -9999 -9999
-9999 -9999 -9999 -9999 -9999 -9999 -9999 -9999 -9999 -9999 -9999 -9999 -9999 -9999 -9999 -9999 -9999 -9999 -9999 -9999 -9999 -9999 -9999 -9999 -9999 -9999 -9999 -9999 -9999 -9999 -9999 229 223 223 228 229 230 214 218 227 232 236 235 240 242 245 244 240 241 243 242 250 250 249 251 254 257 256 257 258 260 260 260 259 256 257 257 255 254 255 254 253 255 255 253 251 -9999 -9999 -9999 -9999 -9999
-9999 -9999 -9999 -9999 -9999 -9999 -9999 -9999 -9999 -9999 -9999 -9999 -9999 -9999 -9999 -9999 -9999 -9999 -9999 -9999 -9999 -9999 -9999 -9999 -9999 -9999 -9999 235 231 224 225 221 220 218 209 216 216 228 231 232 235 237 239 236 240 243 240 239 242 246 248 254 256 257 257 257 257 258 259 259 260 260 259 257 258 257 258 256 258 257 255 255 256 255 255 252 -9999 -9999 -9999 -9999 -9999
-9999 -9999 -9999 -9999 -9999 -9999 -9999 -9999 -9999 -9999 -9999 -9999 -9999 -9999 -9999 -9999 -9999 -9999 -9999 -9999 -9999 -9999 -9999 -9999 -9999 -9999 -9999 229 227 223 216 215 218 222 210 214 216 227 234 240 241 238 240 238 241 243 236 243 241 242 253 256 255 256 257 258 259 259 259 258 260 260 260 258 259 258 257 255 256 256 256 255 256 256 255 254 250 242 237 -9999 -9999
-9999 -9999 -9999 -9999 -9999 -9999 -9999 -9999 -9999 -9999 -9999 -9999 -9999 -9999 -9999 -9999 -9999 -9999 -9999 -9999 -9999 -9999 -9999 -9999 -9999 -9999 233 234 231 227 225 214 223 228 219 219 225 216 233 239 230 228 236 235 241 247 245 244 243 247 253 256 257 257 258 258 258 259 260 261 261 261 261 259 255 256 255 254 255 255 255 255 256 255 255 253 250 243 236 233 -9999
-9999 -9999 -9999 -9999 268 269 269 269 268 265 261 256 254 255 248 252 260 254 260 257 248 242 238 242 233 236 238 238 233 232 224 223 229 225 231 229 224 231 230 222 211 223 238 240 248 248 255 249 250 253 256 259 259 259 257 259 261 261 261 261 261 261 261 258 256 256 256 255 253 253 254 254 253 252 251 249 247 241 236 233 -9999
-9999 -9999 -9999 -9999 268 269 269 269 267 263 260 258 259 250 232 247 259 257 262 254 245 237 238 233 230 230 242 237 227 222 215 230 232 229 231 236 235 232 223 222 224 225 249 252 255 255 259 257 258 258 262 260 261 262 261 261 261 262 262 262 262 261 260 258 257 255 253 253 253 253 253 252 251 251 250 246 243 239 236 232 -9999
-9999 -9999 -9999 -9999 268 269 270 268 264 262 258 259 251 254 238 246 253 254 260 251 248 242 232 235 238 228 240 242 235 222 225 233 239 235 237 237 229 223 230 244 247 248 251 254 256 260 261 261 263 264 264 264 263 264 263 262 262 262 262 262 262 261 260 257 255 256 253 253 250 252 251 251 250 249 247 245 241 237 234 231 227
-9999 -9999 -9999 -9999 268 269 270 267 258 259 259 255 239 243 234 249 245 255 255 249 239 238 243 248 248 245 236 222 222 224 237 244 246 239 235 219 226 230 223 238 248 250 255 251 252 259 264 263 267 266 266 265 267 265 264 262 263 262 262 262 261 259 257 255 257 256 254 253 253 251 250 249 248 246 243 242 239 235 231 228 225
-9999 -9999 -9999 -9999 268 269 269 266 261 258 257 254 244 244 249 242 252 243 248 242 241 239 242 226 242 254 237 235 221 238 244 248 246 242 233 237 242 245 237 254 244 243 257 258 259 264 266 268 268 271 269 268 268 266 262 260 260 261 261 260 258 257 255 257 257 256 254 254 253 251 249 248 245 244 241 239 237 233 229 227 -9999
-9999 -9999 -9999 -9999 270 271 271 267 260 260 258 248 251 258 250 250 252 241 243 244 247 251 242 231 242 250 258 251 246 252 253 244 233 236 230 246 259 250 251 260 249 253 258 263 263 261 266 270 271 273 272 270 268 265 259 260 261 262 261 260 259 255 256 256 257 256 255 252 252 251 249 247 244 242 240 -9999 -9999 -9999 -9999 -9999 -9999
-9999 -9999 -9999 -9999 272 273 273 268 264 257 249 228 241 257 252 254 252 249 236 243 256 254 238 250 241 254 260 229 226 252 254 251 239 221 243 242 254 253 260 261 257 258 261 263 262 261 269 271 273 275 272 270 266 263 260 260 261 260 261 261 260 257 256 256 256 257 255 253 251 250 248 246 243 241 -9999 -9999 -9999 -9999 -9999 -9999 -9999
-9999 -9999 -9999 -9999 -9999 275 274 271 267 258 241 239 255 241 245 246 250 246 237 250 261 256 255 252 256 261 260 236 221 238 249 242 233 233 246 260 258 256 252 257 260 264 263 264 264 266 269 270 274 273 271 267 262 260 261 263 263 262 262 261 260 257 257 258 257 257 256 253 252 250 -9999 -9999 -9999 -9999 -9999 -9999 -9999 -9999 -9999 -9999 -9999
-9999 -9999 -9999 -9999 276 277 274 268 260 259 249 251 254 240 252 254 252 246 243 253 263 258 256 258 254 259 257 252 238 230 253 239 254 252 259 263 258 257 255 262 263 262 265 266 265 267 267 269 271 270 269 266 263 263 264 262 261 -9999 -9999 261 260 258 258 -9999 257 255 253 253 251 -9999 -9999 -9999 -9999 -9999 -9999 -9999 -9999 -9999 -9999 -9999 -9999
-9999 -9999 -9999 -9999 275 278 273 271 258 251 231 249 256 256 257 259 252 247 247 256 263 254 261 261 255 254 246 231 219 182 217 221 243 246 257 261 256 262 263 257 264 265 266 266 266 267 267 268 268 267 267 265 264 263 261 260 260 -9999 -9999 -9999 259 257 258 258 256 255 -9999 -9999 -9999 -9999 -9999 -9999 -9999 -9999 -9999 -9999 -9999 -9999 -9999 -9999 -9999
