Appendix_Data/App1_Sampling_Bias/NE_ASCII/roads_max.asc
ncols         81
nrows         78
xllcorner     -73.732765197754
yllcorner     40.970067977905
cellsize      0.083333333
NODATA_value  -9999
[rows 30 to 59 of 78, columns 0 to 67 of 81]
-9999 -9999 -9999 -9999 0.05462409 0.2509129 0.07009159 0.616845 0.4062037 0.1618135 0.233838 0.3743425 0.1704766 0.2914211 0.2309818 0.09922969 0.1269544 0.2395534 0.4107348 0.2354345 0.2858128 0.1177028 0.1100814 0 0 0 0.2677514 0.3099374 0.10026 0 0 0 0.2640565 0.1582559 0.06945676 0 0.1714607 0.1603622 0.2187711 0.1146733 0.01431757 0.1117656 0.2298091 0.2462553 0.3492528 0.2750337 0.5249715 0.457518 0.390373 0.3208311 0.2566186 0.5723571 0.4830164 0.4049405 0.3437127 0.327883 0.2057496 0.2658704 0.3621355 0.1315212 0.3704175 0.4635295 0 0 0 0 0 0
-9999 -9999 -9999 -9999 0.03345503 0.09780046 0.06558575 0.4312303 0.8481176 0.0856327 0.1007901 0.275809 0 0.2007341 0.09075028 0.2618667 0.0903374 0.2572972 0.4961827 0.3738937 0.2590809 0.1218889 0.4217245 0.1286013 0.0436327 0.05377668 0.258583 0 0 0.04079936 0.140618 0.3108744 0.1348718 0 0 0 0.08534995 0.07465319 0.006097838 0.1671495 0.4564489 0.3706002 0.490824 0.4860345 0.2063031 0.3164594 0.8282018 0.4982554 0.3181655 0.128607 0.2974979 0.2850911 0.8548285 1.059497 0.6819149 0.6675271 0.5444162 0.2206585 0.4153719 1.047904 0.6733152 0.2786492 0.3345848 0.2642523 0.3078193 0.2604752 0.09513633 0.1744583
-9999 -9999 -9999 -9999 0.3934218 0.2266474 0 0.2240457 0.3407251 0 0 0.2139996 0.1073805 0.1010396 0.2463958 0.08290122 0.1293541 0.0191009 0.4081796 0.4073891 0.1674208 0.02937836 0.1965479 0 0.05658414 0.3714177 0.0105605 0 0 0 0.07569128 0.3659109 0.1656633 0 0 0 0 0.3516351 0 0.2478678 0.05290124 0 0.3592185 0.2594631 0.2877119 0.3581336 0.3427054 0.5658937 0.6081258 0.2901135 0.2909403 0.1849475 0.3358734 0.2200322 0.2396371 0.2939877 0.2882917 0.587422 0.4365094 0.4367197 0.1388862 0.3499418 0.01050198 0.2157172 0.2721073 0.2297268 0 0
-9999 -9999 -9999 -9999 0.04105806 0.1916903 0.1281266 0.5678753 0.2916037 0.1938064 0.165661 0.3271573 0.1246484 0.2090941 0.005062748 0 0.112091 0 0.2092059 0.2950642 0.1359357 0.2247762 0.124285 0 0 0.04194316 0.3217062 0.1961384 0.1443163 0.03226483 0.345013 0 0 0.2183252 0 0 0.2397101 0.259978 0.210158 0.1636778 0.2134709 0.1712572 0.2169668 0.7571112 0.5485917 0.5015501 0.2200697 0.2566345 0.3372129 0.4296307 0.2946182 0.4432494 0.1682229 0.5827254 0.2403467 0.3054152 0.1662522 0.2203716 0.495662 0.2774426 0.08801308 0.02445433 0.2699133 0.1931377 0.1901235 0.230906 0.06306456 0.09921278
-9999 -9999 -9999 -9999 0.009414702 0.01155256 0.5704883 0.4668775 0.1325036 0.08902644 0 0.151446 0 0.2799825 0.3326727 0.09930683 0.1877495 0.06004945 0.06969324 0.08989819 0.4472277 0.4780989 0.004066797 0 0 0.03683937 0.5158454 0.0970552 0.0503577 0.3440653 0.3495501 0 0 0.0482332 0.1765786 0.06552044 0.2333678 0 0.5592107 0.5122058 0.2876973 0.2515163 0.5953819 0.2187902 0.276307 0.1938646 0.3339541 0.4107932 0.7048491 1.345962 0.4634662 0.2246051 0.5842803 0.4200922 0.2467643 0.618284 0.2698401 0.1207384 0.247706 0.485151 0.6793308 0.3947546 0.2731888 0.7377053 0.3182264 0.2759319 0.4072611 0.1075013
-9999 -9999 -9999 -9999 0.01754302 0 1.018053 0.9179619 0.5256508 0.07333636 0 0.05864055 0.2827362 0.1603118 0.2013479 0 0.2827515 0.1726644 0.04481188 0 0.359735 0.06416667 0.1367585 0.1952677 0.1694974 0.3670784 0.4352224 0 0 0 0.2778257 0.1118077 0 0 0 0.433379 0.306645 0.1848891 0.04459515 0.1425234 0.2771696 0.2975719 0.6092802 0.2216189 0.1542677 0.1217941 0.1983286 0.6260765 0.578233 0.3273232 0.3808502 0.2718077 0.02098478 0.3084038 0.146076 0.594224 0.3447821 0.2363169 0.39201 0.3354028 0.5284017 0.367678 0.3426979 0.3465853 0.5456584 0.2938059 0.09888667 0.318762
-9999 -9999 -9999 -9999 -9999 0 0.1794381 0.3900048 0.5483219 0.5949595 0.5026074 0.2057283 0.1864181 0 0.2106191 0.0309578 0.09313421 0.314261 0.1999329 0.1595148 0.6499819 0.4182732 0.2730857 0.2168176 0.2198423 0.6086074 0.2901968 0.5626079 0.2429629 0.2595049 0.4496373 0.1206475 0.09428256 0.2120139 0.1776298 0.544865 0.2179986 0.3234996 0.1049904 0.2178508 0.3199019 0.2894064 0.4918667 0.3430564 0.1785628 0.3754341 0.3125395 0.6313002 0.6607833 0.402656 0.5099673 0.1130905 0.1494707 0.4522874 0.3458212 0.4356011 0.4683738 0.3767956 0 0.3972678 0.5465358 0.5424708 0.4691684 0.07615011 0.3013212 0.5549815 0.339864 0.07588824
-9999 -9999 -9999 -9999 0.4181853 0 0.1831502 0.05925149 0.05637703 0 0 0.2267119 0.5390618 0.1216833 0.2330316 0.1831699 0.139867 0.2525779 0 0 0.4465744 0.1850607 0.6291183 1.077399 0.7608886 0.4070337 0.3040059 0.0170785 0 0 0.2058502 0 0 0.1130138 0 0.334895 0 0.1061286 0.4249968 0 0.333476 0.3910623 0.3852383 0.2363939 0.2073845 0.751882 0.4811653 1.342097 0.848758 0.4650331 0.1408042 0.2072492 0.3180791 0.2019229 0.3174475 0.3778399 0.3637182 -9999 -9999 0 0.2970272 0.4288637 0.2272412 -9999 0.2858523 0.3569788 0.2203994 0
-9999 -9999 -9999 -9999 0.07064059 0 0.09970684 0 0.08777135 0.09882859 0.17348 0.1703268 0.02199842 0.3143279 0.7486175 0.2871973 0 0.1627351 0.2847237 0.06705157 0.5348949 0.10969 0.3642942 0.4380803 1.123433 0.3157448 0.1664328 0.09590062 0.08420131 0.004189818 0.1935977 0 0.1663593 0.03954761 0.2023047 0.3291716 0.3473445 0.1549398 0.4419111 0.4038441 0.2273778 0.4057895 0.1863546 0.235744 0.5496575 0.1936112 0.2886267 1.027932 0.4730066 0.2732432 0.7088599 0.6763688 0.5201095 0.4963978 0.4164968 0.380215 0.3791665 -9999 -9999 -9999 0.1714483 0.06415536 0.06122091 0 0.2671036 0.248603 -9999 -9999
-9999 -9999 -9999 0.2852784 0 0.08980131 0.3273165 0.2072219 0.3282685 0.04976692 0.1825171 0.0751666 0.08849242 0.3700516 0.3628005 0.2780086 0.1710217 0.2535594 0 0.2179543 0.6431668 0.4482771 0.09471241 0.2251612 0.6727842 0 0 0 0.2223977 0 0.4222722 0.05853074 0.06249667 0.2389837 0.4067362 0.08536272 0.3584681 0.2120074 0.1352084 0.3011167 0.4794836 0.04569612 0.4688798 0.2196289 0.8747247 0.5027254 0.4850996 0.4154484 0.2673849 0.4026026 0.3135272 0.1389277 0.4861469 0.3658682 0.3818699 0.4978985 0.1212556 -9999 -9999 -9999 -9999 -9999 -9999 -9999 -9999 -9999 -9999 -9999
-9999 -9999 -9999 0.1779113 0.1522513 0.172592 0.3582669 0.1923168 0.02636718 0 0.06407429 0.05430913 0.2635931 0.3950072 0.236771 0.1127503 0 0.07611776 0.169986 0.1986794 0.5786862 0.2745897 0.264651 0.2964098 0.7143866 0.1804457 0.2378949 0.05817128 0.06374491 0.2155945 0.2019869 0.3085061 0 0.514418 0.1976501 0.2505702 0.3206336 0.085903 0.2537628 0.1404509 0.4450153 0.7985282 1.488942 0.7502198 0.3400535 0.2659862 0.6656764 0.6442613 0.3097683 0.2431948 0.5312753 0.1431601 0.4868737 0.1333158 0.4869849 0.4254582 -9999 -9999 -9999 -9999 -9999 -9999 -9999 -9999 -9999 -9999 -9999 -9999
-9999 -9999 -9999 0.2260615 0.1887094 0.2099383 0.375546 0.4409525 0.1923903 0.1187326 0.09612029 0.01867415 0.1179189 0.3251444 0.1710298 0.1319255 0.08869063 0.08752229 0.009342839 0.6585049 0.4413068 0.3167129 0.2715019 0.2351573 0.8553637 0.09273697 0.04888449 0.2029666 0.1704898 0.193989 0.3231962 0.4657715 0.3318201 0.4426889 0.2840858 0.2913862 0.1974048 0.2707347 0.4806768 0.4708098 0.3190375 0.7503876 0.0391289 0.4189236 0.5477881 0.5119765 0.3795294 0.3924867 0.2478467 0.4270409 0.2680752 0.2927226 0.1123154 0.200885 0.343304 0.1367813 -9999 -9999 -9999 -9999 -9999 -9999 -9999 -9999 -9999 -9999 -9999 -9999
-9999 -9999 -9999 0.2478707 0.1053059 0.1996989 0.2251126 0.1290552 0.1830873 0.07439467 0.2009059 0.11468 0.04748172 0.4858319 0.09732623 0.1047879 0 0.09447395 0.2150828 0.5346023 0.1707428 0.167393 0.4129666 0 0.4179412 0.3948373 0.1033635 0 0.2120469 0.2475003 0.6247927 0.1441552 0.2107075 0 0.4848305 0.4437062 0.09978415 0.3356419 0.09945372 0.4398055 0.3403863 0.7014147 0.4234622 0.4978836 0.4479723 0.6686449 0.3581129 0.4548111 0.1806805 0.3588405 0.2033817 0.2411747 -9999 0 0.04815355 -9999 -9999 -9999 -9999 -9999 -9999 -9999 -9999 -9999 -9999 -9999 -9999 -9999
-9999 -9999 -9999 -9999 0.2997698 0.2177144 0.3130752 0.2713659 0.3622896 0.1783017 0.1461232 0.2097163 0.04446847 0.48891 0.6331166 0.5257817 0.1084137 0.1595625 0.4261033 0.166775 0 0.03217736 0.4116457 0.157908 0.214017 0.5124997 0.09875975 0.2306896 0.4473799 0.4424734 0.5686894 0.1450935 0.3511573 0.2654396 0.4035431 0.7001637 0.3706002 0.4147563 0.159984 0.3484683 0.5592983 0.5874982 0.6482303 0.3927104 0.008487028 0.4040192 0.1557372 0.2816178 0.1271648 0.311965 0.08371337 -9999 -9999 -9999 -9999 -9999 -9999 -9999 -9999 -9999 -9999 -9999 -9999 -9999 -9999 -9999 -9999 -9999
-9999 -9999 -9999 -9999 0.0675209 0.226777 0.2859238 0 0.1978512 0.01468969 0 0.1210056 0.06305402 0.101372 0 0.301953 0.2161943 0.4663297 0.3570904 0 0 0.2321479 0 0.1287184 0.5700701 0.4521666 0.2464042 0.2840084 0.3864205 0.2505228 0.1010397 0.4299796 0.02344003 0.2620548 0.1837351 0.3975136 0.584318 0.4916506 0.7353448 0.6883563 0.3021705 0.9153746 0.7522557 0 0.09582435 0.1905188 0.09288549 0.2504029 -9999 -9999 -9999 -9999 -9999 -9999 -9999 -9999 -9999 -9999 -9999 -9999 -9999 -9999 -9999 -9999 -9999 -9999 -9999 -9999
-9999 -9999 -9999 0.07918872 0.03872189 0.09734236 0.3342612 0.285615 0.173528 0.2745673 0.09321695 0.2989075 0.02137661 0.0204511 0.2724008 0.2910856 0.8159327 1.030404 0.8147909 0.2418886 0.122699 0.2200738 0 0.04842492 0.172961 0.5618553 0.1261664 0.4624228 0 0.3149453 0.3719929 0.4944479 0.2172914 0.3238029 0.2628177 0.2935694 0.1980881 0.4771765 0.7160619 0.7425368 0.7933155 1.740362 -9999 -9999 -9999 -9999 -9999 -9999 -9999 -9999 -9999 -9999 -9999 -9999 -9999 -9999 -9999 -9999 -9999 -9999 -9999 -9999 -9999 -9999 -9999 -9999 -9999 -9999
-9999 -9999 -9999 0.0542437 0.1295887 0.2897337 0.2284606 0 0.4598593 0.4271674 0 0.03827297 0.3103298 0.1689386 0.2311147 0.07650232 0.5356635 0.05981299 0.1640967 0.4968325 0.07571504 0.1942679 0.1206203 0.2843584 0.3932748 0.6250481 0 0.9973532 0.4693101 0.347983 0.5659516 0.1269833 0.6048281 0.1679601 0.2382918 0 0.33832 0.6267834 0.6303324 0.4209777 0.6834248 0.3988679 -9999 -9999 -9999 -9999 -9999 -9999 -9999 -9999 -9999 -9999 -9999 -9999 -9999 -9999 -9999 -9999 -9999 -9999 -9999 -9999 -9999 -9999 -9999 -9999 -9999 -9999
-9999 -9999 -9999 -9999 -9999 0.1082247 0.3169489 0.3149274 0.1979755 0.3209074 0.2121544 0.08202721 0.1046656 0 0.1406949 0.09481364 0.7134835 0.1437961 0 0.3125543 0.1237471 0.1635082 0.2364725 0.0868243 0.282498 0.9263367 0.7387795 0.7912656 0.06168897 0.07997843 0.4829225 0 0.3100407 0.2170623 0.1458884 0.5347388 0.4568723 0.3164993 0.4393054 1.130208 0.5716792 0 -9999 -9999 -9999 -9999 -9999 -9999 -9999 -9999 -9999 -9999 -9999 -9999 -9999 -9999 -9999 -9999 -9999 -9999 -9999 -9999 -9999 -9999 -9999 -9999 -9999 -9999
-9999 -9999 -9999 -9999 -9999 0.2534144 0.264212 0.1833624 0 0.09297161 0.04183337 0.09355182 0.2580774 0.09572386 0.0985643 0.09036211 0.8995348 0.3782598 0.3535079 0.3081935 0.4913309 0.578543 0.174448 0.2731324 0.409344 0.6114333 0.05129973 0.2630712 0.4915932 0.2124254 0.3133245 0.1175471 0.553187 0.3628332 0.3499996 0.3204299 0.4574216 0.3023632 1.059889 0.3585168 0.158263 -9999 -9999 -9999 -9999 -9999 -9999 -9999 -9999 -9999 -9999 -9999 -9999 -9999 -9999 -9999 -9999 -9999 -9999 -9999 -9999 -9999 -9999 -9999 -9999 -9999 -9999 -9999
-9999 -9999 -9999 -9999 -9999 0.08807792 0.23952 0.2512755 0 0.1209011 0 0.1399879 0.03678824 0.1327458 0.283509 0.4265547 0.7848788 0 0.0214824 0.2824419 0.1831605 0.1768937 0.3022044 0.1894314 0.2231099 0.6356303 0.5917115 0.323906 0.1523827 0.4970263 0.1856374 0.1086428 0.2624539 0.9913196 0.06299826 0.1857818 0.3512203 0.9474105 0.3205028 0.02088808 -9999 -9999 -9999 -9999 -9999 -9999 -9999 -9999 -9999 -9999 -9999 -9999 -9999 -9999 -9999 -9999 -9999 -9999 -9999 -9999 -9999 -9999 -9999 -9999 -9999 -9999 -9999 -9999
-9999 -9999 -9999 -9999 -9999 0.1066576 0.2124203 0.05513701 0.3401898 0.1922271 0.08928156 0.2131672 0.2616645 0.4592374 0.3258944 0.7308668 0.1289135 0.01337797 0.07620494 0.1936212 0 0.1484319 0.1844289 0.2052485 0.6172347 0.2102527 1.52818 0.8960366 0.5766546 0.5056672 0.4451268 0.68783 0.2926339 0.5561571 0.7907538 0.4352298 0.02164745 0.503547 -9999 -9999 -9999 -9999 -9999 -9999 -9999 -9999 -9999 -9999 -9999 -9999 -9999 -9999 -9999 -9999 -9999 -9999 -9999 -9999 -9999 -9999 -9999 -9999 -9999 -9999 -9999 -9999 -9999 -9999
-9999 -9999 -9999 -9999 -9999 0.08915286 0 0.09443789 0.5691543 0.06552683 0.1008404 0.1804319 0 0.1924545 0.2830701 0.8801184 0.4056456 0.3923757 0.2814306 0.03402898 0.1779501 0.2100983 0.3341293 0.3853506 0.4909944 0.5448864 0.4605221 0.6727542 0.1322466 0.04729331 0.3852541 0.3975545 0.3652443 0.5856766 0.882209 0.7994356 0.7321059 0.5896206 -9999 -9999 -9999 -9999 -9999 -9999 -9999 -9999 -9999 -9999 -9999 -9999 -9999 -9999 -9999 -9999 -9999 -9999 -9999 -9999 -9999 -9999 -9999 -9999 -9999 -9999 -9999 -9999 -9999 -9999
-9999 -9999 -9999 -9999 -9999 0.1005909 0.2104823 0.3832691 0 0 0.02148075 0.2149581 0.1968808 0.1959052 0 0.5007594 0 0.2036036 0.2238447 0.1844798 0.2598608 0.4964906 0.3097036 0.2788191 0.5074114 0.2848175 0 1.164688 0.3424895 0.4519245 0.46885 0.5870283 0.7292755 0.4947607 0.1978587 1.268872 0.7959549 -9999 -9999 -9999 -9999 -9999 -9999 -9999 -9999 -9999 -9999 -9999 -9999 -9999 -9999 -9999 -9999 -9999 -9999 -9999 -9999 -9999 -9999 -9999 -9999 -9999 -9999 -9999 -9999 -9999 -9999 -9999
-9999 -9999 -9999 -9999 -9999 0.02068502 0.1512929 0.1648109 0 0 0.121819 0 0 0.1594142 0.2256207 0.3627064 0.09755497 0.4915618 0.2016599 0.1105646 0.1858324 0.5909112 0.599525 0.2659183 0.3644244 0.1917031 0.2515973 1.652559 0.8171319 0.2329296 0.4546055 0.3653909 0.6501064 0.9894804 1.118821 0.6675785 -9999 -9999 -9999 -9999 -9999 -9999 -9999 -9999 -9999 -9999 -9999 -9999 -9999 -9999 -9999 -9999 -9999 -9999 -9999 -9999 -9999 -9999 -9999 -9999 -9999 -9999 -9999 -9999 -9999 -9999 -9999 -9999
-9999 -9999 -9999 -9999 -9999 0.2544744 0.8295829 0.1630994 0.1013983 0.1500171 0.2739398 0.08988369 0.11114 0.3466409 0.7111025 0.3142165 0.1931453 0.6241853 0.4481755 0.2264937 0.2759402 0.6145698 0.1598811 0.2021687 0.1138609 0.1809126 0.08643413 1.05963 0.6712531 0.5974598 0.3128842 0.4325652 0.5974368 0.5533927 0.9624075 0.5412568 -9999 -9999 -9999 -9999 -9999 -9999 -9999 -9999 -9999 -9999 -9999 -9999 -9999 -9999 -9999 -9999 -9999 -9999 -9999 -9999 -9999 -9999 -9999 -9999 -9999 -9999 -9999 -9999 -9999 -9999 -9999 -9999
-9999 -9999 -9999 -9999 -9999 0.1663797 0.237207 0 0.1691186 0.1706881 0.1440263 0.2038091 0 0.02967032 0.8550928 0.3735181 0.2173926 0.1960353 0.09307162 0.2741194 0.3818192 0.3632763 0.4023719 0.3924231 0.3673712 0.6177006 0.298385 1.134855 0.5008298 0.610085 0.5325605 0.8463048 0.8704362 0.7917809 0.9746515 -9999 -9999 -9999 -9999 -9999 -9999 -9999 -9999 -9999 -9999 -9999 -9999 -9999 -9999 -9999 -9999 -9999 -9999 -9999 -9999 -9999 -9999 -9999 -9999 -9999 -9999 -9999 -9999 -9999 -9999 -9999 -9999 -9999
-9999 -9999 -9999 -9999 -9999 0.2381369 0.4676932 0.2837166 0.4222505 0.03395537 0.0428111 0.3467449 0.1540458 0 0.4240765 0.5148292 0.4546876 0.2998337 0.2663893 0.09224748 0.3127812 0.1695393 0.4046358 0.6084869 0.07964543 0.3576957 0.5061276 1.060844 0.3225496 0.2926153 0.8942447 1.37753 0.4864151 0.5035314 0.5591613 4.188146e-005 -9999 -9999 -9999 -9999 -9999 -9999 -9999 -9999 -9999 -9999 -9999 -9999 -9999 -9999 -9999 -9999 -9999 -9999 -9999 -9999 -9999 -9999 -9999 -9999 -9999 -9999 -9999 -9999 -9999 -9999 -9999 -9999
-9999 -9999 -9999 -9999 -9999 0.1103826 0.3626541 0.3360415 0.07438008 0.2447563 0.4805429 0.2185926 0.3196697 0.1753948 0.7442563 0.3447705 0.05723041 0.1704678 0.3097671 0.3132934 0.4425839 0.3352745 0.4133117 0.3880101 0.3876175 0.34488 0.5306559 0.3974316 0.9025645 1.342138 0.9001328 1.033641 0.1822433 0.6475806 0.2629636 0.3929859 0.5975314 0.6793457 -9999 -9999 -9999 -9999 -9999 -9999 -9999 -9999 -9999 -9999 -9999 -9999 -9999 -9999 -9999 -9999 -9999 -9999 -9999 -9999 -9999 -9999 -9999 -9999 -9999 -9999 -9999 -9999 -9999 -9999
-9999 -9999 -9999 -9999 0.1888248 0.1270678 0.2619882 0.2582038 0.2945833 0.390828 0.01905489 0.2693336 0.1652546 0.6860129 0.1434543 0.4081421 0.2317902 0.6776806 0.5500349 0.6339694 0.7234892 0.9353905 0.886673 1.114478 0.612584 0.4159345 0.954038 1.059572 1.01332 0.7429984 0.5506813 0.8607956 0.4547899 1.943011 1.127736 0.5787971 0.2750458 0 -9999 -9999 -9999 -9999 -9999 -9999 -9999 -9999 -9999 -9999 -9999 -9999 -9999 -9999 -9999 -9999 -9999 -9999 -9999 -9999 -9999 -9999 -9999 -9999 -9999 -9999 -9999 -9999 -9999 -9999
-9999 -9999 -9999 -9999 0.3028294 0.08299281 0.6335966 0.4661032 0.3211817 0.2988705 0.6182862 0.5179555 0.2062194 0.6808327 0.5014896 0 0.1617713 0.120358 0.4393102 0.1960812 0.1150134 0.317448 0.5282231 0.1738297 1.183397 0.706216 0.7514274 0.5991414 0.9108995 0.9850513 1.336359 1.247137 1.141055 0.8784432 0.5150549 0 -9999 -9999 -9999 -9999 -9999 -9999 -9999 -9999 -9999 -9999 -9999 -9999 -9999 -9999 -9999 -9999 -9999 -9999 -9999 -9999 -9999 -9999 -9999 -9999 -9999 -9999 -9999 -9999 -9999 -9999 -9999 -9999
