Appendix_Data/App5_Expert_Maps/SA_ASCII/alt.asc
NCOLS 472
NROWS 227
XLLCORNER 17.83333
YLLCORNER -34.83333
CELLSIZE 0.01666667
NODATA_VALUE -9999
[rows 180 to 215 of 227, columns 162 to 242 of 472]
101 132 135 140 229 189 263 283 262 239 281 296 336 303 284 316 249 222 242 220 163 170 210 196 180 112 156 225 236 220 192 182 198 293 302 205 209 188 207 170 136 128 113 133 162 173 177 120 155 185 218 283 357 331 297 298 246 183 171 201 230 186 185 216 216 208 188 184 177 153 104 104 104 105 107 103 132 134 174 226 218
126 139 99 177 210 218 246 286 233 242 306 326 225 221 272 278 262 185 230 206 164 161 152 109 116 111 163 151 165 150 145 156 182 227 249 301 261 283 187 186 188 151 120 105 145 101 128 142 191 219 227 258 238 305 260 259 237 174 173 181 200 185 190 153 201 186 211 194 176 138 151 104 104 104 104 143 271 267 271 268 251
87 126 107 147 204 204 215 283 297 256 284 301 219 185 227 265 249 189 210 200 212 173 119 166 162 110 163 120 112 110 137 168 194 228 304 321 292 255 237 233 184 188 172 108 102 177 191 238 200 220 216 200 242 287 256 215 195 197 155 178 176 163 180 157 152 182 148 183 171 106 104 104 106 141 122 166 193 290 274 285 313
125 145 137 125 153 173 213 233 274 317 279 274 230 207 195 226 222 180 159 201 142 141 124 128 123 109 124 160 183 197 219 212 173 215 190 230 234 230 197 198 208 215 238 184 108 170 191 214 277 268 202 216 267 274 263 241 207 180 170 187 135 183 168 199 138 122 127 145 143 103 104 110 132 133 163 175 179 178 210 254 246
91 112 166 159 196 213 191 227 260 256 284 233 179 170 158 174 212 218 151 175 207 203 191 192 184 148 146 159 155 193 184 162 154 157 157 159 163 164 177 148 162 162 158 144 143 175 190 187 177 215 208 174 192 249 247 231 228 165 172 168 159 129 131 115 130 115 128 122 105 118 104 115 105 139 151 128 145 123 154 160 185
124 152 148 151 206 189 188 219 197 230 234 256 225 201 186 152 138 185 175 133 192 206 190 181 134 146 100 149 131 146 127 146 140 138 133 149 152 154 153 148 139 127 111 143 137 155 139 147 145 187 189 159 170 178 202 229 244 227 223 196 187 143 124 127 121 133 152 126 109 107 104 104 134 143 145 115 114 107 141 109 113
143 157 134 127 138 131 155 160 171 185 210 190 167 157 177 129 130 172 161 128 172 185 190 154 152 154 82 105 106 135 135 133 127 117 138 135 144 144 142 145 142 134 135 131 99 120 136 138 155 152 147 165 188 217 216 201 216 168 149 139 147 121 157 135 105 103 102 112 104 104 104 104 104 106 104 102 104 106 101 103 148
129 82 88 141 125 117 128 128 138 170 199 203 214 224 203 166 143 110 159 155 124 182 173 144 133 119 109 130 124 116 120 110 127 131 128 125 133 135 135 134 130 125 122 123 130 130 136 148 174 165 165 162 161 169 174 185 208 205 208 191 174 161 176 141 126 132 106 104 132 104 105 104 104 104 107 122 161 155 178 172 193
81 77 90 105 109 120 160 158 173 187 243 244 168 166 144 119 140 150 110 130 116 151 151 129 135 101 116 112 112 113 113 116 114 117 119 117 124 125 129 128 126 121 114 116 81 152 153 174 172 187 193 201 172 162 151 145 153 154 173 199 172 188 170 153 130 143 153 166 192 202 158 180 253 241 225 184 166 142 154 143 125
64 116 120 114 120 125 132 214 241 224 245 189 180 187 189 173 143 126 109 109 115 115 120 109 126 70 88 122 125 110 107 105 110 107 104 109 117 113 119 115 118 118 116 141 89 135 203 201 126 121 126 134 136 143 166 160 166 168 189 205 225 224 222 212 286 227 243 301 190 161 147 129 50 148 222 183 177 151 130 99 115
57 99 107 107 125 129 205 189 154 214 197 171 156 141 128 141 136 110 121 102 107 115 125 120 113 103 78 101 113 102 98 106 102 96 92 97 105 102 107 107 116 106 123 161 115 103 94 109 103 116 163 183 180 173 181 186 197 207 193 202 210 247 243 204 180 150 136 135 136 124 145 130 68 69 149 113 63 79 62 62 68
99 52 83 127 100 129 170 148 135 170 188 161 127 124 132 123 125 84 118 107 118 111 103 128 104 102 66 82 86 94 92 91 88 86 88 101 97 96 97 96 119 120 114 136 156 78 89 91 96 87 93 91 101 103 97 95 91 117 133 140 211 160 151 143 154 151 163 152 116 157 124 84 9 5 19 22 40 106 97 82 80
45 36 83 101 115 99 150 153 133 179 172 163 133 115 76 117 65 104 107 103 115 104 95 95 93 101 70 62 70 65 62 65 79 89 92 152 164 130 105 111 121 106 112 107 129 72 85 85 94 95 93 86 83 121 165 162 152 148 144 136 128 177 187 179 189 157 211 238 183 133 95 51 21 5 5 5 6 11 72 75 71
88 67 39 83 97 89 122 121 160 137 137 110 107 112 94 76 71 111 100 92 94 87 89 77 79 78 77 48 29 61 117 146 162 186 157 180 174 189 182 164 138 102 82 83 98 51 107 135 171 201 205 187 191 172 174 188 198 198 187 169 190 204 179 136 135 184 194 158 209 237 211 154 106 66 18 5 5 8 32 116 95
55 36 37 57 46 64 96 101 77 114 120 119 80 72 88 66 82 96 98 92 74 80 149 195 207 206 166 88 62 56 108 170 169 181 176 159 158 158 166 184 213 195 174 186 185 106 42 71 78 99 109 154 168 181 192 180 165 170 159 161 188 203 186 199 218 202 153 138 138 138 164 182 172 166 113 66 52 17 45 65 69
65 124 68 73 33 63 95 78 62 109 109 105 99 50 54 90 91 78 71 69 144 148 156 167 155 156 134 86 50 70 119 173 195 210 242 258 226 204 181 164 157 159 168 181 216 222 177 99 64 26 44 55 84 70 79 107 135 171 154 169 165 171 196 200 170 200 237 247 221 199 219 280 238 160 100 70 53 12 22 36 29
84 81 70 45 66 55 98 50 76 83 74 63 76 81 80 87 67 72 96 80 110 119 143 150 161 140 144 121 70 123 194 212 215 230 250 223 220 214 225 223 247 202 203 190 244 197 203 173 136 75 31 24 27 74 106 113 117 117 146 167 174 170 154 150 167 208 214 238 281 287 249 192 193 178 107 69 57 42 9 7 21
125 74 48 35 33 21 23 16 18 57 68 46 37 86 83 81 62 56 56 55 81 143 156 143 145 128 119 68 119 145 174 183 187 200 179 177 172 195 225 218 217 214 226 208 207 191 171 139 137 86 54 47 45 78 81 73 74 81 64 67 86 118 138 142 148 195 216 209 240 229 209 145 108 124 124 117 55 42 28 28 1
477 367 151 73 41 67 49 58 32 27 17 60 44 75 82 69 60 50 39 84 129 99 50 18 16 23 8 14 37 80 72 99 116 130 151 153 160 168 172 172 177 192 197 207 182 175 179 169 149 142 126 65 11 42 27 21 42 1 1 -9999 1 1 13 57 106 160 219 205 231 209 201 177 138 89 96 108 112 40 3 1 1
265 497 448 301 295 176 191 113 94 58 29 18 38 48 76 57 41 39 51 57 1 1 -9999 -9999 -9999 -9999 -9999 -9999 -9999 -9999 -9999 -9999 1 1 34 27 113 138 142 150 147 147 161 151 146 176 196 176 125 91 64 56 26 1 -9999 -9999 -9999 -9999 -9999 -9999 -9999 -9999 -9999 -9999 1 7 23 128 129 115 106 61 22 15 4 1 1 1 -9999 -9999 -9999
146 165 231 306 286 406 209 247 183 161 149 86 43 27 12 12 4 2 3 1 -9999 -9999 -9999 -9999 -9999 -9999 -9999 -9999 -9999 -9999 -9999 -9999 -9999 -9999 -9999 -9999 -9999 1 57 58 105 124 136 128 127 163 109 108 112 87 66 35 1 1 -9999 -9999 -9999 -9999 -9999 -9999 -9999 -9999 -9999 -9999 -9999 -9999 -9999 -9999 1 1 1 1 -9999 -9999 -9999 -9999 -9999 -9999 -9999 -9999 -9999
187 146 147 146 151 191 357 329 395 365 244 321 221 141 57 49 49 42 12 1 -9999 -9999 -9999 -9999 -9999 -9999 -9999 -9999 -9999 -9999 -9999 -9999 -9999 -9999 -9999 -9999 -9999 -9999 -9999 -9999 15 52 116 158 147 134 152 116 47 69 1 1 -9999 -9999 -9999 -9999 -9999 -9999 -9999 -9999 -9999 -9999 -9999 -9999 -9999 -9999 -9999 -9999 -9999 -9999 -9999 -9999 -9999 -9999 -9999 -9999 -9999 -9999 -9999 -9999 -9999
138 153 163 188 165 196 260 179 115 103 87 84 87 106 185 188 164 112 83 37 -9999 -9999 -9999 -9999 -9999 -9999 -9999 -9999 -9999 -9999 -9999 -9999 -9999 -9999 -9999 -9999 -9999 -9999 -9999 -9999 -9999 -9999 -9999 1 37 118 49 1 1 -9999 -9999 -9999 -9999 -9999 -9999 -9999 -9999 -9999 -9999 -9999 -9999 -9999 -9999 -9999 -9999 -9999 -9999 -9999 -9999 -9999 -9999 -9999 -9999 -9999 -9999 -9999 -9999 -9999 -9999 -9999 -9999
86 100 109 107 70 45 18 21 83 51 79 36 79 81 130 163 172 155 111 50 -9999 -9999 -9999 -9999 -9999 -9999 -9999 -9999 -9999 -9999 -9999 -9999 -9999 -9999 -9999 -9999 -9999 -9999 -9999 -9999 -9999 -9999 -9999 -9999 -9999 -9999 -9999 -9999 -9999 -9999 -9999 -9999 -9999 -9999 -9999 -9999 -9999 -9999 -9999 -9999 -9999 -9999 -9999 -9999 -9999 -9999 -9999 -9999 -9999 -9999 -9999 -9999 -9999 -9999 -9999 -9999 -9999 -9999 -9999 -9999 -9999
4 1 1 -9999 -9999 -9999 -9999 -9999 -9999 -9999 -9999 -9999 -9999 1 11 18 66 105 38 10 -9999 -9999 -9999 -9999 -9999 -9999 -9999 -9999 -9999 -9999 -9999 -9999 -9999 -9999 -9999 -9999 -9999 -9999 -9999 -9999 -9999 -9999 -9999 -9999 -9999 -9999 -9999 -9999 -9999 -9999 -9999 -9999 -9999 -9999 -9999 -9999 -9999 -9999 -9999 -9999 -9999 -9999 -9999 -9999 -9999 -9999 -9999 -9999 -9999 -9999 -9999 -9999 -9999 -9999 -9999 -9999 -9999 -9999 -9999 -9999 -9999
-9999 -9999 -9999 -9999 -9999 -9999 -9999 -9999 -9999 -9999 -9999 -9999 -9999 -9999 -9999 -9999 -9999 -9999 -9999 -9999 -9999 -9999 -9999 -9999 -9999 -9999 -9999 -9999 -9999 -9999 -9999 -9999 -9999 -9999 -9999 -9999 -9999 -9999 -9999 -9999 -9999 -9999 -9999 -9999 -9999 -9999 -9999 -9999 -9999 -9999 -9999 -9999 -9999 -9999 -9999 -9999 -9999 -9999 -9999 -9999 -9999 -9999 -9999 -9999 -9999 -9999 -9999 -9999 -9999 -9999 -9999 -9999 -9999 -9999 -9999 -9999 -9999 -9999 -9999 -9999 -9999
-9999 -9999 -9999 -9999 -9999 -9999 -9999 -9999 -9999 -9999 -9999 -9999 -9999 -9999 -9999 -9999 -9999 -9999 -9999 -9999 -9999 -9999 -9999 -9999 -9999 -9999 -9999 -9999 -9999 -9999 -9999 -9999 -9999 -9999 -9999 -9999 -9999 -9999 -9999 -9999 -9999 -9999 -9999 -9999 -9999 -9999 -9999 -9999 -9999 -9999 -9999 -9999 -9999 -9999 -9999 -9999 -9999 -9999 -9999 -9999 -9999 -9999 -9999 -9999 -9999 -9999 -9999 -9999 -9999 -9999 -9999 -9999 -9999 -9999 -9999 -9999 -9999 -9999 -9999 -9999 -9999
-9999 -9999 -9999 -9999 -9999 -9999 -9999 -9999 -9999 -9999 -9999 -9999 -9999 -9999 -9999 -9999 -9999 -9999 -9999 -9999 -9999 -9999 -9999 -9999 -9999 -9999 -9999 -9999 -9999 -9999 -9999 -9999 -9999 -9999 -9999 -9999 -9999 -9999 -9999 -9999 -9999 -9999 -9999 -9999 -9999 -9999 -9999 -9999 -9999 -9999 -9999 -9999 -9999 -9999 -9999 -9999 -9999 -9999 -9999 -9999 -9999 -9999 -9999 -9999 -9999 -9999 -9999 -9999 -9999 -9999 -9999 -9999 -9999 -9999 -9999 -9999 -9999 -9999 -9999 -9999 -9999
-9999 -9999 -9999 -9999 -9999 -9999 -9999 -9999 -9999 -9999 -9999 -9999 -9999 -9999 -9999 -9999 -9999 -9999 -9999 -9999 -9999 -9999 -9999 -9999 -9999 -9999 -9999 -9999 -9999 -9999 -9999 -9999 -9999 -9999 -9999 -9999 -9999 -9999 -9999 -9999 -9999 -9999 -9999 -9999 -9999 -9999 -9999 -9999 -9999 -9999 -9999 -9999 -9999 -9999 -9999 -9999 -9999 -9999 -9999 -9999 -9999 -9999 -9999 -9999 -9999 -9999 -9999 -9999 -9999 -9999 -9999 -9999 -9999 -9999 -9999 -9999 -9999 -9999 -9999 -9999 -9999
-9999 -9999 -9999 -9999 -9999 -9999 -9999 -9999 -9999 -9999 -9999 -9999 -9999 -9999 -9999 -9999 -9999 -9999 -9999 -9999 -9999 -9999 -9999 -9999 -9999 -9999 -9999 -9999 -9999 -9999 -9999 -9999 -9999 -9999 -9999 -9999 -9999 -9999 -9999 -9999 -9999 -9999 -9999 -9999 -9999 -9999 -9999 -9999 -9999 -9999 -9999 -9999 -9999 -9999 -9999 -9999 -9999 -9999 -9999 -9999 -9999 -9999 -9999 -9999 -9999 -9999 -9999 -9999 -9999 -9999 -9999 -9999 -9999 -9999 -9999 -9999 -9999 -9999 -9999 -9999 -9999
-9999 -9999 -9999 -9999 -9999 -9999 -9999 -9999 -9999 -9999 -9999 -9999 -9999 -9999 -9999 -9999 -9999 -9999 -9999 -9999 -9999 -9999 -9999 -9999 -9999 -9999 -9999 -9999 -9999 -9999 -9999 -9999 -9999 -9999 -9999 -9999 -9999 -9999 -9999 -9999 -9999 -9999 -9999 -9999 -9999 -9999 -9999 -9999 -9999 -9999 -9999 -9999 -9999 -9999 -9999 -9999 -9999 -9999 -9999 -9999 -9999 -9999 -9999 -9999 -9999 -9999 -9999 -9999 -9999 -9999 -9999 -9999 -9999 -9999 -9999 -9999 -9999 -9999 -9999 -9999 -9999
-9999 -9999 -9999 -9999 -9999 -9999 -9999 -9999 -9999 -9999 -9999 -9999 -9999 -9999 -9999 -9999 -9999 -9999 -9999 -9999 -9999 -9999 -9999 -9999 -9999 -9999 -9999 -9999 -9999 -9999 -9999 -9999 -9999 -9999 -9999 -9999 -9999 -9999 -9999 -9999 -9999 -9999 -9999 -9999 -9999 -9999 -9999 -9999 -9999 -9999 -9999 -9999 -9999 -9999 -9999 -9999 -9999 -9999 -9999 -9999 -9999 -9999 -9999 -9999 -9999 -9999 -9999 -9999 -9999 -9999 -9999 -9999 -9999 -9999 -9999 -9999 -9999 -9999 -9999 -9999 -9999
-9999 -9999 -9999 -9999 -9999 -9999 -9999 -9999 -9999 -9999 -9999 -9999 -9999 -9999 -9999 -9999 -9999 -9999 -9999 -9999 -9999 -9999 -9999 -9999 -9999 -9999 -9999 -9999 -9999 -9999 -9999 -9999 -9999 -9999 -9999 -9999 -9999 -9999 -9999 -9999 -9999 -9999 -9999 -9999 -9999 -9999 -9999 -9999 -9999 -9999 -9999 -9999 -9999 -9999 -9999 -9999 -9999 -9999 -9999 -9999 -9999 -9999 -9999 -9999 -9999 -9999 -9999 -9999 -9999 -9999 -9999 -9999 -9999 -9999 -9999 -9999 -9999 -9999 -9999 -9999 -9999
-9999 -9999 -9999 -9999 -9999 -9999 -9999 -9999 -9999 -9999 -9999 -9999 -9999 -9999 -9999 -9999 -9999 -9999 -9999 -9999 -9999 -9999 -9999 -9999 -9999 -9999 -9999 -9999 -9999 -9999 -9999 -9999 -9999 -9999 -9999 -9999 -9999 -9999 -9999 -9999 -9999 -9999 -9999 -9999 -9999 -9999 -9999 -9999 -9999 -9999 -9999 -9999 -9999 -9999 -9999 -9999 -9999 -9999 -9999 -9999 -9999 -9999 -9999 -9999 -9999 -9999 -9999 -9999 -9999 -9999 -9999 -9999 -9999 -9999 -9999 -9999 -9999 -9999 -9999 -9999 -9999
-9999 -9999 -9999 -9999 -9999 -9999 -9999 -9999 -9999 -9999 -9999 -9999 -9999 -9999 -9999 -9999 -9999 -9999 -9999 -9999 -9999 -9999 -9999 -9999 -9999 -9999 -9999 -9999 -9999 -9999 -9999 -9999 -9999 -9999 -9999 -9999 -9999 -9999 -9999 -9999 -9999 -9999 -9999 -9999 -9999 -9999 -9999 -9999 -9999 -9999 -9999 -9999 -9999 -9999 -9999 -9999 -9999 -9999 -9999 -9999 -9999 -9999 -9999 -9999 -9999 -9999 -9999 -9999 -9999 -9999 -9999 -9999 -9999 -9999 -9999 -9999 -9999 -9999 -9999 -9999 -9999
-9999 -9999 -9999 -9999 -9999 -9999 -9999 -9999 -9999 -9999 -9999 -9999 -9999 -9999 -9999 -9999 -9999 -9999 -9999 -9999 -9999 -9999 -9999 -9999 -9999 -9999 -9999 -9999 -9999 -9999 -9999 -9999 -9999 -9999 -9999 -9999 -9999 -9999 -9999 -9999 -9999 -9999 -9999 -9999 -9999 -9999 -9999 -9999 -9999 -9999 -9999 -9999 -9999 -9999 -9999 -9999 -9999 -9999 -9999 -9999 -9999 -9999 -9999 -9999 -9999 -9999 -9999 -9999 -9999 -9999 -9999 -9999 -9999 -9999 -9999 -9999 -9999 -9999 -9999 -9999 -9999
