Appendix_Data/App5_Expert_Maps/SA_ASCII/alt.asc
NCOLS 472
NROWS 227
XLLCORNER 17.83333
YLLCORNER -34.83333
CELLSIZE 0.01666667
NODATA_VALUE -9999
[rows 108 to 143 of 227, columns 162 to 242 of 472]
-9999 -9999 -9999 -9999 -9999 -9999 -9999 -9999 -9999 -9999 -9999 -9999 -9999 -9999 -9999 -9999 -9999 -9999 -9999 -9999 -9999 -9999 -9999 -9999 -9999 -9999 -9999 -9999 -9999 -9999 -9999 -9999 -9999 -9999 -9999 -9999 -9999 -9999 -9999 -9999 -9999 -9999 -9999 -9999 -9999 -9999 -9999 -9999 -9999 -9999 -9999 -9999 -9999 -9999 -9999 -9999 -9999 -9999 -9999 -9999 -9999 -9999 -9999 -9999 -9999 -9999 -9999 -9999 -9999 -9999 -9999 -9999 -9999 -9999 -9999 -9999 -9999 -9999 -9999 -9999 -9999
-9999 -9999 -9999 -9999 -9999 -9999 -9999 -9999 -9999 -9999 -9999 -9999 -9999 -9999 -9999 -9999 -9999 -9999 -9999 -9999 -9999 -9999 -9999 -9999 -9999 -9999 -9999 -9999 -9999 -9999 -9999 -9999 -9999 -9999 -9999 -9999 -9999 -9999 -9999 -9999 -9999 -9999 -9999 -9999 -9999 -9999 -9999 -9999 -9999 -9999 -9999 -9999 -9999 -9999 -9999 -9999 -9999 -9999 -9999 -9999 -9999 -9999 -9999 -9999 -9999 -9999 -9999 -9999 -9999 -9999 -9999 -9999 -9999 -9999 -9999 -9999 -9999 -9999 -9999 -9999 -9999
-9999 -9999 -9999 -9999 -9999 -9999 -9999 -9999 -9999 -9999 -9999 -9999 -9999 -9999 -9999 -9999 -9999 -9999 -9999 -9999 -9999 -9999 -9999 -9999 -9999 -9999 -9999 -9999 -9999 -9999 -9999 -9999 -9999 -9999 -9999 -9999 -9999 -9999 -9999 -9999 -9999 -9999 -9999 -9999 -9999 -9999 -9999 -9999 -9999 -9999 -9999 -9999 -9999 -9999 -9999 -9999 -9999 -9999 -9999 -9999 -9999 -9999 -9999 -9999 -9999 -9999 -9999 -9999 -9999 -9999 -9999 -9999 -9999 -9999 -9999 -9999 -9999 -9999 -9999 -9999 -9999
-9999 -9999 -9999 -9999 -9999 -9999 -9999 -9999 -9999 -9999 -9999 -9999 -9999 -9999 -9999 -9999 -9999 -9999 -9999 -9999 -9999 -9999 -9999 -9999 -9999 -9999 -9999 -9999 -9999 -9999 -9999 -9999 -9999 -9999 -9999 -9999 -9999 -9999 -9999 -9999 -9999 -9999 -9999 -9999 -9999 -9999 -9999 -9999 -9999 -9999 -9999 -9999 -9999 -9999 -9999 -9999 -9999 -9999 -9999 -9999 -9999 -9999 -9999 -9999 -9999 -9999 -9999 -9999 -9999 -9999 -9999 -9999 -9999 -9999 -9999 -9999 -9999 -9999 -9999 -9999 -9999
-9999 -9999 -9999 -9999 -9999 -9999 -9999 -9999 -9999 -9999 -9999 -9999 -9999 -9999 -9999 -9999 -9999 -9999 -9999 -9999 -9999 -9999 -9999 -9999 -9999 -9999 -9999 -9999 -9999 -9999 -9999 -9999 -9999 -9999 -9999 -9999 -9999 -9999 -9999 -9999 -9999 -9999 -9999 -9999 -9999 -9999 -9999 -9999 -9999 -9999 -9999 -9999 -9999 -9999 -9999 -9999 -9999 -9999 -9999 -9999 -9999 -9999 -9999 -9999 -9999 -9999 -9999 -9999 -9999 -9999 -9999 -9999 -9999 -9999 -9999 -9999 -9999 -9999 -9999 -9999 -9999
-9999 -9999 -9999 -9999 -9999 -9999 -9999 -9999 -9999 -9999 -9999 -9999 -9999 -9999 -9999 -9999 -9999 -9999 -9999 -9999 -9999 -9999 -9999 -9999 -9999 -9999 -9999 -9999 -9999 -9999 -9999 -9999 -9999 -9999 -9999 -9999 -9999 -9999 -9999 -9999 -9999 -9999 -9999 -9999 -9999 -9999 -9999 -9999 -9999 -9999 -9999 -9999 -9999 -9999 -9999 -9999 -9999 -9999 -9999 -9999 -9999 -9999 -9999 -9999 -9999 -9999 -9999 -9999 -9999 -9999 -9999 -9999 -9999 -9999 -9999 -9999 -9999 -9999 -9999 -9999 -9999
-9999 -9999 -9999 -9999 -9999 -9999 -9999 -9999 -9999 -9999 -9999 -9999 -9999 -9999 -9999 -9999 -9999 -9999 -9999 -9999 -9999 -9999 -9999 -9999 -9999 -9999 -9999 -9999 -9999 -9999 -9999 -9999 -9999 -9999 -9999 -9999 -9999 -9999 -9999 -9999 -9999 -9999 -9999 -9999 -9999 -9999 -9999 -9999 -9999 -9999 -9999 -9999 -9999 -9999 -9999 -9999 -9999 -9999 -9999 -9999 -9999 -9999 -9999 -9999 -9999 -9999 -9999 -9999 -9999 -9999 -9999 -9999 -9999 -9999 -9999 -9999 -9999 -9999 -9999 -9999 -9999
-9999 -9999 -9999 -9999 -9999 -9999 -9999 -9999 -9999 -9999 -9999 -9999 -9999 -9999 -9999 -9999 -9999 -9999 -9999 -9999 -9999 -9999 -9999 -9999 -9999 -9999 -9999 -9999 -9999 -9999 -9999 -9999 -9999 -9999 -9999 -9999 -9999 -9999 -9999 -9999 -9999 -9999 -9999 -9999 -9999 -9999 -9999 -9999 -9999 -9999 -9999 -9999 -9999 -9999 -9999 -9999 -9999 -9999 -9999 -9999 -9999 -9999 -9999 -9999 -9999 -9999 -9999 -9999 -9999 -9999 -9999 -9999 -9999 -9999 -9999 -9999 -9999 -9999 -9999 -9999 -9999
-9999 -9999 -9999 -9999 -9999 -9999 -9999 -9999 -9999 -9999 -9999 -9999 -9999 -9999 -9999 -9999 -9999 -9999 -9999 -9999 -9999 -9999 -9999 -9999 -9999 -9999 -9999 -9999 -9999 -9999 -9999 -9999 -9999 -9999 -9999 -9999 -9999 -9999 -9999 -9999 -9999 -9999 -9999 -9999 -9999 -9999 -9999 -9999 -9999 -9999 -9999 -9999 -9999 -9999 -9999 -9999 -9999 -9999 -9999 -9999 -9999 -9999 -9999 -9999 -9999 -9999 -9999 -9999 -9999 -9999 -9999 -9999 -9999 -9999 -9999 -9999 -9999 -9999 -9999 -9999 -9999
-9999 -9999 -9999 -9999 -9999 -9999 -9999 -9999 -9999 -9999 -9999 -9999 -9999 -9999 -9999 -9999 -9999 -9999 -9999 -9999 -9999 -9999 -9999 -9999 -9999 -9999 -9999 -9999 -9999 -9999 -9999 -9999 -9999 -9999 -9999 -9999 -9999 -9999 -9999 -9999 -9999 -9999 -9999 -9999 -9999 -9999 -9999 -9999 -9999 -9999 -9999 -9999 -9999 -9999 -9999 -9999 -9999 -9999 -9999 -9999 -9999 -9999 -9999 -9999 -9999 -9999 -9999 -9999 -9999 -9999 -9999 -9999 -9999 -9999 -9999 -9999 -9999 -9999 -9999 -9999 -9999
-9999 -9999 -9999 -9999 -9999 -9999 -9999 -9999 -9999 -9999 -9999 -9999 -9999 -9999 -9999 -9999 -9999 -9999 -9999 -9999 -9999 -9999 -9999 -9999 -9999 -9999 -9999 -9999 -9999 -9999 -9999 -9999 -9999 -9999 -9999 -9999 -9999 -9999 -9999 -9999 -9999 -9999 -9999 -9999 -9999 -9999 -9999 -9999 -9999 -9999 -9999 -9999 -9999 -9999 -9999 -9999 -9999 -9999 -9999 -9999 -9999 -9999 -9999 -9999 -9999 -9999 -9999 -9999 -9999 -9999 -9999 -9999 -9999 -9999 -9999 -9999 -9999 -9999 -9999 -9999 -9999
-9999 -9999 -9999 -9999 -9999 -9999 -9999 -9999 -9999 -9999 -9999 -9999 -9999 -9999 -9999 -9999 -9999 -9999 -9999 -9999 -9999 -9999 -9999 -9999 -9999 -9999 -9999 -9999 -9999 -9999 -9999 -9999 -9999 -9999 -9999 -9999 -9999 -9999 -9999 -9999 -9999 -9999 -9999 -9999 -9999 -9999 -9999 -9999 -9999 -9999 -9999 -9999 -9999 -9999 -9999 -9999 -9999 -9999 -9999 -9999 -9999 -9999 -9999 -9999 -9999 -9999 -9999 -9999 -9999 -9999 -9999 -9999 -9999 -9999 -9999 -9999 -9999 -9999 -9999 -9999 -9999
-9999 -9999 -9999 -9999 -9999 -9999 -9999 -9999 -9999 -9999 -9999 -9999 -9999 -9999 -9999 -9999 -9999 -9999 -9999 -9999 -9999 -9999 -9999 -9999 -9999 -9999 -9999 -9999 -9999 -9999 -9999 -9999 -9999 -9999 -9999 -9999 -9999 -9999 -9999 -9999 -9999 -9999 -9999 -9999 -9999 -9999 -9999 -9999 -9999 -9999 -9999 -9999 -9999 -9999 -9999 -9999 -9999 -9999 -9999 -9999 -9999 -9999 -9999 -9999 -9999 -9999 -9999 -9999 -9999 -9999 -9999 -9999 -9999 -9999 -9999 -9999 -9999 -9999 -9999 -9999 -9999
-9999 -9999 -9999 -9999 -9999 -9999 -9999 -9999 -9999 -9999 -9999 -9999 -9999 -9999 -9999 -9999 -9999 -9999 -9999 -9999 -9999 -9999 -9999 -9999 -9999 -9999 -9999 -9999 -9999 -9999 -9999 -9999 -9999 -9999 -9999 -9999 -9999 -9999 -9999 -9999 -9999 -9999 -9999 -9999 -9999 -9999 -9999 -9999 -9999 -9999 -9999 -9999 -9999 -9999 -9999 -9999 -9999 -9999 -9999 -9999 -9999 -9999 -9999 -9999 -9999 -9999 -9999 -9999 -9999 -9999 -9999 -9999 -9999 -9999 -9999 -9999 -9999 -9999 -9999 -9999 -9999
-9999 -9999 -9999 -9999 -9999 -9999 -9999 -9999 -9999 -9999 -9999 -9999 -9999 -9999 -9999 -9999 -9999 -9999 -9999 -9999 -9999 -9999 -9999 -9999 -9999 -9999 -9999 -9999 -9999 -9999 -9999 -9999 -9999 -9999 -9999 -9999 -9999 -9999 -9999 -9999 -9999 -9999 -9999 -9999 -9999 -9999 -9999 -9999 -9999 -9999 -9999 -9999 -9999 -9999 -9999 -9999 -9999 -9999 -9999 -9999 -9999 -9999 -9999 -9999 -9999 -9999 -9999 -9999 -9999 -9999 -9999 -9999 -9999 -9999 -9999 -9999 -9999 -9999 -9999 -9999 -9999
-9999 -9999 -9999 -9999 -9999 -9999 -9999 -9999 -9999 -9999 -9999 -9999 -9999 -9999 -9999 -9999 -9999 -9999 -9999 -9999 -9999 -9999 -9999 -9999 -9999 -9999 -9999 -9999 -9999 -9999 -9999 -9999 -9999 -9999 -9999 -9999 -9999 -9999 -9999 -9999 -9999 -9999 -9999 -9999 -9999 -9999 -9999 -9999 -9999 -9999 -9999 -9999 -9999 -9999 -9999 -9999 -9999 -9999 -9999 -9999 -9999 -9999 -9999 -9999 -9999 -9999 -9999 -9999 -9999 -9999 -9999 -9999 -9999 -9999 -9999 -9999 -9999 -9999 -9999 -9999 -9999
929 908 879 870 861 852 826 812 804 806 792 772 769 791 804 790 775 796 798 744 703 749 742 767 779 745 751 730 748 766 758 803 854 900 835 824 816 796 783 786 807 788 781 790 813 819 823 809 801 722 661 656 616 600 577 549 530 -9999 -9999 -9999 -9999 -9999 -9999 -9999 -9999 -9999 -9999 -9999 -9999 -9999 -9999 -9999 -9999 -9999 -9999 -9999 -9999 -9999 -9999 -9999 -9999
931 920 912 891 877 868 844 853 825 817 828 803 771 759 740 734 736 742 730 705 678 759 842 819 768 744 741 742 746 759 746 759 788 850 889 830 797 787 833 834 867 847 866 885 845 788 875 738 716 659 624 598 580 573 551 551 522 -9999 -9999 -9999 -9999 -9999 -9999 -9999 -9999 -9999 -9999 -9999 -9999 -9999 -9999 -9999 -9999 -9999 -9999 -9999 -9999 -9999 -9999 -9999 -9999
964 948 945 964 922 915 887 899 901 922 884 857 825 905 875 806 721 708 722 686 792 824 923 884 818 744 687 684 694 744 774 767 773 789 804 794 798 818 791 790 760 752 735 716 688 679 671 648 639 608 595 587 579 566 551 547 534 -9999 -9999 -9999 -9999 -9999 -9999 -9999 -9999 -9999 -9999 -9999 -9999 -9999 -9999 -9999 -9999 -9999 -9999 -9999 -9999 -9999 -9999 -9999 -9999
1009 1043 1031 1040 985 974 893 890 853 826 823 788 751 719 707 696 683 684 677 695 804 775 754 743 718 742 698 705 688 704 742 765 783 798 774 765 775 790 764 756 750 741 713 709 697 684 682 655 674 664 665 692 618 605 547 521 511 -9999 -9999 -9999 -9999 -9999 -9999 -9999 -9999 -9999 -9999 -9999 -9999 -9999 -9999 -9999 -9999 -9999 -9999 -9999 -9999 -9999 -9999 -9999 -9999
997 961 941 983 975 963 915 883 907 863 785 739 727 730 726 704 687 680 673 729 740 723 716 718 691 678 673 698 688 698 713 725 741 759 772 760 792 799 808 814 929 867 920 828 793 770 767 808 762 647 596 581 576 591 569 556 537 -9999 -9999 -9999 -9999 -9999 -9999 -9999 -9999 -9999 -9999 -9999 -9999 -9999 -9999 -9999 -9999 -9999 -9999 -9999 -9999 -9999 -9999 -9999 -9999
1086 977 924 893 901 943 886 839 822 796 796 765 785 757 724 708 699 697 682 682 746 697 701 685 686 675 673 672 673 714 714 725 757 768 805 818 799 802 858 885 912 924 973 916 885 717 672 668 647 623 632 621 642 614 587 601 570 -9999 -9999 -9999 -9999 -9999 -9999 -9999 -9999 -9999 -9999 -9999 -9999 -9999 -9999 -9999 -9999 -9999 -9999 -9999 -9999 -9999 -9999 -9999 -9999
938 919 905 882 867 853 839 830 829 815 845 826 806 893 827 840 884 791 758 687 687 682 673 689 679 694 673 682 690 765 746 720 694 698 708 754 837 1126 1074 1107 981 960 844 746 746 753 763 728 719 681 658 633 637 626 617 629 623 635 637 596 531 520 496 496 496 496 496 496 496 496 496 496 496 496 496 496 496 503 538 496 611
993 961 966 946 924 941 945 893 911 944 909 875 831 831 883 884 766 708 705 773 703 673 682 672 673 673 673 673 673 699 675 673 673 713 835 954 893 866 866 877 877 919 948 986 893 934 980 782 878 968 855 704 738 833 746 737 743 924 1058 1004 843 617 531 510 498 496 496 513 496 496 496 496 496 496 496 518 620 622 683 672 538
1091 1063 1077 1240 1092 1076 1190 1346 1416 1319 1070 904 849 837 792 772 804 768 798 762 732 704 679 671 673 673 673 673 673 673 673 738 836 864 841 809 874 898 911 946 954 992 1030 917 892 937 887 833 874 924 788 805 860 865 960 1163 1336 1313 1004 836 735 636 561 608 524 496 513 599 529 531 494 530 496 508 524 548 554 606 635 714 585
1397 1406 1391 1428 1320 1416 1344 1103 1003 962 920 930 872 879 896 846 832 836 841 808 755 723 689 671 688 673 673 673 673 731 739 726 759 771 826 901 1004 989 1212 1216 1206 1229 1271 1210 1194 1001 954 986 1052 1103 1114 1166 1219 1296 1037 916 822 803 895 1051 1170 1011 811 660 500 496 496 496 496 496 494 495 493 526 518 506 615 645 723 716 628
1226 1211 1144 1158 1146 1154 1232 1203 1144 1135 1088 1092 1088 1171 1156 1158 927 1082 1000 889 894 825 793 755 727 737 673 669 807 843 847 770 846 845 931 1090 1232 1336 1287 1433 1570 1612 1186 1435 1358 1341 1445 1494 1378 1148 1056 1026 1076 1237 1190 1041 932 763 858 716 631 574 497 496 514 496 596 653 701 673 799 759 808 784 924 558 1002 1066 1126 1136 1060
1266 1286 1137 1263 1328 1395 1217 1218 1331 1300 1342 1143 1123 1275 1110 1018 1067 1059 1266 1178 1069 909 768 838 1014 1129 941 685 864 710 702 712 724 738 760 864 1129 1186 1121 1055 1143 1210 1274 1514 1399 1235 1193 1175 1323 1426 1327 1272 1222 1301 1216 1076 739 604 588 711 639 734 732 742 623 674 908 1059 1018 1165 1197 993 1149 1196 1190 676 1321 1386 1459 1512 1410
1205 1119 973 1050 1197 1110 1065 1065 1073 1169 1104 1007 1040 982 971 980 1190 1123 885 872 1023 857 801 707 731 573 562 628 593 683 874 830 862 936 916 1086 1145 1030 1147 1092 1069 1211 1545 1478 1534 1453 1257 1206 1201 1222 1144 1057 1056 1038 811 759 862 811 817 777 887 1057 1200 1311 946 638 1230 1302 1322 1297 1265 964 1269 1258 1210 1050 953 1060 1049 1055 1127
1434 1022 949 998 1159 1049 964 995 1015 920 854 839 840 852 830 816 801 747 810 815 759 753 668 651 696 606 833 870 969 988 838 891 1023 1006 977 993 1115 1086 1020 1161 1220 1077 1045 1281 1219 1163 1129 1095 1082 1052 1030 1057 1042 1077 1106 1127 1223 1247 1136 1038 999 977 908 903 898 837 903 920 848 819 780 766 807 1044 895 812 753 888 881 936 1107
1182 1221 970 1040 1034 967 933 943 966 945 848 790 786 814 862 885 774 774 773 699 610 678 715 582 564 605 689 825 892 1033 963 942 904 899 809 832 842 878 893 872 828 807 823 894 1061 1133 1181 1174 1175 1178 1150 1175 1163 1221 1225 1217 1170 1046 839 737 663 631 445 424 429 439 441 514 596 569 609 911 1209 1377 1460 1527 1011 1662 1241 1497 1602
1001 951 918 958 929 926 956 1024 1092 1206 916 815 750 760 774 787 810 838 863 806 743 627 579 566 571 641 680 642 643 659 716 661 715 750 746 854 749 838 836 846 825 908 942 1005 1094 1240 1478 1472 1625 1681 1609 1395 1191 1626 1644 1542 1284 1090 1127 929 857 675 872 816 610 523 706 826 963 963 1072 1228 1308 1410 1506 1518 1520 1673 1795 1588 1391
870 956 921 988 1180 1230 1273 1198 1286 939 840 773 961 781 771 770 739 764 791 690 613 568 565 625 592 617 662 597 581 608 695 764 898 936 778 858 1048 1163 1098 1345 1374 1591 1610 1760 1922 1876 1966 2045 1777 2230 1307 883 1569 1845 1734 1624 1495 1356 1325 1240 1616 1257 1532 1176 838 749 1016 1309 1429 1480 1119 1567 1515 1419 1281 1326 1339 1400 1145 1114 1008
818 771 806 1057 1150 1098 1202 1202 1050 921 795 831 705 709 721 735 844 708 793 700 677 631 706 758 687 574 798 872 885 989 1030 1132 1237 1393 1598 1418 1781 1883 1600 1971 1762 1550 1972 1481 1388 2003 1455 1587 1405 1690 1168 826 1355 1053 1387 1714 1352 1428 1632 1557 1504 1238 1028 837 507 512 1101 1050 1059 876 922 984 980 895 791 840 737 875 859 749 744
833 800 786 870 1008 986 944 835 965 1009 830 749 671 691 733 709 772 754 702 859 990 1058 1143 1135 1054 687 842 1130 1161 1334 1410 1474 1604 1617 1612 1201 1729 1317 1582 1576 1407 1180 1929 1446 1261 1702 1170 1472 1308 1231 1425 1004 843 1180 1320 1220 1074 1039 1042 1054 958 771 708 594 398 494 678 735 708 680 632 587 646 557 583 567 616 680 697 574 634
959 834 742 750 820 878 1018 969 859 946 816 693 670 676 708 803 783 750 795 895 888 880 838 926 921 602 821 832 836 948 930 1007 963 1015 972 1026 1148 962 1086 1165 816 1092 1060 1154 1000 1196 1100 1141 1056 1031 984 648 639 925 752 819 798 754 762 845 972 758 515 501 432 391 393 451 534 522 483 498 492 394 517 607 580 647 695 655 626
