Appendix_Data/App5_Expert_Maps/SA_ASCII/alt.asc
NCOLS 472
NROWS 227
XLLCORNER 17.83333
YLLCORNER -34.83333
CELLSIZE 0.01666667
NODATA_VALUE -9999
[rows 36 to 71 of 227, columns 0 to 80 of 472]
-9999 -9999 -9999 -9999 -9999 -9999 -9999 -9999 -9999 -9999 -9999 -9999 -9999 -9999 -9999 -9999 -9999 -9999 1 64 55 9 108 125 127 106 121 140 158 172 178 142 133 121 106 105 61 27 32 28 25 30 61 87 81 53 71 73 110 123 87 131 139 153 164 210 236 223 182 169 165 145 158 174 190 201 245 359 783 758 600 380 429 784 848 847 834 786 718 700 705
-9999 -9999 -9999 -9999 -9999 -9999 -9999 -9999 -9999 -9999 -9999 -9999 -9999 -9999 -9999 -9999 -9999 -9999 -9999 1 67 3 79 125 112 129 135 139 161 186 169 184 230 184 126 102 84 81 46 29 25 48 52 80 82 48 41 46 70 111 119 113 135 128 147 222 447 558 330 246 168 150 160 171 180 192 222 302 553 749 719 387 371 721 811 757 830 813 740 669 644
-9999 -9999 -9999 -9999 -9999 -9999 -9999 -9999 -9999 -9999 -9999 -9999 -9999 -9999 -9999 -9999 -9999 -9999 -9999 -9999 14 2 50 111 110 124 128 139 156 169 158 160 199 238 147 130 113 85 51 26 25 25 75 77 102 105 102 108 101 113 114 119 98 127 130 209 604 985 761 375 227 173 149 174 194 207 217 250 370 723 741 540 352 714 743 858 848 772 713 724 627
-9999 -9999 -9999 -9999 -9999 -9999 -9999 -9999 -9999 -9999 -9999 -9999 -9999 -9999 -9999 -9999 -9999 -9999 -9999 -9999 -9999 -3 46 61 84 106 124 138 157 147 142 174 164 205 177 148 119 98 100 54 34 24 54 86 99 116 123 119 108 148 203 147 122 111 125 163 299 856 804 845 365 202 159 172 168 187 200 209 313 738 764 748 503 365 707 650 792 763 717 621 642
-9999 -9999 -9999 -9999 -9999 -9999 -9999 -9999 -9999 -9999 -9999 -9999 -9999 -9999 -9999 -9999 -9999 -9999 -9999 -9999 -9999 1 46 60 78 123 126 145 145 139 138 189 194 194 235 206 197 166 146 125 98 25 41 56 65 82 123 144 110 189 530 331 130 111 125 123 255 764 735 749 795 496 174 193 192 356 703 293 577 612 719 695 578 381 561 626 738 743 681 629 732
-9999 -9999 -9999 -9999 -9999 -9999 -9999 -9999 -9999 -9999 -9999 -9999 -9999 -9999 -9999 -9999 -9999 -9999 -9999 -9999 -9999 -9999 1 61 107 100 109 114 122 106 147 203 198 200 230 242 206 208 175 138 115 32 31 25 74 27 79 61 88 162 527 603 456 501 189 130 210 373 652 571 620 666 192 183 194 223 410 651 619 618 574 581 563 597 464 458 558 684 604 695 665
-9999 -9999 -9999 -9999 -9999 -9999 -9999 -9999 -9999 -9999 -9999 -9999 -9999 -9999 -9999 -9999 -9999 -9999 -9999 -9999 -9999 -9999 1 59 86 113 125 130 110 91 112 160 164 167 201 225 233 195 171 112 79 81 44 35 97 102 38 138 108 250 369 714 677 705 611 564 648 565 638 622 650 591 402 184 222 233 242 262 280 392 503 536 580 363 437 608 616 656 586 629 656
-9999 -9999 -9999 -9999 -9999 -9999 -9999 -9999 -9999 -9999 -9999 -9999 -9999 -9999 -9999 -9999 -9999 -9999 -9999 -9999 -9999 -9999 -9999 52 103 95 106 155 162 131 100 117 123 137 153 185 246 266 264 238 153 119 92 150 96 187 30 92 182 534 587 634 644 626 613 595 509 474 539 482 476 502 537 210 202 229 238 347 396 351 516 537 491 357 509 557 619 584 490 646 672
-9999 -9999 -9999 -9999 -9999 -9999 -9999 -9999 -9999 -9999 -9999 -9999 -9999 -9999 -9999 -9999 -9999 -9999 -9999 -9999 -9999 -9999 -9999 20 104 126 141 131 153 163 116 113 109 135 145 168 200 217 267 270 328 368 269 257 174 108 35 175 346 582 618 611 577 609 564 422 469 393 443 420 405 380 475 492 317 222 220 385 538 480 485 552 554 494 471 509 540 594 425 618 630
-9999 -9999 -9999 -9999 -9999 -9999 -9999 -9999 -9999 -9999 -9999 -9999 -9999 -9999 -9999 -9999 -9999 -9999 -9999 -9999 -9999 -9999 -9999 3 53 128 131 142 176 192 162 128 121 127 140 138 150 162 175 169 277 324 361 268 301 109 107 100 201 569 581 624 562 511 441 433 392 437 433 393 400 294 420 418 463 486 506 482 464 425 496 447 282 492 494 565 463 486 497 572 558
-9999 -9999 -9999 -9999 -9999 -9999 -9999 -9999 -9999 -9999 -9999 -9999 -9999 -9999 -9999 -9999 -9999 -9999 -9999 -9999 -9999 -9999 -9999 1 30 59 102 140 172 183 208 144 122 127 128 151 186 200 170 172 223 331 359 311 191 119 57 83 108 297 525 555 563 537 446 400 403 290 367 363 346 325 272 347 344 370 390 425 423 454 386 233 293 473 546 510 486 419 369 359 480
-9999 -9999 -9999 -9999 -9999 -9999 -9999 -9999 -9999 -9999 -9999 -9999 -9999 -9999 -9999 -9999 -9999 -9999 -9999 -9999 -9999 -9999 -9999 -9999 1 48 69 105 142 179 185 169 143 127 128 132 205 206 215 248 254 191 259 366 241 169 68 68 86 148 225 128 319 497 462 429 347 180 334 289 296 270 259 243 335 311 341 347 370 408 362 301 489 442 484 515 459 474 526 429 358
-9999 -9999 -9999 -9999 -9999 -9999 -9999 -9999 -9999 -9999 -9999 -9999 -9999 -9999 -9999 -9999 -9999 -9999 -9999 -9999 -9999 -9999 -9999 -9999 -9999 28 52 94 111 115 118 126 142 164 159 141 174 166 293 254 270 270 199 272 302 204 105 59 71 88 69 452 141 250 343 253 276 185 121 149 182 283 272 253 166 294 305 298 191 331 319 323 399 419 418 471 428 426 374 369 276
-9999 -9999 -9999 -9999 -9999 -9999 -9999 -9999 -9999 -9999 -9999 -9999 -9999 -9999 -9999 -9999 -9999 -9999 -9999 -9999 -9999 -9999 -9999 -9999 -9999 1 43 70 87 102 103 112 129 168 156 152 139 147 303 325 340 303 237 202 354 297 181 62 58 64 80 189 363 277 223 288 221 368 369 268 234 256 205 210 233 236 198 223 176 188 209 249 225 246 373 396 453 360 351 264 341
-9999 -9999 -9999 -9999 -9999 -9999 -9999 -9999 -9999 -9999 -9999 -9999 -9999 -9999 -9999 -9999 -9999 -9999 -9999 -9999 -9999 -9999 -9999 -9999 -9999 -9999 16 48 91 113 124 134 151 154 148 172 181 175 171 249 233 354 293 240 223 360 310 220 76 69 78 106 415 459 364 350 290 354 408 361 336 279 217 208 227 266 207 276 237 314 273 313 360 343 267 253 366 396 275 283 337
-9999 -9999 -9999 -9999 -9999 -9999 -9999 -9999 -9999 -9999 -9999 -9999 -9999 -9999 -9999 -9999 -9999 -9999 -9999 -9999 -9999 -9999 -9999 -9999 -9999 1 24 45 76 102 131 149 134 163 173 167 167 197 218 182 258 323 287 245 242 252 399 273 225 61 92 95 155 520 414 381 283 321 347 448 418 322 272 224 227 205 206 276 283 245 306 326 324 341 404 419 392 333 339 320 259
-9999 -9999 -9999 -9999 -9999 -9999 -9999 -9999 -9999 -9999 -9999 -9999 -9999 -9999 -9999 -9999 -9999 -9999 -9999 -9999 -9999 -9999 -9999 -9999 -9999 1 16 36 73 117 120 118 111 123 142 162 166 168 183 191 239 282 280 251 251 247 276 394 406 132 99 65 97 275 484 376 330 289 374 441 549 405 399 284 223 206 206 205 265 271 256 332 341 343 325 354 263 259 238 296 222
-9999 -9999 -9999 -9999 -9999 -9999 -9999 -9999 -9999 -9999 -9999 -9999 -9999 -9999 -9999 -9999 -9999 -9999 -9999 -9999 -9999 -9999 -9999 -9999 -9999 8 4 31 54 91 97 91 99 117 143 154 156 164 164 188 194 256 363 288 264 259 256 342 446 468 178 107 60 112 437 416 372 335 314 374 462 518 547 353 272 213 249 214 206 312 274 286 331 356 306 336 392 368 292 230 276
-9999 -9999 -9999 -9999 -9999 -9999 -9999 -9999 -9999 -9999 -9999 -9999 -9999 -9999 -9999 -9999 -9999 -9999 -9999 -9999 -9999 -9999 -9999 -9999 -9999 -9999 2 29 42 66 81 86 96 118 135 151 157 161 169 191 188 193 229 492 305 278 270 285 389 333 394 344 226 77 220 359 368 380 376 373 389 477 516 550 440 294 292 213 206 205 321 398 314 310 336 348 386 342 309 280 227
-9999 -9999 -9999 -9999 -9999 -9999 -9999 -9999 -9999 -9999 -9999 -9999 -9999 -9999 -9999 -9999 -9999 -9999 -9999 -9999 -9999 -9999 -9999 -9999 -9999 -9999 1 32 43 71 88 103 125 129 141 155 161 162 173 205 211 195 200 590 426 286 273 273 291 310 433 488 443 218 123 80 265 346 435 468 396 403 455 556 552 404 342 248 210 206 210 344 326 296 343 366 436 376 323 318 225
-9999 -9999 -9999 -9999 -9999 -9999 -9999 -9999 -9999 -9999 -9999 -9999 -9999 -9999 -9999 -9999 -9999 -9999 -9999 -9999 -9999 -9999 -9999 -9999 -9999 -9999 8 21 35 65 94 109 133 146 154 159 167 168 173 196 244 260 196 260 328 278 283 283 281 311 383 583 610 368 191 168 274 357 410 422 481 455 473 588 536 377 351 328 265 262 306 278 310 311 376 418 457 413 352 309 281
-9999 -9999 -9999 -9999 -9999 -9999 -9999 -9999 -9999 -9999 -9999 -9999 -9999 -9999 -9999 -9999 -9999 -9999 -9999 -9999 -9999 -9999 -9999 -9999 -9999 -9999 -9999 14 44 70 78 96 115 143 149 151 154 159 166 160 205 334 207 214 367 391 334 308 302 342 319 600 500 406 296 168 167 313 299 362 464 507 510 563 557 492 389 326 370 343 358 272 294 334 402 379 445 397 331 292 256
-9999 -9999 -9999 -9999 -9999 -9999 -9999 -9999 -9999 -9999 -9999 -9999 -9999 -9999 -9999 -9999 -9999 -9999 -9999 -9999 -9999 -9999 -9999 -9999 -9999 -9999 -9999 10 40 81 82 100 122 146 153 159 161 163 164 174 161 262 277 217 256 407 374 356 395 307 409 647 459 388 259 168 167 167 258 368 428 525 549 586 625 511 421 376 488 374 373 332 316 307 389 492 478 429 402 329 248
-9999 -9999 -9999 -9999 -9999 -9999 -9999 -9999 -9999 -9999 -9999 -9999 -9999 -9999 -9999 -9999 -9999 -9999 -9999 -9999 -9999 -9999 -9999 -9999 -9999 -9999 -9999 1 24 53 99 102 109 124 136 154 158 160 163 163 163 205 224 235 225 255 409 419 446 397 377 457 460 328 167 233 187 178 168 293 480 505 522 572 624 525 473 414 500 512 507 364 323 301 365 412 515 493 411 370 436
-9999 -9999 -9999 -9999 -9999 -9999 -9999 -9999 -9999 -9999 -9999 -9999 -9999 -9999 -9999 -9999 -9999 -9999 -9999 -9999 -9999 -9999 -9999 -9999 -9999 -9999 -9999 -9999 17 16 77 99 105 110 126 148 156 159 165 177 171 194 207 225 219 229 277 349 438 624 475 441 461 380 282 322 269 167 168 450 333 532 604 703 734 620 532 458 516 615 602 470 344 350 326 462 523 489 421 451 375
-9999 -9999 -9999 -9999 -9999 -9999 -9999 -9999 -9999 -9999 -9999 -9999 -9999 -9999 -9999 -9999 -9999 -9999 -9999 -9999 -9999 -9999 -9999 -9999 -9999 -9999 -9999 1 15 27 27 42 71 105 111 125 141 157 166 173 179 198 206 213 228 230 270 291 354 550 514 459 437 429 343 283 256 199 168 235 561 549 510 537 756 822 658 560 572 667 659 512 493 385 359 415 530 615 627 539 421
-9999 -9999 -9999 -9999 -9999 -9999 -9999 -9999 -9999 -9999 -9999 -9999 -9999 -9999 -9999 -9999 -9999 -9999 -9999 -9999 -9999 -9999 -9999 -9999 -9999 -9999 -9999 1 29 44 72 112 81 68 95 114 124 147 170 174 182 199 203 206 208 285 237 366 451 538 547 518 439 379 318 296 178 220 168 168 204 400 607 661 678 642 933 788 715 750 757 741 568 498 377 402 444 505 540 562 574
-9999 -9999 -9999 -9999 -9999 -9999 -9999 -9999 -9999 -9999 -9999 -9999 -9999 -9999 -9999 -9999 -9999 -9999 -9999 -9999 -9999 -9999 -9999 -9999 -9999 -9999 -9999 1 32 57 96 101 118 76 67 87 101 107 135 145 168 201 201 203 203 213 204 220 261 392 532 440 412 425 327 328 249 261 167 168 168 168 301 389 499 706 602 840 978 912 932 647 490 495 583 568 473 532 608 636 646
-9999 -9999 -9999 -9999 -9999 -9999 -9999 -9999 -9999 -9999 -9999 -9999 -9999 -9999 -9999 -9999 -9999 -9999 -9999 -9999 -9999 -9999 -9999 -9999 -9999 -9999 -9999 1 31 43 88 94 101 95 94 113 116 102 109 120 131 159 186 192 197 188 295 314 315 415 595 444 362 373 385 303 338 301 178 168 168 181 232 298 417 616 675 690 738 976 991 681 553 525 620 640 547 507 536 660 405
-9999 -9999 -9999 -9999 -9999 -9999 -9999 -9999 -9999 -9999 -9999 -9999 -9999 -9999 -9999 -9999 -9999 -9999 -9999 -9999 -9999 -9999 -9999 -9999 -9999 -9999 -9999 1 31 37 84 88 112 119 121 158 195 164 134 127 141 144 154 173 171 181 219 230 239 386 523 583 454 350 315 309 400 393 324 216 168 168 168 250 443 553 771 865 900 883 924 871 612 510 742 689 674 587 604 555 376
-9999 -9999 -9999 -9999 -9999 -9999 -9999 -9999 -9999 -9999 -9999 -9999 -9999 -9999 -9999 -9999 -9999 -9999 -9999 -9999 -9999 -9999 -9999 -9999 -9999 -9999 -9999 -9999 29 73 115 94 115 126 126 151 151 142 129 127 139 163 166 167 174 181 176 186 199 329 475 479 422 356 513 343 351 392 387 278 196 168 168 169 252 579 767 732 711 1065 1057 1105 950 692 895 804 826 760 512 408 458
-9999 -9999 -9999 -9999 -9999 -9999 -9999 -9999 -9999 -9999 -9999 -9999 -9999 -9999 -9999 -9999 -9999 -9999 -9999 -9999 -9999 -9999 -9999 -9999 -9999 -9999 -9999 -9999 19 33 106 122 74 88 93 150 114 109 122 127 135 158 164 168 179 210 205 201 187 199 302 515 472 477 440 408 328 381 329 295 175 174 168 168 214 241 505 607 912 1257 1310 1322 1223 1005 973 1039 894 801 640 511 756
-9999 -9999 -9999 -9999 -9999 -9999 -9999 -9999 -9999 -9999 -9999 -9999 -9999 -9999 -9999 -9999 -9999 -9999 -9999 -9999 -9999 -9999 -9999 -9999 -9999 -9999 -9999 -9999 1 6 43 90 54 27 31 101 170 102 100 114 142 162 176 179 178 186 219 229 213 217 219 353 551 580 505 448 413 355 252 237 182 168 169 168 169 278 213 485 759 1252 1222 1356 1351 1169 958 910 960 837 694 585 687
-9999 -9999 -9999 -9999 -9999 -9999 -9999 -9999 -9999 -9999 -9999 -9999 -9999 -9999 -9999 -9999 -9999 -9999 -9999 -9999 -9999 -9999 -9999 -9999 -9999 -9999 -9999 -9999 -9999 10 13 16 25 37 46 56 170 186 77 95 145 157 176 185 185 184 185 215 246 243 226 267 466 594 578 532 572 412 266 228 165 175 168 184 177 288 370 213 397 614 581 639 1395 1268 1081 945 918 898 842 661 784
-9999 -9999 -9999 -9999 -9999 -9999 -9999 -9999 -9999 -9999 -9999 -9999 -9999 -9999 -9999 -9999 -9999 -9999 -9999 -9999 -9999 -9999 -9999 -9999 -9999 -9999 -9999 -9999 -9999 6 49 87 72 68 55 58 77 88 90 77 75 125 165 208 186 184 194 212 218 292 248 261 327 341 570 619 605 781 360 197 246 216 171 167 168 246 489 411 299 457 512 636 948 1663 1322 1027 992 971 955 850 967
-9999 -9999 -9999 -9999 -9999 -9999 -9999 -9999 -9999 -9999 -9999 -9999 -9999 -9999 -9999 -9999 -9999 -9999 -9999 -9999 -9999 -9999 -9999 -9999 -9999 -9999 -9999 -9999 -9999 1 10 82 114 122 93 77 97 102 229 229 118 89 151 198 188 178 195 211 265 289 281 364 542 343 395 564 631 553 517 309 282 361 192 168 190 281 268 357 505 327 309 424 747 1324 1674 1296 980 965 1012 994 980
