Appendix_Data/App5_Expert_Maps/SA_ASCII/alt.asc
NCOLS 472
NROWS 227
XLLCORNER 17.83333
YLLCORNER -34.83333
CELLSIZE 0.01666667
NODATA_VALUE -9999
[rows 108 to 143 of 227, columns 324 to 404 of 472]
-9999 -9999 -9999 -9999 -9999 -9999 -9999 -9999 -9999 -9999 -9999 -9999 -9999 -9999 -9999 -9999 -9999 -9999 -9999 -9999 -9999 -9999 -9999 -9999 -9999 -9999 -9999 -9999 -9999 -9999 -9999 -9999 -9999 -9999 -9999 -9999 -9999 -9999 -9999 -9999 -9999 -9999 -9999 -9999 -9999 -9999 -9999 -9999 -9999 -9999 -9999 -9999 -9999 -9999 -9999 -9999 -9999 -9999 -9999 -9999 -9999 -9999 -9999 -9999 -9999 -9999 -9999 -9999 -9999 -9999 -9999 -9999 -9999 -9999 -9999 -9999 -9999 -9999 -9999 -9999 -9999
-9999 -9999 -9999 -9999 -9999 -9999 -9999 -9999 -9999 -9999 -9999 -9999 -9999 -9999 -9999 -9999 -9999 -9999 -9999 -9999 -9999 -9999 -9999 -9999 -9999 -9999 -9999 -9999 -9999 -9999 -9999 -9999 -9999 -9999 -9999 -9999 -9999 -9999 -9999 -9999 -9999 -9999 -9999 -9999 -9999 -9999 -9999 -9999 -9999 -9999 -9999 -9999 -9999 -9999 -9999 -9999 -9999 -9999 -9999 -9999 -9999 -9999 -9999 -9999 -9999 -9999 -9999 -9999 -9999 -9999 -9999 -9999 -9999 -9999 -9999 -9999 -9999 -9999 -9999 -9999 -9999
-9999 -9999 -9999 -9999 -9999 -9999 -9999 -9999 -9999 -9999 -9999 -9999 -9999 -9999 -9999 -9999 -9999 -9999 -9999 -9999 -9999 -9999 -9999 -9999 -9999 -9999 -9999 -9999 -9999 -9999 -9999 -9999 -9999 -9999 -9999 -9999 -9999 -9999 -9999 -9999 -9999 -9999 -9999 -9999 -9999 -9999 -9999 -9999 -9999 -9999 -9999 -9999 -9999 -9999 -9999 -9999 -9999 -9999 -9999 -9999 -9999 -9999 -9999 -9999 -9999 -9999 -9999 -9999 -9999 -9999 -9999 -9999 -9999 -9999 -9999 -9999 -9999 -9999 -9999 -9999 -9999
-9999 -9999 -9999 -9999 -9999 -9999 -9999 -9999 -9999 -9999 -9999 -9999 -9999 -9999 -9999 -9999 -9999 -9999 -9999 -9999 -9999 -9999 -9999 -9999 -9999 -9999 -9999 -9999 -9999 -9999 -9999 -9999 -9999 -9999 -9999 -9999 -9999 -9999 -9999 -9999 -9999 -9999 -9999 -9999 -9999 -9999 -9999 -9999 -9999 -9999 -9999 -9999 -9999 -9999 -9999 -9999 -9999 -9999 -9999 -9999 -9999 -9999 -9999 -9999 -9999 -9999 -9999 -9999 -9999 -9999 -9999 -9999 -9999 -9999 -9999 -9999 -9999 -9999 -9999 -9999 -9999
-9999 -9999 -9999 -9999 -9999 -9999 -9999 -9999 -9999 -9999 -9999 -9999 -9999 -9999 -9999 -9999 -9999 -9999 -9999 -9999 -9999 -9999 -9999 -9999 -9999 -9999 -9999 -9999 -9999 -9999 -9999 -9999 -9999 -9999 -9999 -9999 -9999 -9999 -9999 -9999 -9999 -9999 -9999 -9999 -9999 -9999 -9999 -9999 -9999 -9999 -9999 -9999 -9999 -9999 -9999 -9999 -9999 -9999 -9999 -9999 -9999 -9999 -9999 -9999 -9999 -9999 -9999 -9999 -9999 -9999 -9999 -9999 -9999 -9999 -9999 -9999 -9999 -9999 -9999 -9999 -9999
-9999 -9999 -9999 -9999 -9999 -9999 -9999 -9999 -9999 -9999 -9999 -9999 -9999 -9999 -9999 -9999 -9999 -9999 -9999 -9999 -9999 -9999 -9999 -9999 -9999 -9999 -9999 -9999 -9999 -9999 -9999 -9999 -9999 -9999 -9999 -9999 -9999 -9999 -9999 -9999 -9999 -9999 -9999 -9999 -9999 -9999 -9999 -9999 -9999 -9999 -9999 -9999 -9999 -9999 -9999 -9999 -9999 -9999 -9999 -9999 -9999 -9999 -9999 -9999 -9999 -9999 -9999 -9999 -9999 -9999 -9999 -9999 -9999 -9999 -9999 -9999 -9999 -9999 -9999 -9999 -9999
-9999 -9999 -9999 -9999 -9999 -9999 -9999 -9999 -9999 -9999 -9999 -9999 -9999 -9999 -9999 -9999 -9999 -9999 -9999 -9999 -9999 -9999 -9999 -9999 -9999 -9999 -9999 -9999 -9999 -9999 -9999 -9999 -9999 -9999 -9999 -9999 -9999 -9999 -9999 -9999 -9999 -9999 -9999 -9999 -9999 -9999 -9999 -9999 -9999 -9999 -9999 -9999 -9999 -9999 -9999 -9999 -9999 -9999 -9999 -9999 -9999 -9999 -9999 -9999 -9999 -9999 -9999 -9999 -9999 -9999 -9999 -9999 -9999 -9999 -9999 -9999 -9999 -9999 -9999 -9999 -9999
-9999 -9999 -9999 -9999 -9999 -9999 -9999 -9999 -9999 -9999 -9999 -9999 -9999 -9999 -9999 -9999 -9999 -9999 -9999 -9999 -9999 -9999 -9999 -9999 -9999 -9999 -9999 -9999 -9999 -9999 -9999 -9999 -9999 -9999 -9999 -9999 -9999 -9999 -9999 -9999 -9999 -9999 -9999 -9999 -9999 -9999 -9999 -9999 -9999 -9999 -9999 -9999 -9999 -9999 -9999 -9999 -9999 -9999 -9999 -9999 -9999 -9999 -9999 -9999 -9999 -9999 -9999 -9999 -9999 -9999 -9999 -9999 -9999 -9999 -9999 -9999 -9999 -9999 -9999 -9999 -9999
-9999 -9999 -9999 -9999 -9999 -9999 -9999 -9999 -9999 -9999 -9999 -9999 -9999 -9999 -9999 -9999 -9999 -9999 -9999 -9999 -9999 -9999 -9999 -9999 -9999 -9999 -9999 -9999 -9999 -9999 -9999 -9999 -9999 -9999 -9999 -9999 -9999 -9999 -9999 -9999 -9999 -9999 -9999 -9999 -9999 -9999 -9999 -9999 -9999 -9999 -9999 -9999 -9999 -9999 -9999 -9999 -9999 -9999 -9999 -9999 -9999 -9999 -9999 -9999 -9999 -9999 -9999 -9999 -9999 -9999 -9999 -9999 -9999 -9999 -9999 -9999 -9999 -9999 -9999 -9999 -9999
-9999 -9999 -9999 -9999 -9999 -9999 -9999 -9999 -9999 -9999 -9999 -9999 -9999 -9999 -9999 -9999 -9999 -9999 -9999 -9999 -9999 -9999 -9999 -9999 -9999 -9999 -9999 -9999 -9999 -9999 -9999 -9999 -9999 -9999 -9999 -9999 -9999 -9999 -9999 -9999 -9999 -9999 -9999 -9999 -9999 -9999 -9999 -9999 -9999 -9999 -9999 -9999 -9999 -9999 -9999 -9999 -9999 -9999 -9999 -9999 -9999 -9999 -9999 -9999 -9999 -9999 -9999 -9999 -9999 -9999 -9999 -9999 -9999 -9999 -9999 -9999 -9999 -9999 -9999 -9999 -9999
-9999 -9999 -9999 -9999 -9999 -9999 -9999 -9999 741 731 716 704 706 704 708 722 719 732 741 758 785 791 831 836 873 877 928 909 905 885 841 833 809 781 760 751 720 703 693 685 682 694 701 727 756 776 -9999 -9999 -9999 -9999 -9999 -9999 -9999 -9999 -9999 -9999 -9999 -9999 -9999 -9999 -9999 -9999 -9999 -9999 -9999 -9999 -9999 -9999 -9999 -9999 -9999 -9999 -9999 -9999 -9999 -9999 -9999 -9999 -9999 -9999 -9999
-9999 -9999 -9999 -9999 -9999 -9999 -9999 -9999 729 721 714 707 705 698 703 706 716 749 766 791 801 847 880 919 950 1095 1001 1173 1095 1029 968 918 882 849 796 761 756 716 690 676 677 681 705 735 734 761 -9999 -9999 -9999 -9999 -9999 -9999 -9999 -9999 -9999 -9999 -9999 -9999 -9999 -9999 -9999 -9999 -9999 -9999 -9999 -9999 -9999 -9999 -9999 -9999 -9999 -9999 -9999 -9999 -9999 -9999 -9999 -9999 -9999 -9999 -9999
-9999 -9999 -9999 -9999 -9999 -9999 -9999 -9999 741 737 718 717 711 713 703 738 832 853 963 914 940 1043 1197 1363 1346 1319 1309 1295 1399 1461 1439 1317 1254 1058 1006 928 837 782 744 680 675 685 694 707 735 769 -9999 -9999 -9999 -9999 -9999 -9999 -9999 -9999 -9999 -9999 -9999 -9999 -9999 -9999 -9999 -9999 -9999 -9999 -9999 -9999 -9999 -9999 -9999 -9999 -9999 -9999 -9999 -9999 -9999 -9999 -9999 -9999 -9999 -9999 -9999
-9999 -9999 -9999 -9999 -9999 -9999 -9999 -9999 739 741 733 728 716 693 695 706 811 937 1042 1065 1198 1007 1057 1007 1051 1021 1112 1158 1189 1252 1359 978 998 1038 1016 1171 1051 1036 1028 775 676 723 720 790 814 794 -9999 -9999 -9999 -9999 -9999 -9999 -9999 -9999 -9999 -9999 -9999 -9999 -9999 -9999 -9999 -9999 -9999 -9999 -9999 -9999 -9999 -9999 -9999 -9999 -9999 -9999 -9999 -9999 -9999 -9999 -9999 -9999 -9999 -9999 -9999
858 841 843 833 822 796 792 768 758 751 731 721 711 699 691 690 694 691 716 817 725 1032 1056 961 1110 1064 1092 1152 1080 962 877 834 795 779 806 816 884 772 707 660 674 952 1168 1144 1089 993 -9999 -9999 -9999 -9999 -9999 -9999 -9999 -9999 -9999 -9999 -9999 -9999 -9999 -9999 -9999 -9999 -9999 -9999 -9999 -9999 -9999 -9999 -9999 -9999 -9999 -9999 -9999 -9999 -9999 -9999 -9999 -9999 -9999 -9999 -9999
861 844 830 810 800 792 771 776 758 758 749 766 752 795 843 796 805 889 701 732 756 697 913 959 1019 1117 987 1237 1133 1024 1012 925 927 784 740 944 805 791 702 758 873 887 892 981 1207 1063 -9999 -9999 -9999 -9999 -9999 -9999 -9999 -9999 -9999 -9999 -9999 -9999 -9999 -9999 -9999 -9999 -9999 -9999 -9999 -9999 -9999 -9999 -9999 -9999 -9999 -9999 -9999 -9999 -9999 -9999 -9999 -9999 -9999 -9999 -9999
844 830 812 798 785 781 793 773 773 760 754 749 904 994 907 1025 1040 1138 1126 1020 828 683 729 856 1018 931 827 1177 1239 1237 1149 977 818 775 657 632 624 629 623 653 707 858 979 959 982 985 -9999 -9999 -9999 -9999 -9999 -9999 -9999 -9999 -9999 -9999 -9999 -9999 -9999 -9999 -9999 -9999 -9999 -9999 -9999 -9999 -9999 -9999 -9999 -9999 -9999 -9999 -9999 -9999 -9999 -9999 -9999 -9999 -9999 -9999 -9999
816 808 810 799 785 774 771 780 765 769 753 749 738 742 749 774 908 969 938 922 856 666 710 828 891 936 752 841 775 726 788 632 663 746 702 796 606 863 917 1021 1051 928 812 726 727 695 -9999 -9999 -9999 -9999 -9999 -9999 -9999 -9999 -9999 -9999 -9999 -9999 -9999 -9999 -9999 -9999 -9999 -9999 -9999 -9999 -9999 -9999 -9999 -9999 -9999 -9999 -9999 -9999 -9999 -9999 -9999 -9999 -9999 -9999 -9999
812 803 789 782 775 784 779 789 785 773 780 784 751 737 729 700 679 678 694 670 684 660 647 650 642 635 693 670 642 644 609 641 598 607 594 604 646 634 685 683 790 789 810 978 987 689 -9999 -9999 -9999 -9999 -9999 -9999 -9999 -9999 -9999 -9999 -9999 -9999 -9999 -9999 -9999 -9999 -9999 -9999 -9999 -9999 -9999 -9999 -9999 -9999 -9999 -9999 -9999 -9999 -9999 -9999 -9999 -9999 -9999 -9999 -9999
807 805 804 790 792 831 845 825 845 845 958 920 989 989 907 1001 994 733 759 877 836 754 702 723 828 1009 826 693 718 714 710 630 597 592 615 590 581 577 577 579 586 614 615 617 592 615 -9999 -9999 -9999 -9999 -9999 -9999 -9999 -9999 -9999 -9999 -9999 -9999 -9999 -9999 -9999 -9999 -9999 -9999 -9999 -9999 -9999 -9999 -9999 -9999 -9999 -9999 -9999 -9999 -9999 -9999 -9999 -9999 -9999 -9999 -9999
817 818 817 834 863 889 908 881 1058 1240 1021 945 908 839 863 773 734 719 715 748 700 686 682 675 693 672 651 651 712 702 839 739 719 642 741 859 663 656 817 828 618 607 602 559 569 557 -9999 -9999 -9999 -9999 -9999 -9999 -9999 -9999 -9999 -9999 -9999 -9999 -9999 -9999 -9999 -9999 -9999 -9999 -9999 -9999 -9999 -9999 -9999 -9999 -9999 -9999 -9999 -9999 -9999 -9999 -9999 -9999 -9999 -9999 -9999
831 852 904 1055 1240 1233 1084 961 1041 1001 913 895 879 855 780 757 736 757 736 718 703 702 697 689 683 680 675 658 672 693 685 691 688 636 643 829 836 983 820 656 857 844 695 863 793 668 -9999 -9999 -9999 -9999 -9999 -9999 -9999 -9999 -9999 -9999 -9999 -9999 -9999 -9999 -9999 -9999 -9999 -9999 -9999 -9999 -9999 -9999 -9999 -9999 -9999 -9999 -9999 -9999 -9999 -9999 -9999 -9999 -9999 -9999 -9999
849 862 909 950 934 911 905 922 949 972 992 1087 1318 1027 820 748 759 750 757 727 723 737 709 699 694 695 689 687 681 689 680 672 655 638 634 654 727 764 719 780 1002 1034 992 1023 866 755 -9999 -9999 -9999 -9999 -9999 -9999 -9999 -9999 -9999 -9999 -9999 -9999 -9999 -9999 -9999 -9999 -9999 -9999 -9999 -9999 -9999 -9999 -9999 -9999 -9999 -9999 -9999 -9999 -9999 -9999 -9999 -9999 -9999 -9999 -9999
871 1001 1039 1088 1072 893 1011 1085 1090 1101 1032 979 906 850 776 765 756 761 783 791 779 745 734 718 707 721 721 712 709 703 688 694 671 641 645 646 679 693 695 710 719 713 682 693 671 672 594 626 782 714 862 733 699 649 764 572 522 490 484 508 589 539 480 489 507 500 522 532 534 579 591 644 675 782 885 757 770 692 686 750 717
769 808 820 812 811 880 881 905 921 893 863 851 808 793 793 791 791 810 856 886 852 856 857 748 830 771 824 787 752 732 723 695 682 683 671 677 658 655 632 631 629 628 631 608 605 595 595 637 696 678 767 654 647 616 649 878 806 710 553 551 508 480 485 498 478 562 514 504 498 521 620 590 581 592 616 580 685 779 903 1033 858
747 794 843 824 863 850 871 884 926 907 868 825 813 824 824 854 869 832 858 869 892 932 822 793 805 790 816 833 798 779 838 748 756 711 696 691 662 658 643 629 639 622 618 623 604 610 589 603 645 662 862 691 648 646 613 700 674 611 593 687 782 822 742 574 484 479 479 505 612 594 634 601 587 553 554 550 561 613 756 813 713
771 782 804 802 834 863 892 923 938 923 878 854 846 840 827 851 883 905 862 909 900 946 854 815 872 849 874 828 883 837 823 788 796 784 759 722 695 665 655 651 654 647 650 633 628 613 591 572 553 567 583 603 606 587 573 571 625 559 526 513 553 587 587 639 723 622 520 480 481 509 659 721 824 781 624 552 551 596 621 656 677
833 841 871 856 854 857 906 945 966 990 959 931 877 908 929 915 955 954 912 930 958 960 856 858 903 920 962 895 898 863 824 811 857 816 788 789 707 674 668 672 675 696 658 660 641 630 613 581 576 560 552 535 545 541 561 524 565 524 535 575 508 490 496 486 497 470 460 495 656 768 768 622 634 614 561 540 597 731 793 882 905
838 882 901 894 898 897 900 898 917 945 938 944 923 897 920 923 1012 959 997 1021 1012 1014 989 880 897 1016 1005 992 985 887 859 862 827 852 806 767 758 693 684 691 688 733 700 694 660 664 650 621 593 581 558 539 519 503 498 500 496 482 485 496 493 472 464 461 460 460 460 460 459 466 519 724 760 766 593 613 726 611 628 666 646
881 869 887 933 908 914 912 904 932 978 1010 969 986 1040 993 1020 1014 1055 1061 1021 1080 1017 983 977 1009 1012 985 952 933 858 826 824 814 773 762 750 769 709 698 709 701 744 737 695 647 639 627 619 626 613 590 570 556 532 517 510 501 480 469 460 460 461 460 460 460 460 460 460 460 460 457 468 484 480 459 466 505 625 646 827 764
996 968 1009 1025 958 1023 1032 1034 1043 1074 1032 993 1036 1092 1061 1118 1156 1108 1039 1041 1040 1092 1099 1133 1135 1203 1181 962 904 867 863 843 839 784 804 751 716 705 703 720 747 710 664 639 623 629 602 588 573 580 576 557 551 535 532 534 528 522 484 464 460 460 460 460 460 460 460 460 460 460 460 460 460 460 460 460 460 471 466 486 500
1236 1284 1358 1264 1145 999 1009 938 888 912 942 982 1047 1061 1073 1111 1095 1066 1049 1064 1118 1108 1081 973 1004 1093 1030 1084 1062 1015 887 853 849 864 788 746 716 722 743 707 689 666 662 671 658 623 599 585 579 557 547 548 538 539 542 544 523 493 490 500 491 472 469 460 460 460 477 460 460 460 460 460 460 460 460 460 460 460 460 625 550
848 883 1007 1128 1029 915 803 839 851 892 896 912 970 1001 1074 1125 1152 1104 1088 1075 1037 1009 988 970 940 930 896 891 846 873 828 865 815 772 745 763 801 728 716 696 711 710 682 729 694 628 610 610 594 583 559 559 551 549 537 521 512 499 517 513 501 480 465 477 461 459 469 460 460 460 460 460 460 460 460 460 460 460 460 460 460
736 738 771 738 813 923 958 956 951 947 963 1017 997 1025 1049 1127 1178 1136 1128 1096 1080 1097 1002 980 931 975 951 840 830 821 821 798 812 776 793 777 801 739 751 765 745 733 747 704 687 624 659 660 652 642 626 588 590 589 572 546 534 528 528 527 530 513 490 505 480 493 479 460 460 460 460 460 460 460 460 460 460 460 460 460 460
656 687 708 728 878 980 1085 1019 1049 1039 1241 1313 1358 1342 1339 1327 1281 1232 1167 1079 1079 1073 994 955 889 885 906 858 867 886 896 887 923 873 854 838 805 796 786 784 787 784 740 713 717 670 710 675 653 637 614 614 611 612 656 595 578 585 569 565 547 528 517 536 498 495 491 477 486 493 468 460 460 460 460 460 460 460 460 460 460
726 696 688 708 716 748 876 1092 1223 1249 1389 1234 1489 1571 1447 1340 1237 1146 1102 1091 1060 1060 1008 1012 968 905 896 929 943 1040 1077 1113 1120 1077 1027 960 897 881 858 847 825 775 782 716 717 698 690 679 658 652 631 632 650 623 652 628 605 624 612 606 605 591 575 543 536 537 524 531 531 541 539 523 462 479 484 463 467 460 460 460 460
