Appendix_Data/App5_Expert_Maps/SA_ASCII/text3.asc
NCOLS 472
NROWS 227
XLLCORNER 17.83333
YLLCORNER -34.83333
CELLSIZE 0.01666667
NODATA_VALUE -9999
[rows 180 to 215 of 227, columns 83 to 165 of 472]
23 50 0 13 91 87 30 59 60 86 43 28 32 45 38 58 17 11 16 32 47 29 84 94 41 12 6 13 43 69 73 53 43 69 74 59 35 0 5 13 0 0 0 5 45 49 54 49 93 82 31 33 40 27 22 54 30 16 41 70 68 49 10 42 1 28 5 0 0 0 0 0 0 5 0 0 3 0 0 0 0 0 0
31 14 1 60 50 26 69 81 65 6 14 8 0 0 0 0 6 37 14 8 12 6 3 39 53 59 32 14 11 17 38 47 74 84 99 100 95 4 0 12 18 0 0 0 0 0 0 18 83 91 49 34 41 2 3 28 52 33 42 36 47 51 78 83 46 16 11 34 31 41 13 0 0 0 0 0 46 0 0 6 16 0 0
2 10 48 47 48 73 51 37 0 8 2 0 0 0 0 2 9 2 0 0 0 0 0 0 0 11 53 49 37 0 27 10 10 24 17 51 44 16 3 0 0 5 18 1 0 6 31 58 29 19 92 99 100 88 74 44 94 63 56 40 42 37 36 45 72 79 58 95 17 41 21 0 0 0 0 0 0 0 0 7 10 0 0
80 80 70 59 29 31 30 3 22 1 0 0 0 4 19 32 4 1 19 16 19 34 33 4 0 0 0 7 63 15 11 45 37 38 14 53 19 78 23 48 43 51 64 74 77 68 38 59 74 76 100 85 100 76 82 56 36 91 96 68 100 82 58 39 17 29 40 100 68 35 0 0 0 0 0 0 0 0 0 0 0 0 0
14 13 23 48 3 20 14 22 0 0 0 0 0 3 0 0 8 34 67 29 1 43 32 47 0 12 16 13 9 17 35 24 0 33 53 58 27 39 73 11 5 22 34 70 98 91 80 85 93 72 52 9 82 25 12 0 0 24 41 9 28 54 100 80 63 33 12 73 58 100 23 0 0 8 0 0 0 0 0 0 0 0 0
60 36 57 6 0 0 0 0 0 0 2 3 0 0 4 37 54 53 55 62 33 54 69 59 53 54 10 0 0 0 0 0 0 3 1 8 35 28 62 82 40 9 84 100 97 90 100 100 73 0 0 34 60 62 98 93 73 78 85 52 2 51 89 78 78 24 0 48 87 100 36 27 53 96 46 0 0 0 0 0 0 0 0
39 71 12 0 0 0 0 10 26 47 53 42 39 58 68 34 18 48 77 62 85 88 49 52 78 12 26 34 35 0 0 0 0 0 0 68 99 62 32 32 95 100 98 100 100 100 84 58 5 6 54 83 59 26 14 13 26 73 71 95 27 57 51 11 0 0 1 47 84 42 5 61 51 38 0 0 0 0 0 0 0 0 0
59 19 0 0 0 10 19 49 60 47 39 42 73 57 41 75 72 20 0 0 18 68 14 40 97 11 0 20 27 0 0 0 0 0 12 69 80 80 83 85 69 63 41 22 33 15 35 70 89 99 84 23 0 0 2 0 5 89 80 99 20 0 0 0 0 0 0 0 17 0 44 15 0 0 0 0 0 0 0 0 0 0 0
32 0 0 4 38 59 67 85 49 30 0 0 11 35 1 0 15 56 53 45 42 35 31 74 52 8 35 14 0 0 0 0 0 18 49 34 51 66 69 70 93 88 32 48 68 91 80 42 13 0 0 0 0 0 0 0 65 100 95 57 0 0 0 0 0 0 0 0 11 38 27 0 32 10 0 0 0 0 0 0 0 0 0
1 6 16 25 89 46 17 3 29 4 4 44 28 4 0 0 0 0 1 3 14 23 41 18 24 28 3 0 0 0 0 0 0 0 19 36 19 3 5 6 19 59 66 56 33 10 0 0 0 0 0 0 0 0 0 20 100 100 89 34 0 0 0 0 0 22 46 52 32 66 95 92 88 14 0 0 0 0 0 0 0 0 0
15 10 26 51 28 39 24 51 57 92 55 14 15 0 3 41 22 0 0 14 67 87 79 73 48 8 0 0 0 0 0 0 0 0 0 0 0 0 0 0 0 0 0 0 0 0 0 0 0 0 0 0 0 0 0 1 43 80 99 66 2 0 9 34 76 61 36 59 95 57 35 21 3 0 0 0 0 0 0 0 0 0 0
46 53 39 28 12 1 43 39 1 14 0 13 17 42 70 36 60 67 73 57 11 0 34 76 100 28 0 0 0 0 0 0 0 0 0 0 0 0 0 0 0 0 0 0 0 0 0 0 0 0 0 0 0 0 0 0 0 0 15 20 38 68 99 75 25 0 0 0 3 0 0 0 0 0 0 0 0 0 0 5 0 10 43
38 36 67 71 66 49 72 60 9 0 5 9 59 46 9 31 65 89 77 96 96 36 50 7 69 30 5 0 0 0 0 0 0 0 0 0 0 0 0 0 0 0 0 0 0 6 34 31 3 21 17 1 0 0 0 0 0 18 88 80 69 48 20 0 0 0 0 0 0 0 0 0 0 0 0 0 0 0 0 0 0 0 0
15 41 45 38 28 44 59 48 63 84 97 85 98 100 100 75 24 15 68 79 71 100 100 93 72 69 27 0 0 0 0 0 0 0 0 0 0 0 0 0 0 0 0 13 64 97 82 58 93 100 100 73 22 24 40 30 7 0 0 0 0 0 5 18 24 23 5 15 5 1 14 42 1 0 0 0 0 0 0 0 0 0 0
59 59 34 31 55 46 9 50 42 51 49 47 40 31 31 44 77 84 25 0 0 73 76 54 90 5 0 0 0 0 0 0 0 0 0 0 0 0 0 0 0 0 13 94 100 100 96 80 89 100 98 86 80 89 96 100 95 57 28 67 71 44 47 28 33 40 45 44 70 67 54 68 48 1 0 0 0 0 0 14 6 0 2
44 38 34 39 25 18 45 54 51 39 62 64 34 24 16 18 2 52 90 42 15 53 17 66 16 0 0 0 0 0 0 0 0 0 0 0 0 0 0 0 0 0 45 79 78 50 13 0 2 21 13 6 0 0 2 27 77 100 100 100 70 29 0 0 0 0 0 0 0 0 0 0 35 76 55 41 0 0 0 1 19 20 15
1 3 24 41 33 2 72 75 96 88 100 100 91 24 10 24 34 12 20 95 95 1 54 13 0 0 0 0 0 0 0 0 0 11 28 35 20 0 1 0 0 0 0 0 0 0 0 0 0 0 0 0 0 0 0 0 0 38 80 24 9 4 0 0 0 0 0 0 0 0 0 0 0 1 8 17 1 0 9 11 9 10 2
80 94 100 93 53 37 45 1 2 22 41 46 36 34 17 46 65 85 55 89 61 4 21 0 0 0 22 40 5 0 0 20 71 58 70 85 99 90 94 63 25 0 0 0 0 0 0 0 0 0 43 47 56 33 21 13 0 0 0 0 0 0 0 0 0 0 0 0 0 5 4 0 0 0 0 0 0 13 48 26 4 2 2
71 77 57 72 32 10 29 36 27 9 20 16 24 46 37 63 39 7 0 44 35 34 9 0 0 4 16 20 45 38 28 40 59 69 44 35 35 52 47 69 97 85 65 60 39 10 0 0 0 0 15 18 19 76 70 32 0 0 0 0 0 0 0 0 0 0 0 0 0 0 0 0 0 0 0 0 0 14 34 36 32 21 49
14 38 5 30 27 60 71 61 52 36 14 15 22 7 0 16 39 47 30 29 36 48 54 47 41 90 99 91 61 1 32 100 100 100 100 99 71 40 16 71 62 100 98 47 39 65 57 15 10 0 0 13 1 2 3 0 0 0 0 0 0 0 0 0 0 0 0 0 0 0 1 18 29 32 42 65 80 90 91 32 25 26 30
33 55 83 58 8 21 27 39 53 71 64 28 18 4 14 16 24 21 25 25 16 2 7 22 22 24 26 30 41 33 31 78 100 100 100 100 76 72 35 35 54 43 18 0 0 0 42 92 32 0 6 82 99 100 52 0 0 4 9 3 2 4 0 0 0 0 0 0 0 0 0 0 0 0 0 0 0 5 50 82 55 31 6
18 15 3 87 56 15 39 91 80 100 100 100 100 87 71 59 12 42 39 27 34 55 27 20 24 22 22 21 24 37 44 46 41 12 49 49 59 73 85 58 52 45 40 2 0 0 0 0 0 0 0 9 95 100 25 25 14 26 38 34 27 3 0 0 1 1 0 0 0 0 0 0 0 0 0 0 0 9 10 7 51 66 54
1 -9999 -9999 -9999 0 0 0 4 22 37 80 82 74 31 7 17 11 6 0 24 35 0 1 6 0 0 0 0 9 61 26 76 7 0 0 0 0 0 6 32 71 98 100 78 53 2 0 0 0 0 0 0 9 70 96 17 32 18 6 0 8 0 0 0 0 0 0 0 0 13 26 23 19 17 1 0 0 0 0 0 0 0 0
-9999 -9999 -9999 -9999 -9999 0 0 0 0 0 0 24 65 64 72 44 46 32 26 34 14 87 68 21 0 26 29 0 8 67 36 21 42 35 44 33 29 21 10 3 15 17 67 100 100 89 26 1 0 0 0 0 0 9 16 4 24 29 13 0 0 0 0 0 0 0 18 55 92 86 63 100 100 100 98 71 73 33 2 11 27 28 26
-9999 -9999 -9999 -9999 -9999 -9999 0 0 0 0 0 0 0 0 0 10 9 21 61 10 4 77 21 34 55 88 94 39 39 19 0 0 2 60 51 33 40 37 44 52 15 31 80 100 92 59 22 4 0 0 0 0 0 0 0 13 7 10 1 5 50 3 0 3 34 77 100 100 100 100 80 100 100 98 98 86 63 83 84 78 56 4 -9999
-9999 -9999 -9999 -9999 -9999 -9999 -9999 0 0 0 0 0 0 0 0 0 0 15 53 29 7 46 77 88 8 21 42 11 0 1 0 0 26 40 24 45 54 44 34 22 6 19 57 63 79 85 32 0 0 0 0 0 4 7 0 0 0 0 0 21 29 0 39 89 100 100 100 100 100 100 90 83 78 9 1 16 26 39 -9999 -9999 -9999 -9999 -9999
-9999 -9999 -9999 -9999 -9999 -9999 -9999 -9999 0 0 0 0 0 0 0 0 31 62 18 0 31 37 30 24 25 38 28 0 1 18 0 29 33 1 0 0 1 22 43 53 56 40 39 34 33 33 31 32 0 0 0 0 0 20 21 0 0 0 0 0 5 65 100 100 100 100 100 100 100 100 100 85 2 0 0 0 -9999 -9999 -9999 -9999 -9999 -9999 -9999
-9999 -9999 -9999 -9999 -9999 -9999 -9999 -9999 0 0 0 0 0 0 0 24 73 45 6 66 45 9 19 32 30 0 0 0 13 18 0 0 0 0 0 9 0 0 0 5 12 20 22 30 47 54 29 10 19 5 0 0 0 23 19 10 0 0 0 22 83 52 80 100 100 100 100 100 100 100 100 29 0 0 -9999 -9999 -9999 -9999 -9999 -9999 -9999 -9999 -9999
-9999 -9999 -9999 -9999 -9999 -9999 -9999 -9999 0 0 0 0 0 0 29 17 36 29 25 56 46 62 39 46 30 20 18 0 0 20 10 0 0 0 37 69 42 51 11 0 0 0 0 0 0 16 39 22 29 89 52 25 36 33 75 17 20 32 69 100 93 67 82 89 100 100 100 100 100 100 99 13 0 -9999 -9999 -9999 -9999 -9999 -9999 -9999 -9999 -9999 -9999
-9999 -9999 -9999 -9999 -9999 -9999 -9999 100 3 0 0 0 11 40 62 25 80 65 31 10 0 47 32 0 12 2 16 9 9 18 32 36 1 0 1 36 88 85 37 19 20 22 27 9 1 1 7 59 29 87 68 60 36 4 26 51 72 55 66 90 82 52 38 95 93 85 55 94 99 73 28 0 -9999 -9999 -9999 -9999 -9999 -9999 -9999 -9999 -9999 -9999 -9999
-9999 -9999 -9999 -9999 -9999 -9999 -9999 11 0 29 32 6 28 57 89 78 73 1 0 0 0 0 16 32 36 32 7 4 0 0 2 17 45 39 36 19 29 72 25 5 0 0 2 41 25 60 97 93 38 79 94 58 7 36 5 10 27 6 6 69 22 96 86 100 99 92 100 84 25 0 0 0 -9999 -9999 -9999 -9999 -9999 -9999 -9999 -9999 -9999 -9999 -9999
-9999 -9999 -9999 -9999 -9999 -9999 0 0 13 42 16 9 0 0 21 34 32 39 6 19 0 0 0 9 16 13 29 48 43 49 47 34 82 98 98 33 3 6 60 75 74 45 6 0 34 48 81 28 75 100 100 99 74 24 17 0 0 8 25 14 2 83 100 100 100 100 60 5 0 0 -9999 -9999 -9999 -9999 -9999 -9999 -9999 -9999 -9999 -9999 -9999 -9999 -9999
-9999 -9999 -9999 -9999 -9999 -9999 0 0 5 6 0 1 46 48 58 18 1 62 76 14 9 12 35 2 8 46 33 0 0 10 16 49 13 37 63 17 0 0 27 87 77 64 26 41 90 36 18 70 100 100 100 94 11 29 15 10 47 39 0 38 29 45 68 93 80 26 0 0 -9999 -9999 -9999 -9999 -9999 -9999 -9999 -9999 -9999 -9999 -9999 -9999 -9999 -9999 -9999
-9999 -9999 -9999 -9999 0 0 0 0 0 0 0 0 0 0 0 0 0 0 47 53 27 37 66 45 35 0 0 0 0 2 62 61 7 7 30 56 20 0 12 40 3 0 0 6 0 0 15 7 32 43 43 40 3 8 27 7 2 22 7 51 100 100 68 13 0 0 0 -9999 -9999 -9999 -9999 -9999 -9999 -9999 -9999 -9999 -9999 -9999 -9999 -9999 -9999 -9999 -9999
-9999 -9999 -9999 -9999 0 0 0 0 -9999 -9999 -9999 -9999 0 0 0 0 0 0 7 5 2 10 16 24 19 7 11 0 1 15 23 31 66 89 10 6 55 34 71 39 17 1 0 0 0 0 5 51 96 1 4 90 99 100 100 57 9 21 3 85 97 36 0 0 0 -9999 -9999 -9999 -9999 -9999 -9999 -9999 -9999 -9999 -9999 -9999 -9999 -9999 -9999 -9999 -9999 -9999 -9999
-9999 -9999 -9999 -9999 -9999 -9999 -9999 -9999 -9999 -9999 -9999 -9999 -9999 0 0 0 0 0 9 12 7 0 21 11 16 25 32 15 0 0 19 23 62 67 1 0 22 1 1 46 27 23 0 0 0 0 4 43 100 93 86 86 100 100 100 100 76 68 95 100 36 0 -9999 -9999 -9999 -9999 -9999 -9999 -9999 -9999 -9999 -9999 -9999 -9999 -9999 -9999 -9999 -9999 -9999 -9999 -9999 -9999 -9999
