Appendix_Data/App5_Expert_Maps/SA_ASCII/text3.asc
NCOLS 472
NROWS 227
XLLCORNER 17.83333
YLLCORNER -34.83333
CELLSIZE 0.01666667
NODATA_VALUE -9999
[rows 108 to 143 of 227, columns 0 to 82 of 472]
-9999 -9999 5 19 7 72 100 100 82 54 22 0 0 17 13 21 5 0 0 0 0 19 77 11 0 0 0 0 45 72 5 0 31 67 71 54 68 63 9 48 84 6 32 79 58 28 2 14 5 0 13 19 0 26 4 0 21 15 34 88 0 0 0 2 84 58 8 0 0 0 0 33 0 0 0 3 0 37 0 0 0 0 18
-9999 54 0 21 19 85 100 100 100 100 65 0 0 3 0 30 20 11 0 0 0 0 6 70 57 44 0 0 34 97 92 16 40 34 49 48 23 70 62 60 95 75 58 25 25 81 41 2 2 11 0 0 0 6 21 0 0 7 7 18 0 0 0 0 0 0 0 0 0 0 0 26 0 0 0 0 0 18 0 0 0 0 11
-9999 22 0 0 0 58 100 100 100 100 39 0 0 0 0 11 51 10 37 0 0 0 0 10 48 74 57 0 0 50 100 83 42 17 81 79 48 52 8 76 58 65 25 10 0 6 93 82 4 13 13 2 0 0 27 0 0 18 2 0 0 0 0 0 0 0 0 0 0 0 0 31 0 0 0 0 0 0 0 0 0 0 0
-9999 49 0 1 10 7 75 75 64 12 6 0 0 0 0 12 61 48 60 1 0 0 0 0 80 84 69 56 28 3 96 100 100 83 70 97 65 81 47 35 33 48 58 7 0 0 23 27 0 9 52 41 0 1 30 0 0 13 1 0 4 6 0 0 0 0 0 0 0 0 0 34 0 0 0 0 0 0 0 0 0 0 0
-9999 -9999 15 2 13 44 72 74 20 12 11 21 3 0 0 0 55 70 34 0 0 0 0 20 98 100 100 96 37 4 41 68 29 70 92 82 37 70 15 48 89 87 53 0 0 0 0 0 0 0 0 10 22 60 50 0 0 1 0 3 0 9 0 0 0 0 0 0 0 0 4 36 0 0 0 0 0 0 0 0 0 0 0
-9999 -9999 58 10 0 16 14 66 19 10 2 0 0 0 9 45 77 63 36 0 0 0 0 15 75 100 100 100 100 76 57 3 47 21 15 16 13 10 9 0 9 3 0 0 0 0 0 8 14 9 0 0 0 23 0 0 0 12 3 0 0 0 0 0 0 0 0 0 0 0 0 39 0 0 0 0 0 0 1 0 0 0 0
-9999 -9999 62 0 0 10 26 1 0 0 1 2 0 0 0 12 15 45 8 0 0 0 0 38 100 100 100 100 100 100 95 51 37 57 84 99 77 45 72 12 0 0 0 0 0 0 0 11 1 5 8 0 0 0 0 0 0 1 87 28 0 0 0 0 0 0 0 0 0 0 0 32 0 0 0 0 0 0 8 0 0 0 0
-9999 100 39 0 17 32 48 24 0 0 0 3 0 0 0 16 49 7 0 0 0 0 12 84 100 100 100 100 100 100 100 100 34 52 63 67 11 24 70 1 0 0 0 0 2 0 0 0 0 0 0 0 0 0 0 0 0 0 86 84 4 0 0 0 0 0 0 0 0 0 0 29 0 0 0 0 0 0 11 0 0 0 0
-9999 100 26 0 20 42 82 17 0 0 0 0 0 0 6 19 80 19 0 0 0 0 54 100 67 50 50 50 72 100 100 72 82 50 0 41 94 88 86 14 0 0 0 0 4 0 0 0 0 0 0 0 0 0 0 0 0 0 27 57 57 0 0 0 0 0 0 0 0 0 2 46 22 6 0 0 4 12 12 0 15 28 29
-9999 -9999 -9999 0 33 80 48 100 -9999 -9999 0 0 21 3 5 2 31 36 26 0 0 0 72 95 6 0 0 34 96 100 100 65 90 80 33 80 50 20 18 34 0 0 0 0 0 0 0 0 0 0 0 0 0 0 0 0 0 0 0 4 94 35 0 0 0 0 0 0 9 53 22 71 16 15 0 0 8 30 22 0 24 8 41
-9999 -9999 100 81 77 76 23 35 -9999 -9999 -9999 2 23 15 1 0 58 75 13 10 0 1 88 63 0 0 37 99 100 100 95 79 100 100 100 63 28 35 0 17 3 0 0 0 0 0 0 0 0 0 0 0 0 0 0 0 0 0 3 12 94 93 11 0 0 0 0 9 21 30 42 61 15 34 0 0 12 28 34 0 16 10 0
-9999 -9999 -9999 100 100 95 -9999 -9999 -9999 -9999 -9999 54 27 46 42 0 16 19 76 49 11 0 72 47 6 11 96 100 100 100 63 58 100 100 100 99 3 0 0 0 3 7 0 0 0 0 0 0 0 0 0 0 5 2 0 0 0 0 0 0 55 100 78 6 0 0 0 9 4 41 73 69 32 41 0 10 66 2 38 2 16 17 0
-9999 -9999 -9999 -9999 -9999 -9999 -9999 100 56 82 -9999 100 28 50 86 70 2 21 99 86 59 0 71 77 10 75 100 100 100 100 56 80 100 100 99 42 5 22 17 35 3 2 0 0 0 0 0 0 0 0 0 0 0 0 0 0 0 0 0 15 18 87 73 44 1 0 0 0 20 11 21 44 37 32 0 42 96 3 56 7 14 22 0
-9999 -9999 -9999 -9999 -9999 -9999 -9999 100 15 26 -9999 88 45 62 61 22 0 0 35 74 0 0 8 25 69 100 100 100 100 100 77 96 100 84 53 16 0 0 0 0 0 0 0 0 0 0 0 0 0 0 0 0 0 0 0 0 0 0 0 18 0 1 11 5 10 0 0 0 0 9 51 71 53 27 0 39 56 1 37 12 0 31 3
-9999 -9999 -9999 -9999 -9999 -9999 100 43 23 66 72 68 100 99 59 74 58 4 6 14 0 0 23 68 99 100 100 100 100 100 96 75 95 73 11 11 0 0 0 0 0 0 0 0 0 0 0 0 0 0 0 0 0 0 0 0 0 0 0 8 6 0 0 0 0 0 0 0 0 44 98 40 51 31 41 68 4 0 8 7 0 30 38
-9999 -9999 -9999 -9999 -9999 -9999 100 33 20 27 62 73 89 73 88 55 94 79 79 11 0 0 70 49 81 100 97 100 100 100 100 100 90 84 47 6 2 0 0 2 1 0 0 0 0 0 0 0 0 0 0 0 0 0 0 0 0 0 0 3 31 0 9 0 0 0 0 0 2 90 99 55 52 6 71 36 0 0 0 1 0 35 42
-9999 -9999 -9999 -9999 -9999 -9999 -9999 61 46 11 52 98 66 66 0 0 17 10 1 0 0 31 94 98 99 48 30 100 100 100 100 100 100 71 7 9 15 2 0 10 3 0 0 0 0 0 0 0 0 0 0 0 0 0 0 0 0 0 0 0 7 15 52 68 8 0 0 0 31 36 30 56 78 0 29 49 0 0 0 28 4 7 37
-9999 -9999 -9999 -9999 -9999 -9999 -9999 -9999 100 52 1 0 0 0 0 0 0 0 0 0 0 47 100 100 48 16 23 86 99 100 100 95 44 30 4 6 17 1 0 0 0 0 0 0 0 0 0 0 0 0 0 0 0 0 0 0 0 0 0 0 0 20 36 59 28 0 3 47 50 38 61 38 78 6 22 32 0 0 39 50 20 0 33
-9999 -9999 -9999 -9999 -9999 -9999 -9999 -9999 -9999 -9999 0 0 0 0 0 0 0 0 0 0 5 70 88 99 52 10 2 30 100 100 100 88 34 8 2 0 0 0 0 0 0 0 0 0 0 0 0 0 0 0 0 0 0 0 0 0 0 0 0 0 36 23 2 11 32 11 56 32 12 47 82 53 38 34 0 0 0 12 59 46 69 7 26
-9999 -9999 -9999 -9999 -9999 -9999 -9999 -9999 -9999 -9999 -9999 -9999 0 0 0 0 0 0 0 0 11 24 35 12 0 6 15 84 100 100 100 66 20 0 5 6 0 0 0 0 0 0 0 14 0 0 0 0 0 0 0 0 0 0 0 0 0 0 0 0 3 41 47 1 13 51 34 0 0 11 72 49 0 4 0 0 18 44 32 60 64 24 33
-9999 -9999 -9999 -9999 -9999 -9999 -9999 -9999 -9999 -9999 -9999 -9999 -9999 0 0 0 0 0 0 0 0 9 12 0 3 76 69 100 100 98 51 7 0 0 14 8 0 0 0 0 0 0 0 17 0 0 0 0 0 0 0 0 0 0 0 0 0 0 0 0 0 43 36 48 6 43 25 0 0 10 38 51 0 0 4 73 87 53 64 48 7 30 42
-9999 -9999 -9999 -9999 -9999 -9999 -9999 -9999 -9999 -9999 -9999 -9999 -9999 -9999 0 0 0 0 0 0 0 12 27 37 65 100 100 99 57 12 0 0 0 0 0 0 0 0 0 16 1 1 1 0 1 5 16 0 0 0 0 0 0 0 0 0 0 0 0 6 19 30 56 68 29 53 56 38 41 20 8 45 16 0 10 100 79 98 85 89 22 20 32
-9999 -9999 -9999 -9999 -9999 -9999 -9999 -9999 -9999 -9999 -9999 -9999 -9999 -9999 -9999 0 0 0 0 0 0 0 51 88 100 100 92 62 0 0 0 0 0 0 0 1 0 7 4 31 0 4 44 22 34 83 70 16 0 0 0 0 0 0 0 0 0 0 0 0 5 0 17 62 42 39 54 6 21 34 50 32 53 0 40 63 94 28 52 45 26 14 41
-9999 -9999 -9999 -9999 -9999 -9999 -9999 -9999 -9999 -9999 -9999 -9999 -9999 -9999 -9999 -9999 0 0 0 0 0 0 58 100 100 100 65 77 0 0 0 0 0 0 1 11 0 3 0 0 0 0 6 68 64 15 36 31 0 0 0 0 0 0 0 0 6 0 0 0 0 0 0 12 22 48 59 0 0 41 86 11 46 13 59 40 34 5 36 21 20 12 47
-9999 -9999 -9999 -9999 -9999 -9999 -9999 -9999 -9999 -9999 -9999 -9999 -9999 -9999 -9999 -9999 0 0 0 0 0 17 34 100 100 94 23 10 0 0 0 0 0 0 0 0 52 68 47 34 2 0 0 33 99 89 91 52 0 0 0 0 0 0 0 0 0 0 1 0 0 0 0 0 0 2 59 34 0 0 31 65 23 26 54 61 18 19 29 17 29 26 36
-9999 -9999 -9999 -9999 -9999 -9999 -9999 -9999 -9999 -9999 -9999 -9999 -9999 -9999 -9999 -9999 -9999 0 0 0 2 91 35 100 90 59 36 5 1 38 70 10 0 0 0 0 36 48 79 100 10 0 0 3 36 22 81 62 0 5 0 0 0 0 10 1 4 3 3 0 0 0 0 0 0 9 46 63 32 0 0 49 70 14 6 21 31 17 18 18 26 11 17
-9999 -9999 -9999 -9999 -9999 -9999 -9999 -9999 -9999 -9999 -9999 -9999 -9999 -9999 -9999 -9999 -9999 -9999 0 0 33 100 95 100 100 100 100 97 98 100 52 71 17 0 0 0 0 36 74 49 35 9 1 2 0 0 0 0 0 0 0 4 11 3 20 19 3 4 0 0 3 15 1 0 0 0 10 66 91 34 0 1 15 12 32 34 2 1 21 55 28 19 5
-9999 -9999 -9999 -9999 -9999 -9999 -9999 -9999 -9999 -9999 -9999 -9999 -9999 -9999 -9999 -9999 -9999 -9999 0 0 39 100 100 100 100 100 100 100 100 97 8 86 94 2 0 0 0 23 76 16 5 10 0 4 7 0 0 0 0 0 1 84 99 14 4 0 0 0 0 0 1 23 1 7 25 0 0 0 69 46 0 0 0 0 8 45 24 0 0 10 21 20 6
-9999 -9999 -9999 -9999 -9999 -9999 -9999 -9999 -9999 -9999 -9999 -9999 -9999 -9999 -9999 -9999 -9999 -9999 -9999 1 53 100 85 81 100 100 100 100 100 100 100 100 79 6 45 2 0 0 19 99 99 42 23 2 0 0 0 0 0 26 19 100 92 0 0 0 0 0 4 17 1 0 0 29 86 15 0 0 46 15 40 36 0 0 40 51 20 0 0 0 23 18 48
-9999 -9999 -9999 -9999 -9999 -9999 -9999 -9999 -9999 -9999 -9999 -9999 -9999 -9999 -9999 -9999 -9999 -9999 43 4 2 90 98 100 100 100 98 100 100 100 100 100 20 0 10 19 0 0 0 65 100 54 0 0 31 29 0 0 2 69 37 100 71 0 0 0 0 0 0 1 22 4 19 16 56 11 0 13 55 14 15 9 0 0 34 26 21 2 5 17 29 23 14
-9999 -9999 -9999 -9999 -9999 -9999 -9999 -9999 -9999 -9999 -9999 -9999 -9999 -9999 -9999 -9999 -9999 -9999 90 6 0 13 62 100 100 100 91 81 100 100 100 100 32 26 97 53 11 41 9 45 98 46 0 21 7 30 0 0 0 1 4 85 56 0 0 0 0 0 0 0 0 29 8 0 29 36 29 4 9 48 0 0 0 0 27 3 30 15 11 29 40 32 4
-9999 -9999 -9999 -9999 -9999 -9999 -9999 -9999 -9999 -9999 -9999 -9999 -9999 -9999 -9999 -9999 -9999 -9999 -9999 -9999 0 0 0 69 100 100 100 98 100 100 100 100 99 98 100 100 97 54 66 19 56 77 79 50 34 0 0 0 15 17 0 61 95 14 0 0 0 0 0 0 0 1 26 0 55 100 100 96 56 30 0 0 0 7 11 10 17 0 0 0 0 13 5
-9999 -9999 -9999 -9999 -9999 -9999 -9999 -9999 -9999 -9999 -9999 -9999 -9999 -9999 -9999 -9999 -9999 -9999 -9999 -9999 -9999 -9999 0 40 100 100 100 100 100 100 100 100 100 100 100 100 100 93 47 8 38 99 100 70 86 16 0 0 33 92 6 43 100 38 0 0 0 0 0 0 0 1 16 1 17 91 100 100 45 34 14 0 0 29 27 10 27 12 0 0 0 16 0
-9999 -9999 -9999 -9999 -9999 -9999 -9999 -9999 -9999 -9999 -9999 -9999 -9999 -9999 -9999 -9999 -9999 -9999 -9999 -9999 -9999 -9999 -9999 30 66 99 100 100 100 100 100 100 100 100 100 100 100 100 100 84 52 100 100 100 100 80 10 0 0 37 2 59 100 56 0 0 0 0 0 0 0 0 3 4 0 1 48 50 22 0 79 23 0 26 42 5 3 57 0 1 10 84 66
-9999 -9999 -9999 -9999 -9999 -9999 -9999 -9999 -9999 -9999 -9999 -9999 -9999 -9999 -9999 -9999 -9999 -9999 -9999 -9999 -9999 -9999 -9999 -9999 0 63 99 100 100 100 100 100 100 100 100 100 100 100 99 78 98 100 100 100 100 100 88 1 0 5 39 79 100 100 29 0 0 0 0 0 0 0 14 0 0 0 13 62 25 0 20 15 0 49 45 4 0 35 13 83 98 100 98
-9999 -9999 -9999 -9999 -9999 -9999 -9999 -9999 -9999 -9999 -9999 -9999 -9999 -9999 -9999 -9999 -9999 -9999 -9999 -9999 -9999 -9999 -9999 -9999 -9999 0 24 43 92 99 100 100 100 100 100 100 100 100 88 19 47 87 100 100 100 83 81 0 0 28 24 76 100 100 73 6 0 0 0 0 0 5 1 0 0 0 32 8 0 0 0 0 0 8 37 1 0 0 16 69 100 100 58
