Appendix_Data/App5_Expert_Maps/SA_ASCII/text3.asc
NCOLS 472
NROWS 227
XLLCORNER 17.83333
YLLCORNER -34.83333
CELLSIZE 0.01666667
NODATA_VALUE -9999
[rows 144 to 179 of 227, columns 332 to 414 of 472]
0 0 0 0 0 47 70 33 0 0 0 0 34 43 60 88 64 17 44 61 40 34 36 37 45 51 42 18 13 34 63 87 97 65 40 7 0 0 0 0 0 0 0 0 0 0 0 0 0 0 0 0 0 0 0 0 0 0 0 0 0 0 0 0 0 0 0 0 0 0 0 0 0 0 0 0 0 0 0 0 0 0 0
12 6 10 16 26 22 14 27 22 24 13 2 0 8 62 64 42 42 21 0 0 0 0 0 0 0 0 10 23 17 20 17 35 58 74 90 76 63 81 33 32 28 19 12 0 0 0 0 0 0 0 0 0 0 0 0 0 0 0 0 0 0 0 11 23 23 36 49 40 34 40 43 46 40 28 32 19 15 14 3 0 0 0
35 44 49 42 20 24 47 36 10 22 8 19 0 16 45 2 0 0 0 0 0 0 0 8 18 9 0 2 6 0 0 0 7 14 19 25 40 45 51 44 56 47 71 64 38 21 26 30 17 6 1 0 0 0 0 0 0 0 0 15 13 31 61 68 65 71 77 79 79 86 99 88 97 98 82 77 83 64 49 71 50 25 13
42 63 65 68 72 55 44 46 21 19 0 25 34 28 11 5 5 0 0 0 0 0 0 5 1 1 0 0 0 8 2 15 3 6 0 0 0 0 8 17 24 45 54 48 47 71 49 29 22 36 59 61 56 39 22 5 7 24 15 24 52 100 100 99 68 80 29 27 50 64 58 52 41 30 28 23 28 25 23 34 49 48 50
36 22 6 6 51 58 81 100 76 8 0 1 0 0 2 50 78 54 4 23 4 0 0 0 12 13 0 0 13 21 21 15 19 4 19 26 23 2 0 0 0 0 16 24 23 29 31 26 15 30 42 37 30 21 55 66 67 12 58 97 100 100 100 54 0 0 30 79 92 48 10 4 0 0 0 0 1 55 48 20 12 30 31
3 0 6 0 0 17 89 39 12 0 0 0 0 1 29 55 81 99 87 61 37 10 2 10 7 13 25 31 53 35 16 27 37 52 51 3 2 16 12 0 0 0 0 0 0 15 42 45 44 65 59 79 70 37 26 77 99 95 100 100 100 98 93 92 56 11 0 13 29 33 43 77 46 14 0 0 4 58 72 6 0 48 32
94 76 32 0 9 33 59 59 24 0 0 0 0 0 54 65 78 40 51 64 66 95 85 61 73 78 64 71 91 69 65 98 65 15 29 38 58 38 26 30 25 12 0 0 5 31 32 5 14 30 37 33 8 8 28 54 46 37 33 40 40 15 0 7 19 17 20 20 27 17 0 0 0 4 25 30 31 33 11 0 0 0 0
53 55 67 67 38 4 0 0 0 0 0 0 0 0 0 0 0 0 0 5 32 51 73 94 92 82 83 77 88 29 15 5 95 68 39 0 16 35 46 51 30 7 5 0 5 16 26 35 21 11 0 0 0 0 0 0 20 55 60 50 29 29 39 14 7 3 29 24 32 47 47 40 26 20 37 67 28 30 67 32 5 2 0
64 36 14 0 0 0 0 0 0 0 0 0 0 0 0 0 0 0 0 0 0 0 0 0 11 34 53 64 69 67 46 45 56 53 66 53 34 26 14 30 63 94 98 54 21 39 52 47 15 1 0 0 1 0 0 0 0 0 0 15 60 80 58 49 24 61 68 11 10 4 0 6 19 22 35 54 34 28 50 55 21 1 0
0 0 0 0 0 0 0 0 0 0 0 0 0 0 0 0 0 0 0 0 0 0 0 0 0 0 0 0 0 13 26 28 25 29 28 7 4 29 63 69 40 47 51 42 38 82 72 80 94 51 63 77 47 13 29 0 0 0 0 0 0 36 48 30 0 0 0 0 0 0 0 0 0 0 0 8 37 36 21 31 38 13 11
0 0 0 0 0 0 0 0 0 0 0 0 0 0 0 0 0 0 0 0 0 0 0 0 0 0 0 0 0 0 0 0 0 0 2 16 25 20 63 46 0 0 4 23 31 77 88 69 95 78 98 84 64 80 59 41 16 0 0 0 0 0 0 0 0 0 0 0 0 0 0 0 0 0 0 0 0 0 2 41 82 84 19
0 0 0 0 0 0 0 0 0 0 0 0 0 10 63 75 57 27 19 17 19 13 19 16 18 14 0 0 0 0 0 0 0 0 0 0 0 0 0 16 12 0 0 0 0 3 38 75 99 75 100 74 77 100 10 38 70 65 53 3 0 12 7 23 0 9 39 34 33 11 0 0 0 0 0 0 0 4 0 1 23 63 65
0 0 0 0 0 0 0 0 0 0 0 0 0 0 0 0 8 19 32 35 35 48 38 40 30 15 16 13 16 18 19 2 0 0 0 0 0 0 0 0 0 0 0 0 0 0 0 0 12 47 82 94 98 100 61 86 92 93 25 6 14 7 27 5 58 57 39 20 26 22 8 16 0 0 0 21 55 69 37 2 0 0 0
0 0 0 0 0 0 0 0 0 0 0 0 13 1 0 0 0 0 0 0 0 0 0 2 15 31 43 42 45 36 15 24 16 12 17 25 13 16 18 4 5 3 0 0 0 0 0 0 0 0 0 17 53 90 100 100 100 78 0 1 62 34 59 0 1 11 18 27 26 27 15 41 27 55 17 24 49 6 7 0 0 0 0
0 0 0 0 0 0 0 0 0 0 0 0 9 0 0 0 0 0 0 0 0 0 0 0 0 11 1 0 0 12 30 41 40 44 45 42 35 30 33 48 23 26 51 21 1 25 60 41 30 22 0 0 0 0 20 48 41 9 0 34 100 52 10 0 0 1 1 0 0 0 12 32 7 5 21 73 2 0 0 0 0 0 0
34 19 35 29 31 24 1 0 0 0 0 0 0 0 0 0 0 11 10 2 1 2 0 0 0 4 56 9 0 0 0 0 0 0 0 0 0 0 3 16 30 38 51 95 86 16 7 53 65 94 89 61 24 4 0 0 0 0 0 54 39 3 1 45 51 67 28 36 35 22 1 0 27 45 21 2 0 0 0 0 0 0 0
58 56 67 10 0 11 47 32 23 1 0 0 0 0 0 0 0 4 0 7 16 16 0 0 0 0 20 76 11 20 20 12 19 48 40 29 25 2 0 0 0 0 0 15 46 79 81 45 2 11 52 78 98 89 43 1 0 0 2 23 0 0 1 53 46 22 0 0 2 26 46 20 27 35 18 0 0 0 0 0 0 0 0
55 55 50 41 31 29 49 55 73 79 10 0 0 0 0 0 0 0 0 0 0 0 0 0 0 0 0 17 79 18 3 11 15 59 100 60 46 14 3 13 26 39 20 6 0 0 7 30 20 16 1 0 4 29 55 42 2 27 14 0 0 0 0 0 1 23 29 34 10 18 33 38 26 10 0 0 0 0 0 0 0 0 0
0 2 12 19 45 58 69 72 78 56 24 0 0 0 0 0 0 0 0 0 0 0 0 0 0 8 17 25 69 74 53 6 0 0 11 20 26 53 31 9 0 14 46 78 55 41 23 2 0 1 0 0 0 0 0 0 1 25 50 49 69 50 1 0 0 0 0 0 12 27 37 40 65 49 16 0 0 0 0 0 0 0 0
0 0 0 0 0 0 4 0 0 0 27 75 57 43 18 23 74 70 59 55 47 30 15 1 0 5 53 48 15 27 50 45 27 5 0 0 0 13 45 42 37 31 19 6 2 5 13 37 39 52 60 44 9 0 0 0 0 0 0 38 91 93 54 17 0 0 0 0 0 0 9 31 16 11 30 31 12 0 0 0 0 0 0
0 0 0 0 0 0 0 0 0 0 0 15 38 48 38 37 52 28 44 56 26 39 50 67 44 33 26 10 23 36 46 53 50 61 50 42 13 18 21 56 41 20 1 0 0 0 0 0 0 1 13 39 49 55 32 44 37 27 19 64 45 77 1 0 0 0 15 1 0 0 0 0 0 9 10 24 40 36 3 0 0 0 0
12 12 7 1 0 0 0 0 0 0 0 0 0 0 0 12 31 45 34 55 54 45 41 31 60 51 38 59 52 36 38 34 46 62 63 61 69 52 29 15 5 25 42 49 30 1 0 0 0 0 0 0 0 0 0 0 16 25 20 21 28 23 72 30 27 41 13 34 19 0 0 0 0 0 0 0 19 31 27 15 0 0 0
22 55 91 57 43 38 41 9 0 0 0 0 0 0 0 0 0 1 0 0 6 30 53 66 69 64 62 52 50 33 29 30 45 46 43 20 8 11 29 39 41 36 28 29 72 80 32 11 0 0 0 0 0 1 24 6 1 0 4 16 25 32 43 76 43 15 23 21 40 60 33 3 0 0 0 0 0 11 30 16 20 16 0
1 0 6 30 64 51 46 46 47 55 48 29 10 0 0 0 0 0 0 0 0 0 0 0 0 1 7 26 42 61 59 48 52 38 26 37 55 53 43 26 2 0 0 3 19 41 62 77 57 35 18 0 0 46 64 59 43 38 20 0 4 18 27 40 40 5 0 0 14 35 10 43 7 0 0 0 0 0 0 20 33 31 20
66 35 0 0 0 0 0 9 23 33 44 51 51 26 1 0 0 0 0 0 0 0 0 0 0 0 0 0 0 0 0 5 21 41 57 63 61 57 30 31 40 24 20 13 0 0 0 0 5 20 45 45 61 47 5 49 35 24 26 31 21 0 11 29 38 38 4 0 0 0 28 17 34 34 0 0 0 0 0 0 0 31 62
22 31 68 36 8 0 0 0 0 0 0 0 0 0 0 0 0 0 0 0 0 0 0 0 0 0 0 0 0 0 0 0 0 0 0 0 8 23 37 40 52 56 47 48 47 23 21 6 0 0 0 0 2 24 26 39 56 47 57 33 29 27 15 6 34 37 52 22 0 0 0 14 28 11 30 4 0 0 0 0 0 0 13
42 35 70 2 4 0 0 0 0 0 0 0 0 0 0 0 0 0 0 0 0 0 0 0 0 0 0 0 0 0 0 0 0 0 0 0 0 0 0 0 0 12 33 42 45 48 33 37 36 22 16 0 0 0 0 0 5 31 41 60 38 37 25 25 11 16 36 53 30 3 0 0 3 36 16 33 24 0 0 0 0 0 0
58 66 24 0 0 0 0 0 0 0 0 0 0 0 0 0 0 0 0 0 0 0 0 0 0 0 0 0 0 0 0 0 0 0 0 0 0 0 0 0 0 0 0 0 1 22 36 44 46 44 33 33 34 24 19 1 0 0 0 10 38 48 36 39 33 28 62 67 49 41 12 0 0 0 24 32 58 60 7 0 0 0 0
21 7 37 45 39 15 0 0 0 0 0 0 7 15 20 29 34 32 25 22 13 4 0 0 0 0 0 0 0 0 0 0 0 0 0 0 0 0 0 0 0 0 0 0 0 0 0 0 1 16 29 36 42 44 35 46 41 37 16 1 0 2 30 42 46 55 42 53 34 27 43 30 0 0 0 2 27 52 67 39 0 0 26
51 53 30 32 44 62 72 63 59 64 73 61 58 48 48 39 38 47 50 45 46 52 59 62 50 42 30 13 0 0 0 0 0 0 0 0 0 0 0 0 0 0 0 0 0 0 0 0 0 0 0 0 0 22 45 44 45 40 49 52 34 23 6 0 15 30 42 42 42 25 48 30 41 7 0 0 0 0 0 0 0 0 43
0 22 39 28 12 26 37 45 55 58 49 43 35 29 14 15 20 18 19 22 24 31 33 38 35 32 27 38 53 56 42 36 19 1 0 0 0 0 0 0 0 0 0 0 0 0 0 0 0 0 0 0 0 0 0 0 5 23 41 45 51 38 40 43 30 17 8 36 50 30 27 8 17 36 32 14 0 0 0 0 0 0 3
22 9 0 11 38 26 12 3 20 27 50 66 27 0 0 9 41 51 51 50 45 28 6 0 10 18 35 33 31 30 36 32 43 54 50 44 38 24 15 8 1 0 0 0 0 0 0 0 0 0 0 0 0 0 0 0 0 0 0 1 21 31 41 36 30 33 51 58 73 74 29 28 16 10 16 32 28 21 15 0 0 0 0
1 17 18 19 32 6 25 48 37 24 -9999 -9999 -9999 -9999 -9999 -9999 -9999 -9999 -9999 100 100 100 98 80 65 47 27 7 0 8 15 29 34 41 23 31 28 32 39 50 57 59 51 36 35 29 21 8 0 0 0 0 0 0 0 0 0 0 0 0 0 0 0 22 69 71 49 44 47 37 22 24 28 27 0 0 14 21 31 39 24 23 32
0 0 0 0 -9999 -9999 -9999 -9999 -9999 -9999 -9999 -9999 -9999 -9999 -9999 -9999 -9999 -9999 -9999 -9999 -9999 -9999 -9999 -9999 100 100 100 100 84 62 42 17 6 1 14 22 29 33 35 34 36 25 28 34 27 23 32 46 52 48 42 33 24 12 0 0 0 0 0 0 0 0 0 0 2 48 90 64 55 35 57 23 23 3 0 0 0 0 0 7 15 14 14
0 0 -9999 -9999 -9999 -9999 -9999 -9999 -9999 -9999 -9999 -9999 -9999 -9999 -9999 -9999 -9999 -9999 -9999 -9999 -9999 -9999 -9999 -9999 -9999 -9999 -9999 -9999 -9999 -9999 100 100 100 74 30 37 32 38 28 25 14 10 18 20 22 30 31 32 61 45 33 34 37 38 51 49 34 21 2 0 0 0 0 0 0 0 2 37 54 73 52 44 21 59 6 0 0 0 0 0 0 0 0
0 -9999 -9999 -9999 -9999 -9999 -9999 -9999 -9999 -9999 -9999 -9999 -9999 -9999 -9999 -9999 -9999 -9999 -9999 -9999 -9999 -9999 -9999 -9999 -9999 -9999 -9999 -9999 -9999 -9999 -9999 -9999 -9999 -9999 -9999 -9999 -9999 -9999 -9999 -9999 100 83 55 37 34 21 13 13 3 7 12 20 28 35 37 46 54 58 58 51 34 7 0 0 0 0 0 0 0 11 46 67 57 26 9 0 0 0 0 0 0 0 0
