Appendix_Data/App5_Expert_Maps/SA_ASCII/text3.asc
NCOLS 472
NROWS 227
XLLCORNER 17.83333
YLLCORNER -34.83333
CELLSIZE 0.01666667
NODATA_VALUE -9999
[rows 144 to 179 of 227, columns 0 to 82 of 472]
-9999 -9999 -9999 -9999 -9999 -9999 -9999 -9999 -9999 -9999 -9999 -9999 -9999 -9999 -9999 -9999 -9999 -9999 -9999 -9999 -9999 -9999 -9999 -9999 -9999 -9999 0 0 72 91 95 81 73 94 100 100 100 100 100 100 81 99 100 100 100 76 53 57 15 41 9 29 95 100 100 42 0 1 0 0 0 0 0 0 0 17 31 21 5 0 0 3 1 13 20 0 0 2 45 41 100 93 37
-9999 -9999 -9999 -9999 -9999 -9999 -9999 -9999 -9999 -9999 -9999 -9999 -9999 -9999 -9999 -9999 -9999 -9999 -9999 -9999 -9999 -9999 -9999 -9999 -9999 -9999 -9999 0 73 30 18 85 93 90 91 100 100 100 100 100 100 66 79 97 83 63 60 44 14 62 59 84 45 96 100 87 12 6 14 0 0 0 0 0 0 24 0 9 52 18 0 3 26 11 31 12 13 1 56 44 24 74 73
-9999 -9999 -9999 -9999 -9999 -9999 -9999 -9999 -9999 -9999 -9999 -9999 -9999 -9999 -9999 -9999 -9999 -9999 -9999 -9999 -9999 -9999 -9999 -9999 -9999 -9999 -9999 -9999 63 90 14 94 99 59 96 100 100 100 63 96 100 100 48 58 66 38 88 14 47 33 99 100 72 65 100 100 91 25 44 4 0 5 5 0 0 15 4 0 23 54 29 20 33 82 65 2 39 28 14 49 28 39 100
-9999 -9999 -9999 -9999 -9999 -9999 -9999 -9999 -9999 -9999 -9999 -9999 -9999 -9999 -9999 -9999 -9999 -9999 -9999 -9999 -9999 -9999 -9999 -9999 -9999 -9999 -9999 -9999 17 86 60 100 79 75 95 100 100 100 93 92 85 100 81 79 100 95 83 20 57 37 45 76 68 12 93 100 100 96 44 14 0 4 56 1 0 16 19 1 0 11 30 17 0 2 22 11 56 27 13 20 70 69 100
-9999 -9999 -9999 -9999 -9999 -9999 -9999 -9999 -9999 -9999 -9999 -9999 -9999 -9999 -9999 -9999 -9999 -9999 -9999 -9999 -9999 -9999 -9999 -9999 -9999 -9999 -9999 -9999 58 46 96 100 100 100 100 90 56 35 83 97 96 95 100 81 100 100 40 7 0 25 0 9 94 8 29 100 100 100 78 19 7 10 86 25 1 25 11 5 0 0 39 31 48 34 22 16 33 9 0 7 39 73 100
-9999 -9999 -9999 -9999 -9999 -9999 -9999 -9999 -9999 -9999 -9999 -9999 -9999 -9999 -9999 -9999 -9999 -9999 -9999 -9999 -9999 -9999 -9999 -9999 -9999 -9999 -9999 -9999 80 95 68 88 100 100 100 32 0 0 42 100 100 97 91 98 100 100 89 93 79 15 0 0 37 14 7 91 100 100 100 79 97 46 14 67 18 20 4 19 15 19 26 39 38 64 0 36 55 56 13 29 7 26 93
-9999 -9999 -9999 -9999 -9999 -9999 -9999 -9999 -9999 -9999 -9999 -9999 -9999 -9999 -9999 -9999 -9999 -9999 -9999 -9999 -9999 -9999 -9999 -9999 -9999 -9999 -9999 -9999 60 77 3 62 90 100 71 4 0 0 62 100 100 98 96 100 100 100 97 96 34 0 0 0 52 28 8 82 100 100 100 100 73 21 15 59 7 32 26 0 16 17 26 37 3 12 31 25 20 12 2 0 3 60 43
-9999 -9999 -9999 -9999 -9999 -9999 -9999 -9999 -9999 -9999 -9999 -9999 -9999 -9999 -9999 -9999 -9999 -9999 -9999 -9999 -9999 -9999 -9999 -9999 -9999 -9999 -9999 -9999 -9999 -9999 0 70 92 84 18 0 0 0 83 100 100 100 100 100 100 100 95 98 30 9 5 3 1 8 86 89 100 100 100 100 65 43 53 30 40 0 31 25 6 22 100 85 10 21 6 16 17 0 0 0 29 17 85
-9999 -9999 -9999 -9999 -9999 -9999 -9999 -9999 -9999 -9999 -9999 -9999 -9999 -9999 -9999 -9999 -9999 -9999 -9999 -9999 -9999 -9999 -9999 -9999 -9999 -9999 -9999 -9999 -9999 -9999 0 32 98 60 0 0 0 12 100 100 100 100 100 92 100 100 96 40 60 20 33 45 65 97 100 100 100 100 100 100 92 45 78 87 35 0 0 17 66 25 91 96 71 7 0 3 1 0 0 0 59 10 42
-9999 -9999 -9999 -9999 -9999 -9999 -9999 -9999 -9999 -9999 -9999 -9999 -9999 -9999 -9999 -9999 -9999 -9999 -9999 -9999 -9999 -9999 -9999 -9999 -9999 -9999 -9999 -9999 -9999 -9999 -9999 0 42 19 0 0 0 47 100 100 99 76 100 24 36 43 70 30 36 42 53 77 70 86 94 100 100 100 100 100 96 82 38 48 29 5 0 18 20 46 55 100 100 71 5 4 0 0 28 0 64 20 44
-9999 -9999 -9999 -9999 -9999 -9999 -9999 -9999 -9999 -9999 -9999 -9999 -9999 -9999 -9999 -9999 -9999 -9999 -9999 -9999 -9999 -9999 -9999 -9999 -9999 -9999 -9999 -9999 -9999 -9999 -9999 -9999 -9999 0 0 0 21 99 61 48 34 12 53 1 0 0 35 91 68 95 82 95 64 100 100 100 100 100 100 100 98 48 65 22 56 0 6 4 59 33 91 100 98 95 9 10 35 46 34 2 85 48 53
-9999 -9999 -9999 -9999 -9999 -9999 -9999 -9999 -9999 -9999 -9999 -9999 -9999 -9999 -9999 -9999 -9999 -9999 -9999 -9999 -9999 -9999 -9999 -9999 -9999 -9999 -9999 -9999 -9999 -9999 -9999 -9999 -9999 -9999 0 0 54 100 28 66 10 8 3 0 2 0 0 26 91 64 77 45 85 69 100 100 100 100 98 87 51 31 34 45 65 2 41 59 24 10 96 100 100 98 94 46 49 46 54 8 38 46 75
-9999 -9999 -9999 -9999 -9999 -9999 -9999 -9999 -9999 -9999 -9999 -9999 -9999 -9999 -9999 -9999 -9999 -9999 -9999 -9999 -9999 -9999 -9999 -9999 -9999 -9999 -9999 -9999 -9999 -9999 -9999 -9999 -9999 -9999 0 0 74 100 65 91 31 20 17 0 0 0 0 0 75 100 99 74 100 86 99 91 100 100 45 9 1 13 15 24 93 69 1 47 35 36 65 98 96 94 58 17 14 63 42 19 17 14 45
-9999 -9999 -9999 -9999 -9999 -9999 -9999 -9999 -9999 -9999 -9999 -9999 -9999 -9999 -9999 -9999 -9999 -9999 -9999 -9999 -9999 -9999 -9999 -9999 -9999 -9999 -9999 -9999 -9999 -9999 -9999 -9999 -9999 -9999 -9999 0 87 100 82 47 79 99 24 1 0 3 19 0 3 52 99 86 75 84 88 37 29 26 17 11 24 11 0 26 100 96 35 11 80 75 100 97 97 80 9 0 7 22 60 44 24 0 0
-9999 -9999 -9999 -9999 -9999 -9999 -9999 -9999 -9999 -9999 -9999 -9999 -9999 -9999 -9999 -9999 -9999 -9999 -9999 -9999 -9999 -9999 -9999 -9999 -9999 -9999 -9999 -9999 -9999 -9999 -9999 -9999 -9999 -9999 -9999 0 67 100 61 86 72 91 33 0 5 0 15 0 0 0 34 90 29 66 25 3 15 20 23 59 44 3 8 11 99 100 87 40 95 49 49 25 93 85 12 0 30 43 7 3 2 35 18
-9999 -9999 -9999 -9999 -9999 -9999 -9999 -9999 -9999 -9999 -9999 -9999 -9999 -9999 -9999 -9999 -9999 -9999 -9999 -9999 -9999 -9999 -9999 -9999 -9999 -9999 -9999 -9999 -9999 -9999 -9999 -9999 -9999 -9999 -9999 -9999 55 97 32 54 77 98 49 0 0 0 12 0 0 0 14 46 67 56 100 80 35 1 15 14 88 67 81 20 99 100 100 37 64 44 10 0 33 97 72 16 5 59 54 52 18 23 0
-9999 -9999 -9999 -9999 -9999 -9999 -9999 -9999 -9999 -9999 -9999 -9999 -9999 -9999 -9999 -9999 -9999 -9999 -9999 -9999 -9999 -9999 -9999 -9999 -9999 -9999 -9999 -9999 -9999 -9999 -9999 -9999 -9999 -9999 -9999 0 6 89 42 66 100 100 89 2 0 0 2 0 0 8 1 20 14 46 97 100 100 83 44 12 30 96 17 24 100 100 100 40 25 0 14 72 62 89 51 15 33 100 100 81 43 5 0
-9999 -9999 -9999 -9999 -9999 -9999 -9999 -9999 -9999 -9999 -9999 -9999 -9999 -9999 -9999 -9999 -9999 -9999 -9999 -9999 -9999 -9999 -9999 -9999 -9999 -9999 -9999 -9999 -9999 -9999 -9999 -9999 -9999 -9999 -9999 0 0 39 98 100 89 100 93 7 0 0 0 0 0 0 0 0 43 0 43 90 43 51 79 49 26 57 60 4 80 100 100 68 39 12 16 62 73 73 7 0 7 76 84 15 1 0 0
-9999 -9999 -9999 -9999 -9999 -9999 -9999 -9999 -9999 -9999 -9999 -9999 -9999 -9999 -9999 -9999 -9999 -9999 -9999 -9999 -9999 -9999 -9999 -9999 -9999 -9999 -9999 -9999 -9999 -9999 -9999 -9999 -9999 -9999 -9999 -9999 0 0 76 100 97 94 52 2 0 0 0 0 0 1 48 2 58 19 44 13 79 26 33 78 69 26 77 42 10 73 98 46 56 25 25 89 48 4 27 30 38 24 82 49 0 0 0
-9999 -9999 -9999 -9999 -9999 -9999 -9999 -9999 -9999 -9999 -9999 -9999 -9999 -9999 -9999 -9999 -9999 -9999 -9999 -9999 -9999 -9999 -9999 -9999 -9999 -9999 -9999 -9999 -9999 -9999 -9999 -9999 -9999 -9999 -9999 -9999 0 0 68 91 98 100 62 10 0 0 0 2 5 6 57 14 52 51 27 40 2 36 47 74 99 86 44 99 50 4 21 83 66 43 10 33 3 0 1 22 30 4 0 37 3 0 0
-9999 -9999 -9999 -9999 -9999 -9999 -9999 -9999 -9999 -9999 -9999 -9999 -9999 -9999 -9999 -9999 -9999 -9999 -9999 -9999 -9999 -9999 -9999 -9999 -9999 -9999 -9999 -9999 -9999 -9999 -9999 -9999 -9999 -9999 -9999 -9999 0 0 67 75 71 88 66 0 0 11 3 19 21 29 40 55 82 81 41 57 26 10 24 37 58 95 98 100 93 57 33 97 100 39 4 33 3 22 39 6 0 0 0 0 41 37 0
-9999 -9999 -9999 -9999 -9999 -9999 -9999 -9999 -9999 -9999 -9999 -9999 -9999 -9999 -9999 -9999 -9999 -9999 -9999 -9999 -9999 -9999 -9999 -9999 -9999 -9999 -9999 -9999 -9999 -9999 -9999 -9999 -9999 -9999 -9999 -9999 -9999 0 49 84 100 100 61 8 5 4 10 36 9 42 24 95 100 100 90 76 39 36 10 25 52 80 71 96 95 96 95 100 100 56 22 38 31 57 71 86 45 34 6 0 0 34 51
-9999 -9999 -9999 -9999 -9999 -9999 -9999 -9999 -9999 -9999 -9999 -9999 -9999 -9999 -9999 -9999 -9999 -9999 -9999 -9999 -9999 -9999 -9999 -9999 -9999 -9999 -9999 -9999 -9999 -9999 -9999 -9999 -9999 -9999 -9999 -9999 -9999 -9999 20 78 83 100 97 32 4 24 24 48 32 58 17 63 100 100 100 100 84 4 21 35 33 65 76 98 100 100 89 83 100 96 33 63 61 44 17 12 90 100 34 0 0 0 8
-9999 -9999 -9999 -9999 -9999 -9999 -9999 -9999 -9999 -9999 -9999 -9999 -9999 -9999 -9999 -9999 -9999 -9999 -9999 -9999 -9999 -9999 -9999 -9999 -9999 -9999 -9999 -9999 -9999 -9999 -9999 -9999 -9999 -9999 -9999 -9999 -9999 -9999 0 14 72 100 98 76 0 2 15 6 15 57 83 81 100 100 98 92 18 8 20 49 62 51 53 91 100 100 45 50 64 100 78 81 48 30 39 1 8 52 93 56 5 0 0
-9999 -9999 -9999 -9999 -9999 -9999 -9999 -9999 -9999 -9999 -9999 -9999 -9999 -9999 -9999 -9999 -9999 -9999 -9999 -9999 -9999 -9999 -9999 -9999 -9999 -9999 -9999 -9999 -9999 -9999 -9999 -9999 -9999 -9999 -9999 -9999 -9999 -9999 0 57 100 100 100 92 16 0 0 29 36 75 85 86 100 100 92 57 4 11 15 9 46 39 58 73 75 100 52 63 55 97 81 88 40 48 57 42 0 14 31 50 29 0 0
-9999 -9999 -9999 -9999 -9999 -9999 -9999 -9999 -9999 -9999 -9999 -9999 -9999 -9999 -9999 -9999 -9999 -9999 -9999 -9999 -9999 -9999 -9999 -9999 -9999 -9999 -9999 -9999 -9999 -9999 -9999 -9999 -9999 -9999 -9999 -9999 -9999 -9999 31 77 82 100 100 100 65 4 44 44 52 81 99 100 95 98 67 34 19 24 25 32 24 91 80 62 63 43 78 89 51 84 86 27 69 100 82 73 13 7 0 0 0 0 0
-9999 -9999 -9999 -9999 -9999 -9999 -9999 -9999 -9999 -9999 -9999 -9999 -9999 -9999 -9999 -9999 -9999 -9999 -9999 -9999 -9999 -9999 -9999 -9999 -9999 -9999 -9999 -9999 -9999 -9999 -9999 -9999 -9999 20 11 -9999 -9999 0 69 93 100 100 100 100 100 83 84 100 94 100 100 100 94 59 23 56 29 14 13 19 33 67 93 43 43 64 100 83 70 93 70 10 10 37 52 92 100 100 55 4 4 0 0
-9999 -9999 -9999 -9999 -9999 -9999 -9999 -9999 -9999 -9999 -9999 -9999 -9999 -9999 -9999 -9999 -9999 -9999 -9999 -9999 -9999 -9999 -9999 -9999 -9999 -9999 -9999 -9999 -9999 -9999 -9999 -9999 28 0 3 51 0 0 65 100 100 100 100 100 100 99 91 99 39 77 100 95 78 83 83 58 58 48 48 3 38 35 48 89 82 31 89 92 29 18 20 0 13 33 43 68 100 98 19 33 41 9 0
-9999 -9999 -9999 -9999 -9999 -9999 -9999 -9999 -9999 -9999 -9999 -9999 -9999 -9999 -9999 -9999 -9999 -9999 -9999 -9999 -9999 -9999 -9999 -9999 -9999 -9999 -9999 -9999 -9999 -9999 -9999 100 93 53 22 60 61 11 47 100 100 100 100 100 96 80 15 40 0 72 100 100 83 100 84 55 65 80 51 26 67 53 48 57 95 71 69 81 1 0 0 5 44 55 78 85 100 97 28 30 27 12 46
-9999 -9999 -9999 -9999 -9999 -9999 -9999 -9999 -9999 -9999 -9999 -9999 -9999 -9999 -9999 -9999 -9999 -9999 -9999 -9999 -9999 -9999 -9999 -9999 -9999 -9999 -9999 -9999 -9999 -9999 -9999 100 100 74 77 35 57 25 62 99 100 100 100 88 54 0 0 0 0 81 100 100 87 59 62 4 28 61 79 89 79 33 73 61 64 60 59 62 33 0 0 19 25 13 7 68 91 18 38 25 46 73 68
-9999 -9999 -9999 -9999 -9999 -9999 -9999 -9999 -9999 -9999 -9999 -9999 -9999 -9999 -9999 -9999 -9999 -9999 -9999 -9999 -9999 -9999 -9999 -9999 -9999 -9999 -9999 -9999 -9999 -9999 -9999 100 84 18 5 58 70 75 85 98 100 100 100 86 29 0 0 0 0 69 65 96 93 32 77 25 54 69 63 47 46 29 40 6 50 69 83 35 5 6 0 0 0 0 52 68 22 21 47 21 31 86 61
-9999 -9999 -9999 -9999 -9999 -9999 -9999 -9999 -9999 -9999 -9999 -9999 -9999 -9999 -9999 -9999 -9999 -9999 -9999 -9999 -9999 -9999 -9999 -9999 -9999 -9999 -9999 -9999 -9999 -9999 100 94 22 6 20 96 91 100 100 100 100 100 91 17 0 0 0 0 0 7 0 51 100 62 67 79 60 30 15 26 32 82 38 7 1 46 89 73 91 16 0 0 0 1 15 0 39 83 83 91 67 7 6
-9999 -9999 -9999 -9999 -9999 -9999 -9999 -9999 -9999 -9999 -9999 -9999 -9999 -9999 -9999 -9999 -9999 -9999 -9999 -9999 -9999 -9999 -9999 -9999 -9999 -9999 -9999 -9999 -9999 100 87 28 55 59 71 79 91 100 100 100 100 100 84 1 0 0 0 0 0 0 0 14 98 86 50 82 16 18 21 80 73 96 84 39 12 42 49 34 37 48 1 0 2 0 0 13 73 100 100 100 81 6 34
-9999 -9999 -9999 -9999 -9999 -9999 -9999 -9999 -9999 -9999 -9999 -9999 -9999 -9999 -9999 -9999 -9999 -9999 -9999 -9999 -9999 -9999 -9999 -9999 -9999 -9999 -9999 -9999 -9999 100 90 93 89 60 66 31 72 91 100 100 100 100 53 6 0 0 0 0 0 0 0 0 63 100 35 31 16 27 54 95 58 100 89 73 65 100 93 37 20 1 0 7 2 9 28 33 70 98 7 0 0 43 34
-9999 -9999 -9999 -9999 -9999 -9999 -9999 -9999 -9999 -9999 -9999 -9999 -9999 -9999 -9999 -9999 -9999 -9999 -9999 -9999 -9999 -9999 -9999 -9999 -9999 -9999 -9999 -9999 67 21 14 59 3 46 26 12 86 100 100 100 100 100 41 0 0 0 0 0 0 0 0 0 23 99 63 14 47 37 69 100 22 45 33 11 53 100 100 44 45 12 0 0 0 27 49 45 20 3 0 4 6 0 63
-9999 -9999 -9999 -9999 -9999 -9999 -9999 -9999 -9999 -9999 -9999 -9999 -9999 -9999 -9999 -9999 -9999 -9999 -9999 -9999 -9999 -9999 -9999 -9999 -9999 -9999 -9999 -9999 100 30 11 71 4 65 100 87 75 64 30 100 94 27 23 0 0 0 0 0 0 0 0 0 0 38 52 19 62 29 58 100 21 35 30 30 97 100 100 62 18 0 0 14 25 31 34 42 30 0 9 21 7 43 62
