Appendix_Data/App2_Dispersal/NE_Environmental_grids/maxtemp_warmest.asc
NCOLS 82
NROWS 79
XLLCORNER -73.79167
YLLCORNER 40.875
CELLSIZE 0.08333333
NODATA_VALUE -9999
[rows 33 to 65 of 79, columns 0 to 74 of 82]
-9999 -9999 -9999 -9999 268.38 269.05 269.03 266.15 261.4 257.93 256.59 254.38 244.27 244.08 248.63 241.55 252.28 243.48 248.39 241.55 240.71 238.5 241.52 225.84 241.61 253.9 237.11 234.64 220.93 237.86 244.22 248.01 245.8 242.14 232.8 236.95 242.39 245.04 237.35 254.06 243.57 242.78 256.92 257.75 258.57 264.11 265.94 267.68 267.59 270.8 269.19 268.19 267.77 265.92 262.31 260.02 259.52 261.01 261.23 260.29 258.4 256.57 255.28 256.56 257.44 256.02 253.66 253.55 253.11 251.49 249.26 247.67 245.29 243.74 241.3
-9999 -9999 -9999 -9999 269.91 270.87 270.73 267.23 260.42 260.24 257.82 248.47 251.29 258.29 249.85 250.34 251.73 241.41 243.38 244.42 247.18 251.16 241.59 231.33 242.44 250.21 257.77 250.94 246.18 252.34 253.44 243.53 233.16 236.07 230.15 245.88 258.63 250.01 251.42 260.37 249.05 252.84 258.42 262.65 262.97 261.01 266.17 269.67 271.2 273.13 272.11 270.39 268.38 265.35 259.23 259.51 260.94 261.71 261.33 259.95 259.47 254.83 256.18 256.47 256.72 256.12 254.64 252.06 251.7 250.84 248.9 247.07 244.04 241.66 239.95
-9999 -9999 -9999 -9999 272.1 273.11 272.82 268.43 264.25 256.65 248.87 227.6 241.26 257.07 252.39 253.66 251.98 248.9 235.8 242.88 255.5 254.22 238.38 250.28 241.35 253.6 260.22 228.57 226.39 252.06 253.88 251.11 238.52 221.29 243.23 241.56 254.48 253.14 260.12 261.38 256.83 258.17 261.22 262.76 262.32 260.6 269.27 270.68 273.16 274.76 272.17 269.92 265.57 263.15 260.09 260.15 261.36 260.39 260.59 261.19 259.57 257.06 256.2 256.3 256.1 257.13 255.34 252.83 251.44 250.23 248.48 246.23 242.99 240.52 238.23
-9999 -9999 -9999 -9999 -9999 275.18 273.72 270.55 267.2 258.03 240.59 238.97 255.06 241.1 244.79 246.49 249.59 246.27 236.96 249.83 261.03 256.34 254.56 251.55 255.7 260.93 259.9 236.14 221.04 238.08 248.81 241.98 233.16 232.71 246.08 260.23 258.01 255.87 251.63 256.77 259.74 264.07 262.51 263.77 264.33 265.65 268.81 270.25 273.61 272.91 270.62 266.82 262.2 260.4 260.7 263.26 263.37 262.01 262.04 261.25 259.76 257.13 256.82 257.66 257 256.89 256.27 253.22 251.84 249.64 247.49 245.25 242.5 238.14 237
-9999 -9999 -9999 -9999 275.85 276.66 273.59 268.07 260.08 258.89 248.51 251.34 254.29 240.03 251.96 254.13 251.63 246.19 242.61 253.01 262.85 258.4 255.83 257.51 253.61 258.85 257.06 251.53 238.14 229.72 253.19 238.8 253.58 251.85 259.06 262.97 258.02 256.87 254.79 261.72 263.26 262.04 264.53 266.14 265.44 266.55 267.18 269.39 271.36 270.16 268.67 265.82 262.62 263 263.76 262.09 260.67 261.87 262.41 261.12 259.85 257.93 258 257.82 257.2 255.19 252.85 253.43 251.05 249.6 247.67 -9999 -9999 -9999 -9999
-9999 -9999 -9999 -9999 -9999 277.85 273.16 270.5 258.41 251 231.08 249.15 256.03 256.07 256.56 258.52 251.64 246.7 247.13 256.49 263.2 254.43 260.69 260.59 255.18 253.55 246.35 231.43 219 181.92 216.52 221.31 243.45 245.56 256.6 260.7 255.52 261.62 263.14 257.48 263.85 264.89 266.21 265.99 265.62 267.02 267 267.89 267.82 267.41 267.31 265.05 263.5 263.15 260.57 260.29 260.23 261.6 262.57 260.47 258.98 257.37 257.57 257.53 255.71 255.04 253.74 -9999 -9999 -9999 -9999 -9999 -9999 -9999 -9999
-9999 -9999 -9999 -9999 276.92 278.78 274.7 268.08 256.3 238.52 245.77 254.37 247.43 256.33 258.52 252.77 238.26 239.74 253.96 257.25 262.28 262.42 259.78 254.15 249.56 226.65 206.76 218 216.57 208.14 233.64 226.23 251.73 267.82 267.79 261.36 263.19 264.64 265.94 260.66 262.99 264.84 265.34 264.88 264.86 265.56 265.76 265.9 265.71 266.13 265.43 265.44 264.1 262.8 260.35 259.08 259.49 262.75 260 260.5 258.4 258.29 257.79 256.5 255.62 255.79 254.67 -9999 -9999 -9999 -9999 -9999 -9999 -9999 -9999
-9999 -9999 -9999 270.34 280.23 279.14 275.29 272.28 254.28 237.84 246.25 242.4 251.79 248.64 253.48 247.65 241.14 247.12 250.97 258.66 267.72 261.74 250.06 243.86 223.87 211.28 223.68 218.93 232.35 240.08 258.75 250.15 254.5 272.19 269.29 264.82 266.41 264.88 264.4 265.57 265.09 265.56 266.88 265.16 262.64 262.34 263.84 264.29 264.12 263.9 263.95 264.12 262.8 263.04 261.68 260.65 262.15 260.6 259.61 259.27 257.71 257.08 255.67 255.21 254.21 254 253 -9999 -9999 -9999 -9999 -9999 -9999 -9999 -9999
-9999 -9999 -9999 276.56 281.21 277.05 277.34 273.83 247.68 237.75 237.74 240.47 246.75 249.17 249.36 247.61 241.8 252.82 259.07 262.13 266.03 255.1 228.44 224.6 251.79 238.46 224.73 222.95 242.49 247.99 247.16 268.6 263.95 271.45 268.97 263.46 266.61 266.29 264.35 264.5 264.23 265.86 265.53 264.96 262.92 261.73 262.95 263.2 261.64 263.48 263.09 262.41 262.97 261.71 261.52 261.18 260.75 -9999 258.62 257.94 257.71 254.66 -9999 -9999 -9999 -9999 -9999 -9999 -9999 -9999 -9999 -9999 -9999 -9999 -9999
-9999 -9999 -9999 -9999 281.74 280.52 277.22 274.99 252.75 237.43 247.09 243.81 255.89 256.22 254.96 254.03 242.55 251.74 255.92 266.73 256.28 249.34 250.85 232.93 253.35 249.96 229.83 220.95 233.43 240.38 260.46 268.93 268.97 268.69 269.64 265.83 263.77 265.67 264.89 262.92 262.32 264.23 264.39 263.29 261.76 261.74 262.2 261.62 261.69 261.44 261.17 261.18 261.79 261.29 260.83 261 -9999 -9999 -9999 -9999 -9999 -9999 -9999 -9999 -9999 -9999 -9999 -9999 -9999 -9999 -9999 -9999 -9999 -9999 -9999
-9999 -9999 -9999 -9999 283.78 280.59 279.31 277.26 260.16 237.01 245.78 250.77 251.45 261.93 260.96 254.06 251.02 256.47 262.66 264.33 247.47 252.85 250.05 244.89 256.13 258.72 241.84 243.32 259.97 264 269.17 265.47 260.33 263.34 264.77 265.09 262.16 265.88 266.11 263.9 263.14 262.98 263.68 262.28 261.44 260.98 260.27 260.62 260.72 260.35 260.75 260.08 -9999 261 260.83 259 260.75 -9999 256 257.94 257.71 -9999 -9999 -9999 -9999 -9999 -9999 -9999 -9999 -9999 -9999 -9999 -9999 -9999 -9999
-9999 -9999 -9999 -9999 284.39 279.34 278.29 277.88 268.47 238.34 241.27 255.93 256.61 260.29 261.26 261.83 253.26 262.33 267.73 259.31 245.51 251.66 257.74 260.48 265.24 260.36 257.93 263.82 263.68 248.26 264.59 272.59 267 269.65 269.06 266.86 267 265.83 265.11 264.59 262.91 262.71 263.32 263.33 261.96 260.42 259.16 259.44 260 259.91 261 -9999 -9999 261 -9999 -9999 -9999 -9999 256 -9999 -9999 -9999 -9999 -9999 -9999 -9999 -9999 -9999 -9999 -9999 -9999 -9999 -9999 -9999 -9999
-9999 -9999 -9999 -9999 283.82 283.33 277.88 266.35 278.65 261.08 241.86 248.27 246.65 250.71 255.57 260.56 262.69 269.15 260.59 258.23 257.34 249.59 251.34 259.64 259.51 265.62 268.01 267.49 270.01 258.93 262.45 267.94 269.25 267.51 267.6 267.76 267.39 266.96 265.47 266.37 265.2 263.91 263.67 263.04 262 261.8 259.45 259.93 -9999 -9999 -9999 -9999 -9999 -9999 -9999 -9999 -9999 -9999 -9999 -9999 -9999 -9999 -9999 -9999 -9999 -9999 -9999 -9999 -9999 -9999 -9999 -9999 -9999 -9999 -9999
-9999 -9999 -9999 273.83 288.04 285.1 282.72 272.59 277.21 274.39 243.07 237.07 249.58 254.67 264.95 263.64 270.24 269.98 261.85 263.26 260 254.04 247.95 265.15 264.44 266.16 268.53 270.57 272.37 271.84 266.68 266.65 266.99 269.24 270.38 270.93 269.8 269.8 269.59 269.18 267.79 265.58 264.61 263.04 -9999 -9999 -9999 -9999 -9999 -9999 -9999 -9999 -9999 -9999 -9999 -9999 -9999 -9999 -9999 -9999 -9999 -9999 -9999 -9999 -9999 -9999 -9999 -9999 -9999 -9999 -9999 -9999 -9999 -9999 -9999
-9999 -9999 -9999 277.16 290.93 282.72 282.11 261.01 270.55 276.87 253.43 240.67 252.03 251.02 256.35 263.34 272.77 265.78 253.21 258.04 256.47 258.42 262.53 262.77 269.01 265.03 267.89 269.88 260.9 267.43 269.96 263.88 268.38 269.09 270.75 269.63 273.52 272.65 274.26 273.68 271.74 267.95 265.95 -9999 -9999 -9999 -9999 -9999 -9999 -9999 -9999 -9999 -9999 -9999 -9999 -9999 -9999 -9999 -9999 -9999 -9999 -9999 -9999 -9999 -9999 -9999 -9999 -9999 -9999 -9999 -9999 -9999 -9999 -9999 -9999
-9999 -9999 -9999 -9999 -9999 284.25 279.54 266.32 263.78 267.63 258.9 252.71 256.04 254.42 263.08 262.49 272.89 259.42 257.98 262.02 256.62 259.81 265.12 265.46 269.67 272.91 271.55 268.22 262.88 265.55 269.47 267.77 269.93 272.48 273.04 275 276.47 275.7 276.39 275.61 274.42 267.95 -9999 -9999 -9999 -9999 -9999 -9999 -9999 -9999 -9999 -9999 -9999 -9999 -9999 -9999 -9999 -9999 -9999 -9999 -9999 -9999 -9999 -9999 -9999 -9999 -9999 -9999 -9999 -9999 -9999 -9999 -9999 -9999 -9999
-9999 -9999 -9999 -9999 -9999 280.41 278.12 264.57 262.77 256.23 241.05 243.99 254.3 263.71 268.5 267.81 275.12 264.55 266.59 264.66 262.38 264.39 259.05 268.43 270.41 274.67 266.99 270.18 265.65 269.95 266.95 267.97 274.27 275.68 276.99 274.89 276.75 276.12 276.78 275.92 275 -9999 -9999 -9999 -9999 -9999 -9999 -9999 -9999 -9999 -9999 -9999 -9999 -9999 -9999 -9999 -9999 -9999 -9999 -9999 -9999 -9999 -9999 -9999 -9999 -9999 -9999 -9999 -9999 -9999 -9999 -9999 -9999 -9999 -9999
-9999 -9999 -9999 -9999 -9999 277.35 268.8 262.41 249.16 243.39 251.69 253.97 254.88 265.9 269.3 271.88 271.76 260.45 258.92 257.6 255.98 269.28 269.14 272.76 274.11 276.51 275.94 274.88 273 269.02 269.13 271.03 275.58 277.83 277.08 276.49 275.61 275.19 277.06 -9999 -9999 -9999 -9999 -9999 -9999 -9999 -9999 -9999 -9999 -9999 -9999 -9999 -9999 -9999 -9999 -9999 -9999 -9999 -9999 -9999 -9999 -9999 -9999 -9999 -9999 -9999 -9999 -9999 -9999 -9999 -9999 -9999 -9999 -9999 -9999
-9999 -9999 -9999 -9999 -9999 278.39 259.68 249.79 269.78 246.32 258.94 260.21 249.87 261.94 269.08 273.61 266.19 259.71 259.52 252.48 259.03 264.33 268.91 273.71 276.08 275.3 278.34 274.6 274.3 269.47 270.52 273.8 277 278.42 277.16 275.26 272.78 273.4 275 -9999 -9999 -9999 -9999 -9999 -9999 -9999 -9999 -9999 -9999 -9999 -9999 -9999 -9999 -9999 -9999 -9999 -9999 -9999 -9999 -9999 -9999 -9999 -9999 -9999 -9999 -9999 -9999 -9999 -9999 -9999 -9999 -9999 -9999 -9999 -9999
-9999 -9999 -9999 -9999 -9999 276.93 266.61 261.24 249.03 238.7 252.55 262.85 255.78 260.03 267.82 274 268.9 259.36 259.13 254.04 261.08 268.29 270.95 269.33 274.12 274.5 273.44 277.48 273.37 272.9 274.44 276.89 278.48 278.64 276.36 273.71 273.36 273.22 -9999 -9999 -9999 -9999 -9999 -9999 -9999 -9999 -9999 -9999 -9999 -9999 -9999 -9999 -9999 -9999 -9999 -9999 -9999 -9999 -9999 -9999 -9999 -9999 -9999 -9999 -9999 -9999 -9999 -9999 -9999 -9999 -9999 -9999 -9999 -9999 -9999
-9999 -9999 -9999 -9999 -9999 268.39 259.41 262.6 234.16 238.39 249.19 258.01 265.02 267.54 266.81 275.78 263.81 264.68 258.6 255.89 259.28 268.21 267.26 268.05 272.83 274.71 274.75 276.68 275.09 274.91 277.66 278.81 278.9 277.74 274.95 272.37 272.92 273.22 -9999 -9999 -9999 -9999 -9999 -9999 -9999 -9999 -9999 -9999 -9999 -9999 -9999 -9999 -9999 -9999 -9999 -9999 -9999 -9999 -9999 -9999 -9999 -9999 -9999 -9999 -9999 -9999 -9999 -9999 -9999 -9999 -9999 -9999 -9999 -9999 -9999
-9999 -9999 -9999 -9999 -9999 277.1 271.38 241.59 234.93 240.48 242 250.04 263.53 269.84 274.56 273.8 267.68 271.49 262.36 256.81 259.76 269.39 266.53 267.79 271.54 271.13 275.49 278.44 277.07 275.06 278.3 279.43 279.39 277.79 275.27 273.39 -9999 -9999 -9999 -9999 -9999 -9999 -9999 -9999 -9999 -9999 -9999 -9999 -9999 -9999 -9999 -9999 -9999 -9999 -9999 -9999 -9999 -9999 -9999 -9999 -9999 -9999 -9999 -9999 -9999 -9999 -9999 -9999 -9999 -9999 -9999 -9999 -9999 -9999 -9999
-9999 -9999 -9999 -9999 -9999 274.48 271.57 250.01 239.2 240.76 250.7 248.8 256.31 271.46 277.11 269.25 269.46 274.53 266.03 254.14 260.32 266.41 259.43 267.84 272.26 276.17 278.19 279.16 277.25 277.13 279.18 279.9 279.83 278.16 276.73 276.13 -9999 -9999 -9999 -9999 -9999 -9999 -9999 -9999 -9999 -9999 -9999 -9999 -9999 -9999 -9999 -9999 -9999 -9999 -9999 -9999 -9999 -9999 -9999 -9999 -9999 -9999 -9999 -9999 -9999 -9999 -9999 -9999 -9999 -9999 -9999 -9999 -9999 -9999 -9999
-9999 -9999 -9999 -9999 -9999 268.89 266.14 241.88 244.67 247.18 250.93 256.07 257.84 268.97 278.66 274.21 273.61 269.15 261.65 261.83 263.45 260.94 259.05 267.49 272.94 275.56 278.59 280.51 279.79 280.87 282.13 282.39 281.58 279.66 278.05 276.7 -9999 -9999 -9999 -9999 -9999 -9999 -9999 -9999 -9999 -9999 -9999 -9999 -9999 -9999 -9999 -9999 -9999 -9999 -9999 -9999 -9999 -9999 -9999 -9999 -9999 -9999 -9999 -9999 -9999 -9999 -9999 -9999 -9999 -9999 -9999 -9999 -9999 -9999 -9999
-9999 -9999 -9999 -9999 -9999 257.34 271.61 261.81 247.48 254.66 253.07 256.82 267.8 269.12 273.51 279.59 269.81 266.51 267.23 266.2 263.52 260.3 259.83 268.16 274.23 276.64 279.45 281.59 283.01 283.51 283.37 282.27 280.41 279.17 277.6 276.31 275 271.4 -9999 -9999 -9999 -9999 -9999 -9999 -9999 -9999 -9999 -9999 -9999 -9999 -9999 -9999 -9999 -9999 -9999 -9999 -9999 -9999 -9999 -9999 -9999 -9999 -9999 -9999 -9999 -9999 -9999 -9999 -9999 -9999 -9999 -9999 -9999 -9999 -9999
-9999 -9999 -9999 -9999 -9999 251.92 251.05 261.34 246.08 259.07 264.93 266.24 269.61 278.09 280.37 274.97 270.23 272.17 271.44 267.2 263.9 261.2 261.91 268.69 274.1 276.99 278.16 280.97 284.59 284.47 282.36 280.69 279.64 278.72 277.21 275.27 273.23 271.26 -9999 -9999 -9999 -9999 -9999 -9999 -9999 -9999 -9999 -9999 -9999 -9999 -9999 -9999 -9999 -9999 -9999 -9999 -9999 -9999 -9999 -9999 -9999 -9999 -9999 -9999 -9999 -9999 -9999 -9999 -9999 -9999 -9999 -9999 -9999 -9999 -9999
-9999 -9999 -9999 -9999 266.43 254.92 260.53 253.48 246.2 253.19 253.88 262.83 273.51 279.46 280.13 268.52 266.29 274.88 267.59 263.38 262.23 260.69 264.33 270.04 274.52 276.37 276.8 278.6 280.85 281.29 281.3 280.81 279.23 278.22 277.3 275.15 273.71 271.26 -9999 -9999 -9999 -9999 -9999 -9999 -9999 -9999 -9999 -9999 -9999 -9999 -9999 -9999 -9999 -9999 -9999 -9999 -9999 -9999 -9999 -9999 -9999 -9999 -9999 -9999 -9999 -9999 -9999 -9999 -9999 -9999 -9999 -9999 -9999 -9999 -9999
-9999 -9999 -9999 -9999 262.78 265 266.95 257.19 247.73 255.27 262.67 259.55 267.67 280.49 277.46 268.13 267.73 274.06 269.07 263.34 264.28 262.13 262.32 269.75 274.32 274.31 275.24 277.33 279.95 279.96 279.5 280.24 279.82 278.73 277.57 277.57 -9999 -9999 -9999 -9999 -9999 -9999 -9999 -9999 -9999 -9999 -9999 -9999 -9999 -9999 -9999 -9999 -9999 -9999 -9999 -9999 -9999 -9999 -9999 -9999 -9999 -9999 -9999 -9999 -9999 -9999 -9999 -9999 -9999 -9999 -9999 -9999 -9999 -9999 -9999
-9999 -9999 -9999 264.45 264.51 263.24 255.31 252.72 252.77 261.96 267.65 263.86 276.84 282.78 280.42 272.66 268.75 273.8 269.06 268.32 265.06 262.21 266.32 271.21 272.71 275.27 276.03 278.2 281.12 280.7 281.42 282.2 281.18 280 277.57 -9999 -9999 -9999 -9999 -9999 -9999 -9999 -9999 -9999 -9999 -9999 -9999 -9999 -9999 -9999 -9999 -9999 -9999 -9999 -9999 -9999 -9999 -9999 -9999 -9999 -9999 -9999 -9999 -9999 -9999 -9999 -9999 -9999 -9999 -9999 -9999 -9999 -9999 -9999 -9999
-9999 -9999 -9999 258.78 267.49 268.85 259.97 252.04 261.28 268.43 273.55 269.83 283.04 284 279.96 278.41 274.38 274.21 272.12 268.77 267.51 263.71 265.16 271.73 273.49 277 277.65 281.3 283.18 282.29 281.83 281.23 281.05 279.41 277.1 276.36 -9999 -9999 -9999 -9999 -9999 -9999 -9999 -9999 -9999 -9999 -9999 -9999 -9999 -9999 -9999 -9999 -9999 -9999 -9999 -9999 -9999 -9999 -9999 -9999 -9999 -9999 -9999 -9999 -9999 -9999 -9999 -9999 -9999 -9999 -9999 -9999 -9999 -9999 -9999
-9999 -9999 -9999 268.6 273.59 259.3 258.05 256.29 256.25 262.65 276.15 276.29 286.28 285.63 284.43 279.95 279.28 275.95 271.23 272.11 271.75 266.63 269.7 273.22 275.79 275.25 277.08 280.94 283.34 281.69 281.64 280.8 278.98 278.04 276.21 275.07 274.83 -9999 -9999 -9999 -9999 -9999 -9999 -9999 -9999 -9999 -9999 -9999 -9999 -9999 -9999 -9999 -9999 -9999 -9999 -9999 -9999 -9999 -9999 -9999 -9999 -9999 -9999 -9999 -9999 -9999 -9999 -9999 -9999 -9999 -9999 -9999 -9999 -9999 -9999
-9999 -9999 273.44 255.43 275.2 267.7 255.78 257.98 259.5 263.57 271.17 288.24 289.67 292.06 289.44 284.83 276.16 275.82 270.79 273.02 272.77 270.19 272.19 270.6 274.68 277.95 278.29 281.07 281.87 281.45 279.89 279.09 278.23 277.85 276.98 275.54 273.94 273.3 -9999 -9999 -9999 -9999 -9999 -9999 -9999 -9999 -9999 -9999 -9999 -9999 -9999 -9999 -9999 -9999 -9999 -9999 -9999 -9999 -9999 -9999 -9999 -9999 -9999 -9999 -9999 -9999 -9999 -9999 -9999 -9999 -9999 -9999 -9999 -9999 -9999
-9999 -9999 272.53 252.61 274.62 272.76 257.64 258.16 265.75 266.34 273.46 287.49 290.47 293.42 290.18 284.55 273.09 270.54 266.43 270.88 273.51 274.16 274.19 270.7 273.96 277.38 279.2 279.52 279.31 279.93 278.98 279.26 279.2 278.17 277.37 275.55 274.17 272.95 -9999 -9999 -9999 -9999 257.71 254.59 250.5 -9999 -9999 -9999 -9999 -9999 -9999 -9999 -9999 -9999 -9999 -9999 -9999 -9999 -9999 -9999 -9999 -9999 -9999 -9999 -9999 -9999 -9999 -9999 -9999 -9999 -9999 -9999 -9999 -9999 -9999
