Appendix_Data/App2_Dispersal/NE_Environmental_grids/precip_seasonality.asc
NCOLS 82
NROWS 79
XLLCORNER -73.79167
YLLCORNER 40.875
CELLSIZE 0.08333333
NODATA_VALUE -9999
[rows 36 to 71 of 79, columns 0 to 79 of 82]
-9999 -9999 -9999 -9999 -9999 22.51 22.93 22.95 22.72 21.62 19.16 18.49 19.54 18 17.9 17.92 18.06 17.98 17.51 18.71 19.05 19.75 20.11 19.93 20.27 19.8 17.84 14.27 12.25 12.91 13.14 12.48 11.63 11.45 11.92 12.21 11.98 11.83 11.49 11.36 11 10.88 10.3 10.01 10 10 10.19 10.94 11 11.15 11.5 11.92 12 12.18 12.74 13.47 14.04 14.2 14.17 14.65 14.73 15.02 15.46 15.98 16.38 16.9 17 17.12 17.11 17.14 17.18 17 17 17 17 -9999 -9999 -9999 -9999 -9999
-9999 -9999 -9999 -9999 21.92 22.03 22.44 22.59 22.01 21.45 19.62 19.2 18.95 17.33 17.86 17.94 17.84 17.61 17.56 18.72 19.02 19.54 19.71 20.04 19.15 18.3 15.96 13.88 12.26 11.38 12.12 11.37 11.75 11.45 11.56 11.6 11.43 11.21 10.98 11.01 11 10.78 10.36 10.14 10.02 10.18 10.35 10.87 11 11.03 11.55 12 12.08 12.91 13.51 14.03 14.63 15.04 15.03 15.26 15.49 15.86 16.06 16.62 17.06 17.48 17.81 17.86 17.87 17.9 17.33 -9999 -9999 -9999 -9999 -9999 -9999 -9999 -9999 -9999
-9999 -9999 -9999 -9999 -9999 21.76 22 22.08 21.2 20.13 17.02 18.4 18.19 17.65 17.31 17.38 17.07 17.07 17.41 18.51 18.99 18.88 19.73 19.61 18.44 16.71 14.12 11.91 10.68 9.01 10.07 10.02 10.62 10.7 10.95 11 10.98 11 11 11 10.98 10.9 10.83 10.82 10.77 10.85 10.88 10.97 11 11.37 11.99 12.05 12.78 13.16 13.9 14.37 14.96 15.33 15.96 15.95 16.02 16.11 16.8 17 17.67 17.97 18 -9999 -9999 -9999 -9999 -9999 -9999 -9999 -9999 -9999 -9999 -9999 -9999 -9999
-9999 -9999 -9999 -9999 20.56 20.96 21.28 21.35 20.17 17.64 17.86 18.05 16.58 16.69 16.52 16.21 15.52 15.88 17.41 18.08 18.77 18.96 18.77 17.86 16.41 12.84 10.63 10.62 10.05 9.57 9.99 9.9 10.41 10.88 10.94 10.88 10.98 11 11 11 11 11 11 11 11 11 11.04 11.25 11.61 11.95 12.09 12.78 13.03 13.79 14.02 14.73 14.87 16 16 16 16.49 16.95 17 17.64 18 18 18 -9999 -9999 -9999 -9999 -9999 -9999 -9999 -9999 -9999 -9999 -9999 -9999 -9999
-9999 -9999 -9999 19.11 19.97 20.4 20.72 20.96 19.07 16.89 16.91 16.11 15.83 15.21 15.08 14.98 14.92 15.65 16.45 17.67 18.71 18.48 16.92 15.44 12.39 10.78 11.01 10.19 10.08 9.95 10.02 10.01 10.15 10.72 10.71 10.72 10.91 11 11 11 11.01 11.14 11.54 11.58 11.57 11.68 11.84 11.97 12.01 12.2 12.8 13.01 13.65 14.03 14.61 15.01 15.46 16 16.04 16.4 17 17 17.67 17.82 18 18 18 -9999 -9999 -9999 -9999 -9999 -9999 -9999 -9999 -9999 -9999 -9999 -9999 -9999
-9999 -9999 -9999 18.76 19.19 19.89 20.02 20.05 17.36 16.07 15.49 15.01 14.66 14.08 14 14.01 14.07 15.18 16.32 17.17 17.77 16.91 13.17 12.48 13.93 11.98 10.46 9.84 9.98 9.97 9.94 10.12 10.29 10.65 10.87 10.83 10.98 11 11.01 11.2 11.64 11.91 12 12.01 12.02 12.08 12.19 12.41 12.7 12.98 13.06 13.58 14 14.34 14.99 15.09 15.75 -9999 16.35 16.68 17 17 -9999 -9999 -9999 -9999 -9999 -9999 -9999 -9999 -9999 -9999 -9999 -9999 -9999 -9999 -9999 -9999 -9999 -9999
-9999 -9999 -9999 -9999 18.83 19.14 19.61 19.74 17.11 15.32 15.29 14.49 14.03 13.37 13.1 13.25 13.37 14.23 15.12 16.43 16.01 15.21 14.79 12.29 12.88 11.94 10.19 9.53 9.63 9.73 10 10.01 10.29 10.84 11 11 11 11.26 11.69 11.96 12 12.14 12.41 12.68 12.9 12.96 13 13 13.08 13.38 13.81 14 14.25 14.94 15 15 -9999 -9999 -9999 -9999 -9999 -9999 -9999 -9999 -9999 -9999 -9999 -9999 -9999 -9999 -9999 -9999 -9999 -9999 -9999 -9999 -9999 -9999 -9999 -9999
-9999 -9999 -9999 -9999 18.03 18.61 18.97 18.95 17.12 14.6 14.58 14.06 13.23 12.72 12.45 12.55 12.94 13.58 14.58 15.18 13.97 14.36 13.5 12.42 12.3 11.48 10.21 9.87 10 9.98 10 10.01 10.2 10.9 11 11.12 11.38 11.9 12.06 12.23 12.48 12.93 12.99 13 13.1 13.19 13.34 13.55 13.87 13.97 14 14 -9999 15 15 16 15.75 -9999 17 16.68 17 -9999 -9999 -9999 -9999 -9999 -9999 -9999 -9999 -9999 -9999 -9999 -9999 -9999 -9999 -9999 -9999 -9999 -9999 -9999
-9999 -9999 -9999 -9999 17.51 17.98 18.13 18.29 17.15 14.16 13.8 13.66 12.8 12.14 12.01 12.03 12.12 13.07 13.91 13.81 12.76 13.21 13.2 12.54 11.99 11.09 10.48 10.01 9.94 9.56 10 10.1 10.61 11 11.14 11.88 12 12.28 12.63 12.96 13 13.08 13.32 13.43 13.93 14 14 14 14 14.13 14 -9999 -9999 15 -9999 -9999 -9999 -9999 17 -9999 -9999 -9999 -9999 -9999 -9999 -9999 -9999 -9999 -9999 -9999 -9999 -9999 -9999 -9999 -9999 -9999 -9999 -9999 -9999 -9999
-9999 -9999 -9999 -9999 17 17.34 17.79 16.94 17.53 15.67 13.27 13.04 12.23 11.82 11.29 11.34 11.93 12.55 12.71 12.86 12.95 12.23 12 11.84 11.24 10.95 10.8 10.12 10 9.8 9.99 10.07 10.88 11.01 11.58 12.02 12.53 13 13.02 13.31 13.58 13.9 14 14 14 14 14 14 -9999 -9999 -9999 -9999 -9999 -9999 -9999 -9999 -9999 -9999 -9999 -9999 -9999 -9999 -9999 -9999 -9999 -9999 -9999 -9999 -9999 -9999 -9999 -9999 -9999 -9999 -9999 -9999 -9999 -9999 -9999 -9999
-9999 -9999 -9999 15.61 16.36 16.92 17.23 16.93 17.07 16.45 12.83 11.89 11.86 11.1 10.83 11.03 11.58 12.14 12.1 12.53 12.45 11.97 11.15 11.67 11.02 10.76 10.66 10.23 10.02 10 10 10.1 10.93 11.19 11.97 12.32 12.99 13.25 13.92 14.03 14.01 14.01 14.02 14 -9999 -9999 -9999 -9999 -9999 -9999 -9999 -9999 -9999 -9999 -9999 -9999 -9999 -9999 -9999 -9999 -9999 -9999 -9999 -9999 -9999 -9999 -9999 -9999 -9999 -9999 -9999 -9999 -9999 -9999 -9999 -9999 -9999 -9999 -9999 -9999
-9999 -9999 -9999 15.17 16 16.35 16.98 15.12 16.1 16.32 12.79 11.42 11.15 10.78 10.27 10.29 11.04 11.23 11.09 11.71 11.67 11.58 11.41 10.92 10.83 10.25 10.32 10.38 9.77 9.9 10 10.06 10.97 11.37 12.01 12.56 13.09 13.96 14.05 14.51 14.63 14.39 14.32 -9999 -9999 -9999 -9999 -9999 -9999 -9999 -9999 -9999 -9999 -9999 -9999 -9999 -9999 -9999 -9999 -9999 -9999 -9999 -9999 -9999 -9999 -9999 -9999 -9999 -9999 -9999 -9999 -9999 -9999 -9999 -9999 -9999 -9999 -9999 -9999 -9999
-9999 -9999 -9999 -9999 -9999 16.07 16.14 15.05 14.4 14.26 12.38 11.32 10.72 10.05 9.85 9.96 10.52 10.66 10.87 11.26 10.97 10.96 10.84 10.47 10.15 10.04 10 9.98 9.81 10 10 10.22 11 11.6 12.16 12.98 13.53 14.01 14.59 15 15 14.39 -9999 -9999 -9999 -9999 -9999 -9999 -9999 -9999 -9999 -9999 -9999 -9999 -9999 -9999 -9999 -9999 -9999 -9999 -9999 -9999 -9999 -9999 -9999 -9999 -9999 -9999 -9999 -9999 -9999 -9999 -9999 -9999 -9999 -9999 -9999 -9999 -9999 -9999
-9999 -9999 -9999 -9999 -9999 15.92 15.52 14.18 13.36 12.32 10.7 10.34 10 9.34 9.13 9.33 10.01 10.16 10.93 10.99 10.92 10.52 9.98 10 10 9.98 9.74 9.9 9.72 9.99 10 10.32 11.02 11.78 12.41 13.03 13.9 14.03 14.83 15 15 -9999 -9999 -9999 -9999 -9999 -9999 -9999 -9999 -9999 -9999 -9999 -9999 -9999 -9999 -9999 -9999 -9999 -9999 -9999 -9999 -9999 -9999 -9999 -9999 -9999 -9999 -9999 -9999 -9999 -9999 -9999 -9999 -9999 -9999 -9999 -9999 -9999 -9999 -9999
-9999 -9999 -9999 -9999 -9999 15.63 14.45 13.28 11.74 10.86 10.36 9.96 9.42 9 9 9.02 9.83 10 10.24 10.33 9.81 9.99 9.85 9.67 9.4 9.42 9.43 9.48 9.76 9.95 10 10.52 11.05 11.93 12.55 13.21 13.99 14.22 15 -9999 -9999 -9999 -9999 -9999 -9999 -9999 -9999 -9999 -9999 -9999 -9999 -9999 -9999 -9999 -9999 -9999 -9999 -9999 -9999 -9999 -9999 -9999 -9999 -9999 -9999 -9999 -9999 -9999 -9999 -9999 -9999 -9999 -9999 -9999 -9999 -9999 -9999 -9999 -9999 -9999
-9999 -9999 -9999 -9999 -9999 15.71 13.21 11.83 12.43 10.23 9.99 9.39 9 8.98 8.99 9 9.34 9.92 9.9 9.47 9.37 9.23 9.09 9 9 9 9 9.08 9.69 9.87 10 10.51 11.06 11.96 12.78 13.59 14 14.51 15 -9999 -9999 -9999 -9999 -9999 -9999 -9999 -9999 -9999 -9999 -9999 -9999 -9999 -9999 -9999 -9999 -9999 -9999 -9999 -9999 -9999 -9999 -9999 -9999 -9999 -9999 -9999 -9999 -9999 -9999 -9999 -9999 -9999 -9999 -9999 -9999 -9999 -9999 -9999 -9999 -9999
-9999 -9999 -9999 -9999 -9999 15.66 13.6 12.24 10.86 9.7 9.28 9.01 8.81 8.44 8.77 9 9.06 9.59 9.88 9.07 9 8.96 8.95 9 8.99 9 9 9.25 9.54 9.93 10 10.71 11.11 12.04 13.1 13.94 14.25 14.86 -9999 -9999 -9999 -9999 -9999 -9999 -9999 -9999 -9999 -9999 -9999 -9999 -9999 -9999 -9999 -9999 -9999 -9999 -9999 -9999 -9999 -9999 -9999 -9999 -9999 -9999 -9999 -9999 -9999 -9999 -9999 -9999 -9999 -9999 -9999 -9999 -9999 -9999 -9999 -9999 -9999 -9999
-9999 -9999 -9999 -9999 -9999 14.49 12.73 12 9.77 9.15 8.97 8.6 8.28 8.14 8.12 8.84 9 9.36 9.2 8.8 8.43 8.13 8.18 8.56 8.84 8.99 9 9.37 9.76 9.98 10 10.65 11.33 12.24 13.36 14.05 14.26 14.86 -9999 -9999 -9999 -9999 -9999 -9999 -9999 -9999 -9999 -9999 -9999 -9999 -9999 -9999 -9999 -9999 -9999 -9999 -9999 -9999 -9999 -9999 -9999 -9999 -9999 -9999 -9999 -9999 -9999 -9999 -9999 -9999 -9999 -9999 -9999 -9999 -9999 -9999 -9999 -9999 -9999 -9999
-9999 -9999 -9999 -9999 -9999 15.4 13.55 10.47 9.26 9 8.59 8.06 8.01 8.05 8.07 8.54 8.96 9.15 8.99 8.17 8 8 8 8.04 8.29 8.82 9 9.46 9.8 9.8 9.99 10.4 11.18 12.09 13.16 13.94 -9999 -9999 -9999 -9999 -9999 -9999 -9999 -9999 -9999 -9999 -9999 -9999 -9999 -9999 -9999 -9999 -9999 -9999 -9999 -9999 -9999 -9999 -9999 -9999 -9999 -9999 -9999 -9999 -9999 -9999 -9999 -9999 -9999 -9999 -9999 -9999 -9999 -9999 -9999 -9999 -9999 -9999 -9999 -9999
-9999 -9999 -9999 -9999 -9999 14.79 13.18 10.56 9.19 8.95 8.16 8 8 8 8 8.08 8.75 9.01 8.63 7.94 7.99 8 7.97 8 8.03 8.34 8.92 9.04 9.04 9.11 9.61 10.11 10.96 11.94 12.88 13.17 -9999 -9999 -9999 -9999 -9999 -9999 -9999 -9999 -9999 -9999 -9999 -9999 -9999 -9999 -9999 -9999 -9999 -9999 -9999 -9999 -9999 -9999 -9999 -9999 -9999 -9999 -9999 -9999 -9999 -9999 -9999 -9999 -9999 -9999 -9999 -9999 -9999 -9999 -9999 -9999 -9999 -9999 -9999 -9999
-9999 -9999 -9999 -9999 -9999 13.85 12.42 9.98 9.25 8.86 8.08 8 8 8 8 8 8.2 8.42 8.02 8 7.79 7.38 7.43 7.95 8 8 8.46 8.98 9 9 9.11 9.77 10.6 11.52 12.4 13 -9999 -9999 -9999 -9999 -9999 -9999 -9999 -9999 -9999 -9999 -9999 -9999 -9999 -9999 -9999 -9999 -9999 -9999 -9999 -9999 -9999 -9999 -9999 -9999 -9999 -9999 -9999 -9999 -9999 -9999 -9999 -9999 -9999 -9999 -9999 -9999 -9999 -9999 -9999 -9999 -9999 -9999 -9999 -9999
-9999 -9999 -9999 -9999 -9999 12.68 12.31 10.61 9.24 8.98 8.1 8 8 8 8 8 8 8 8 7.92 7.14 7 7.02 7.28 7.93 8 8.23 8.91 9 9 8.94 9.16 9.97 11.08 12.29 13 13 13.93 -9999 -9999 -9999 -9999 -9999 -9999 -9999 -9999 -9999 -9999 -9999 -9999 -9999 -9999 -9999 -9999 -9999 -9999 -9999 -9999 -9999 -9999 -9999 -9999 -9999 -9999 -9999 -9999 -9999 -9999 -9999 -9999 -9999 -9999 -9999 -9999 -9999 -9999 -9999 -9999 -9999 -9999
-9999 -9999 -9999 -9999 -9999 11.74 10.85 10.41 9.04 9.02 8.57 8.07 8 8 8 8 8 8 8 7.83 7 7 7 7.01 7.47 7.98 8.11 8.96 9 9 8.52 8.5 9.18 10.49 11.81 12.73 13 13.44 -9999 -9999 -9999 -9999 -9999 -9999 -9999 -9999 -9999 -9999 -9999 -9999 -9999 -9999 -9999 -9999 -9999 -9999 -9999 -9999 -9999 -9999 -9999 -9999 -9999 -9999 -9999 -9999 -9999 -9999 -9999 -9999 -9999 -9999 -9999 -9999 -9999 -9999 -9999 -9999 -9999 -9999
-9999 -9999 -9999 -9999 12.68 11.3 10.8 9.87 9.01 8.99 8.36 8 8 8 7.83 7.99 7.96 7.99 7.78 7.1 7 6.7 6.8 6.98 7.22 7.99 8.26 9 9.01 9.06 8.33 7.89 8.52 9.87 11.17 12.15 13 13.44 -9999 -9999 -9999 -9999 -9999 -9999 -9999 -9999 -9999 -9999 -9999 -9999 -9999 -9999 -9999 -9999 -9999 -9999 -9999 -9999 -9999 -9999 -9999 -9999 -9999 -9999 -9999 -9999 -9999 -9999 -9999 -9999 -9999 -9999 -9999 -9999 -9999 -9999 -9999 -9999 -9999 -9999
-9999 -9999 -9999 -9999 11.63 10.97 10.33 9.77 9.02 8.99 8.29 8 7.92 7.55 7.24 7.62 7.55 7.3 7.14 7.02 7 6.57 6.18 6.95 7.02 7.66 8.24 9 9.33 9.93 8.87 8.03 8.61 9.63 10.67 12.15 -9999 -9999 -9999 -9999 -9999 -9999 -9999 -9999 -9999 -9999 -9999 -9999 -9999 -9999 -9999 -9999 -9999 -9999 -9999 -9999 -9999 -9999 -9999 -9999 -9999 -9999 -9999 -9999 -9999 -9999 -9999 -9999 -9999 -9999 -9999 -9999 -9999 -9999 -9999 -9999 -9999 -9999 -9999 -9999
-9999 -9999 -9999 11.65 11.02 10.29 9.61 9.04 9 8.7 8 7.89 7.33 7.01 7 7.13 7.13 7 7 6.97 6.79 6.19 6 6.34 6.87 7.27 8.07 8.89 9.18 9.86 9.32 9.11 9.33 9.95 10.67 -9999 -9999 -9999 -9999 -9999 -9999 -9999 -9999 -9999 -9999 -9999 -9999 -9999 -9999 -9999 -9999 -9999 -9999 -9999 -9999 -9999 -9999 -9999 -9999 -9999 -9999 -9999 -9999 -9999 -9999 -9999 -9999 -9999 -9999 -9999 -9999 -9999 -9999 -9999 -9999 -9999 -9999 -9999 -9999 -9999
-9999 -9999 -9999 10.85 10.84 10.17 9.42 8.98 8.77 8.17 7.98 7.25 7 7 6.97 6.99 7 7 6.73 6.19 6.05 6 6 6 6.42 7.03 7.81 8.64 9.01 9.37 9.81 9.97 10 10.23 11.03 11.55 -9999 -9999 -9999 -9999 -9999 -9999 -9999 -9999 -9999 -9999 -9999 -9999 -9999 -9999 -9999 -9999 -9999 -9999 -9999 -9999 -9999 -9999 -9999 -9999 -9999 -9999 -9999 -9999 -9999 -9999 -9999 -9999 -9999 -9999 -9999 -9999 -9999 -9999 -9999 -9999 -9999 -9999 -9999 -9999
-9999 -9999 -9999 10.83 10.42 9.45 9.05 8.9 8.07 7.95 7.53 7.02 7 6.99 6.61 6.36 6.6 6.42 6.02 6 6 6 6 6 6.1 6.92 7.5 8.2 9 9.01 9.55 9.95 10 10.55 11.01 11.45 11.9 -9999 -9999 -9999 -9999 -9999 -9999 -9999 -9999 -9999 -9999 -9999 -9999 -9999 -9999 -9999 -9999 -9999 -9999 -9999 -9999 -9999 -9999 -9999 -9999 -9999 -9999 -9999 -9999 -9999 -9999 -9999 -9999 -9999 -9999 -9999 -9999 -9999 -9999 -9999 -9999 -9999 -9999 -9999
-9999 -9999 10.84 9.65 9.99 9.25 8.55 8.09 7.92 7.34 7.02 7 7 7 6.89 6.21 6.03 6 6 6 6 6 6 6 6 6.81 7.52 8.32 9 9 9.12 9.7 10 10.29 10.92 11.01 11.53 11.6 -9999 -9999 -9999 -9999 -9999 -9999 -9999 -9999 -9999 -9999 -9999 -9999 -9999 -9999 -9999 -9999 -9999 -9999 -9999 -9999 -9999 -9999 -9999 -9999 -9999 -9999 -9999 -9999 -9999 -9999 -9999 -9999 -9999 -9999 -9999 -9999 -9999 -9999 -9999 -9999 -9999 -9999
-9999 -9999 10.49 9.21 9.8 9.07 7.91 7.57 7.17 7 7 7 7 7 6.95 6.56 6.03 6 6 6 6 6 6 6 6.39 7 7.87 8.51 9 9 9 9.07 9.25 9.72 10.3 11 11.03 11.18 -9999 -9999 -9999 -9999 13 13 13 -9999 -9999 -9999 -9999 -9999 -9999 -9999 -9999 -9999 -9999 -9999 -9999 -9999 -9999 -9999 -9999 -9999 -9999 -9999 -9999 -9999 -9999 -9999 -9999 -9999 -9999 -9999 -9999 -9999 -9999 -9999 -9999 -9999 -9999 -9999
-9999 -9999 -9999 9.7 9.37 8.02 7.06 7 7 6.97 6.97 6.98 6.97 6.98 6.8 6.65 6.11 6.01 6 6 6 6.01 6.11 6.57 6.99 7.5 8.05 8.91 9 9.05 9.03 9 9 9.38 10.02 10.48 10.98 11.05 11.43 -9999 -9999 -9999 -9999 -9999 12.93 13 -9999 -9999 -9999 -9999 -9999 -9999 -9999 -9999 -9999 -9999 -9999 -9999 -9999 -9999 -9999 -9999 -9999 -9999 -9999 -9999 -9999 -9999 -9999 -9999 -9999 -9999 -9999 -9999 -9999 -9999 -9999 -9999 -9999 -9999
-9999 -9999 9.91 9.27 8.38 7.55 7 6.99 6.87 6.83 6.93 6.99 6.99 6.94 6.98 6.92 6.7 6.57 6.37 6.15 6.28 6.74 6.91 7.03 7.5 8.07 8.78 9.08 9.68 9.88 9.92 9.65 9.32 9.57 9.95 10.22 10.98 11.04 11.83 -9999 -9999 -9999 -9999 -9999 12.63 12.31 -9999 -9999 -9999 -9999 -9999 -9999 -9999 -9999 -9999 -9999 -9999 -9999 -9999 -9999 -9999 -9999 -9999 -9999 -9999 -9999 -9999 -9999 -9999 -9999 -9999 -9999 -9999 -9999 -9999 -9999 -9999 -9999 -9999 -9999
-9999 -9999 9.68 8.54 8.09 7.24 6.99 6.93 6.44 6.62 6.99 6.99 7 6.83 6.89 6.98 6.99 7 6.98 6.96 7 7.04 7.32 7.77 8.11 8.82 9.35 9.91 10.05 10.16 10.04 10.02 10 10 10.08 10.67 11 11.44 12 12 -9999 -9999 12 12 12 12 -9999 -9999 -9999 -9999 -9999 -9999 -9999 -9999 -9999 -9999 -9999 -9999 -9999 -9999 -9999 -9999 -9999 -9999 -9999 -9999 -9999 -9999 -9999 -9999 -9999 -9999 -9999 -9999 -9999 -9999 -9999 -9999 -9999 -9999
-9999 -9999 9.11 8.57 7.97 7.3 7 6.87 6.57 6.82 7 7 7 6.79 6.82 6.96 7 7 7 7.13 7.45 7.88 8.04 8.43 8.88 9.56 10.1 10.69 10.98 11 10.97 10.87 10.7 10.8 10.91 11 11.05 11.94 12.54 12.53 12 11.83 11.8 11.86 11.84 12 -9999 -9999 -9999 -9999 -9999 -9999 -9999 -9999 -9999 -9999 -9999 -9999 -9999 -9999 -9999 -9999 -9999 -9999 -9999 -9999 -9999 -9999 -9999 -9999 -9999 -9999 -9999 -9999 -9999 -9999 -9999 -9999 -9999 -9999
-9999 -9999 8.66 8.36 8 7.35 7 6.96 6.86 6.73 7 7 7 6.94 7 7 7 7.01 7.41 7.94 8.21 8.58 8.88 9.18 9.76 10.29 10.94 11.52 11.8 11.74 11.22 11.1 11.08 11.15 11.08 11.1 -9999 12.11 12.92 12.73 12.02 11.71 11.38 11.45 11.84 12 -9999 -9999 -9999 -9999 -9999 -9999 -9999 -9999 -9999 -9999 -9999 -9999 -9999 -9999 -9999 -9999 -9999 -9999 -9999 -9999 -9999 -9999 -9999 -9999 -9999 -9999 -9999 -9999 -9999 -9999 -9999 -9999 -9999 -9999
-9999 -9999 8 8 7.96 7.37 7.06 7 7 7 7 7 7 7 7 7 7.02 7.5 7.99 8.49 9.04 9.37 9.7 9.99 10.58 11.05 11.78 12.03 12.3 12.03 11.99 11.99 11.93 11.73 12 -9999 12 12 12.17 12.38 -9999 -9999 -9999 -9999 12 12 -9999 -9999 -9999 -9999 -9999 -9999 -9999 -9999 -9999 -9999 -9999 -9999 -9999 -9999 -9999 -9999 -9999 -9999 -9999 -9999 -9999 -9999 -9999 -9999 -9999 -9999 -9999 -9999 -9999 -9999 -9999 -9999 -9999 -9999
