Appendix_Data/App2-Dispersal_Model/NE_Environmental_grids/annual_precip.asc
NCOLS 82
NROWS 79
XLLCORNER -73.79167
YLLCORNER 40.875
CELLSIZE 0.08333333
NODATA_VALUE -9999
[rows 32 to 63 of 79, columns 0 to 71 of 82]
-9999 -9999 -9999 -9999 804.24 826.22 849.75 893.9 980.13 991.98 1004.38 1044.02 1169.59 1136.06 1211.13 1097.09 1128.26 1055.48 1051.71 1086.77 1143.2 1140.5 1094.62 1054.42 1050.51 1068.93 1130.24 1234.5 1220.3 1200.48 1096.3 1028.16 998.04 1026.2 1054.06 1193 1151.41 1134.54 1194.87 1121.5 1090.43 1092.87 1087.73 1110.23 1108.67 1073.06 1046.98 1062.64 1050.44 1066.47 1066.89 1077.49 1069.84 1076.31 1086.5 1096.34 1084.44 1078.08 1071.77 1066.79 1070.7 1093.52 1117.69 1149.03 1136.88 1158.55 1180.52 1190.54 1195.87 1210.47 1214.31 1215.91
-9999 -9999 -9999 -9999 794.55 819.82 851.12 897.03 952.14 995.07 1017.34 1042.17 1122.82 1126.41 1091.68 1144.02 1067.29 1125.22 1087.24 1128.12 1125.7 1134.04 1107.12 1225.52 1102.61 1017.84 1139.41 1156.55 1253.61 1124.48 1067.5 1025.51 1026.25 1037.39 1108.74 1097.91 1082.87 1080.85 1139.81 1074.31 1135.73 1152.79 1104.66 1107.55 1101.91 1066.96 1057.04 1053.9 1064.75 1051.53 1066.71 1073.92 1078.05 1089.23 1111.38 1124.24 1124.12 1106.29 1096.56 1099.38 1114.95 1134.37 1153.23 1148.84 1149.17 1171.08 1198.64 1202.84 1202.35 1212.58 1225 1228.54
-9999 -9999 -9999 -9999 790.59 815.78 846.68 895.14 963.1 979 1007.79 1087.27 1068.27 1016.76 1075.15 1071.02 1060.74 1132.84 1114.15 1101.62 1072.95 1037.97 1107.66 1187.81 1103.22 1051.51 1006.26 1060.84 1095.68 1046.92 1031.62 1089.84 1154.54 1124.88 1174.4 1085.05 1031.71 1088.33 1099.4 1073.86 1137.53 1131.87 1116.99 1102.04 1097.24 1105.96 1077.54 1063.47 1063.88 1058.26 1064.25 1075.1 1088.12 1108.08 1148.14 1146.31 1134.12 1124.55 1119.88 1127.04 1130.28 1169.45 1162.93 1163.9 1170.25 1186.09 1206.78 1229.23 1226.87 1225.31 1231.05 1233.92
-9999 -9999 -9999 -9999 797.78 816.66 846.12 897.91 943.75 1008.41 1073.71 1269.16 1140.19 1017.06 1048.27 1037.63 1048.72 1069.38 1169.44 1109.94 1015.27 1018.79 1135.05 1042.74 1118.96 1038.72 1006.65 1248.14 1266.75 1079.53 1059.99 1073.09 1156.33 1284.86 1128.35 1144.42 1084.28 1104.99 1088.31 1093.6 1124.48 1126.85 1119.17 1112.83 1114.86 1123.41 1075.2 1073.69 1069.16 1060.97 1077.37 1091.84 1119.96 1137.59 1158.23 1159.17 1151.79 1156.39 1149.5 1140.27 1151.12 1170.33 1179.97 1181.6 1193.69 1195.03 1216.46 1237.22 1240.16 1237.58 1236.9 1240.03
-9999 -9999 -9999 -9999 -9999 823.56 856.6 898.87 934.09 1005.29 1148.2 1160.63 1026.56 1140.44 1097.43 1080.09 1055.88 1081.29 1154.42 1054.45 980.46 1004.16 1011.17 1036.73 1013.45 995.48 1032.07 1220.83 1336.71 1216.1 1135.85 1180.72 1241.73 1240.4 1153.44 1075.47 1098.17 1121.03 1153.86 1138.27 1129.95 1112.82 1124.76 1119.51 1114.64 1105.87 1087.39 1084.14 1070.81 1080.46 1094.86 1120.71 1151.7 1165.98 1167.47 1156.18 1158.84 1165.69 1156.52 1162.36 1167.96 1191.35 1196.19 1190.36 1205.91 1217.66 1222.09 1241 1243.02 1244.98 1246.84 1244
-9999 -9999 -9999 -9999 823.8 835.8 871.73 924.99 991.46 1008.77 1088.45 1062.87 1029.58 1139.05 1030.64 1011.7 1030.18 1073.64 1104.12 1025.34 962.95 988.23 1005.36 996.4 1037.58 1027.32 1080.47 1148.52 1249.04 1312.92 1148.66 1247.99 1146.28 1155.23 1112.26 1093.77 1129.06 1141.82 1161.02 1130.59 1127.64 1138 1125.55 1115.18 1117.15 1106.69 1102.58 1089.87 1083.72 1097.15 1111.1 1132.86 1156.65 1157.56 1157.24 1174.89 1188.81 1184.13 1174.78 1175.89 1182.8 1200.17 1202.66 1212.03 1229.83 1259.39 1274.49 1245.76 1254.65 1247.8 1248.67 -9999
-9999 -9999 -9999 -9999 -9999 846.85 888.06 919.99 1013.2 1071.75 1238.25 1077.38 1015.47 1001.91 988.29 972.01 1022.96 1062.72 1059.92 992.82 953.38 1012.48 971.23 980.7 1036.59 1080.42 1171.34 1304.46 1406.89 1703.44 1442.92 1406.37 1254.53 1235.63 1162.21 1137.23 1169.97 1137.54 1133.02 1170.59 1137.64 1134.03 1125.98 1124.56 1121.83 1108.56 1105.51 1097.86 1103.34 1114.18 1119.44 1139.21 1154.27 1161.6 1184.03 1191.9 1196.89 1188.47 1180.96 1187.37 1200.55 1212.86 1213.02 1220.47 1249.25 1261.48 1272.34 -9999 -9999 -9999 -9999 -9999
-9999 -9999 -9999 -9999 859.87 857 892.59 946.51 1038.17 1179.51 1115.32 1043.67 1077 996.58 968.81 1006.49 1135.64 1122.77 1002.11 982.11 952.71 954.49 981.48 1037.16 1096.34 1313.27 1493.93 1421.31 1450.01 1519.83 1360.53 1405.81 1239.42 1130.23 1124.27 1160.47 1146.21 1137.17 1130.13 1164.97 1153.14 1145.75 1141.68 1139.96 1133.35 1120.77 1114.3 1112.36 1116.9 1121.34 1131.41 1138.19 1151.99 1165.09 1187.82 1202.25 1200.93 1182.25 1198.11 1194.79 1210.02 1211.55 1216.43 1232 1242.38 1245.11 1247.33 -9999 -9999 -9999 -9999 -9999
-9999 -9999 -9999 913.63 859.13 869.44 899.88 929.04 1063.66 1200.06 1122.78 1144.92 1049.42 1059.19 1005.22 1049.31 1108.62 1053.8 1022.76 966.6 915.61 957.69 1057.12 1133.5 1331.59 1458.07 1377 1431.01 1364.4 1334.46 1231.27 1287 1253.94 1129.78 1139.1 1160.75 1141.9 1149.12 1151.45 1143.16 1148.57 1148.85 1140.75 1143.12 1150.83 1144.91 1128.83 1123.81 1127.98 1135.38 1139.47 1144.66 1159.31 1163.51 1177.49 1189.3 1179.54 1192.4 1200.87 1203.17 1215 1219.69 1233.17 1240.11 1248.25 1246 1251 -9999 -9999 -9999 -9999 -9999
-9999 -9999 -9999 895.45 870.55 896.86 900.76 932.21 1125.96 1209.94 1206.27 1175.02 1106.73 1067.55 1055.42 1059.44 1109.12 1009.94 962.8 946.14 926.13 1010.37 1266.33 1319.94 1114.2 1248.4 1380.75 1419.11 1313.72 1304.1 1323.59 1203.12 1219.53 1156.55 1160.81 1185.87 1153.16 1148.87 1159.14 1155.95 1157.34 1148.24 1147.9 1143.56 1147.32 1147.6 1133.78 1131.2 1145.95 1136.98 1144.58 1154.97 1156.19 1170.99 1175.63 1181.57 1186.31 -9999 1205.73 1211.65 1215 1236.58 -9999 -9999 -9999 -9999 -9999 -9999 -9999 -9999 -9999 -9999
-9999 -9999 -9999 -9999 886.61 894.09 914.56 940.5 1106.45 1226.24 1151.67 1165.87 1065.96 1042.89 1033.44 1022.62 1116.17 1028.58 992.98 924.32 1000.48 1067.3 1076.64 1253.35 1115.84 1172.13 1355.8 1441.91 1382.78 1361.44 1266.82 1213.35 1204.71 1192.4 1168.97 1182.72 1185.42 1160.69 1158.55 1169.59 1170.73 1154.27 1149.16 1148.42 1150.29 1142.29 1135.24 1141.14 1143.99 1150.46 1156.91 1161.54 1162.57 1169.78 1176.06 1179 -9999 -9999 -9999 -9999 -9999 -9999 -9999 -9999 -9999 -9999 -9999 -9999 -9999 -9999 -9999 -9999
-9999 -9999 -9999 -9999 899.32 915.6 925.98 948.72 1074.37 1243.42 1181.28 1140.17 1118.28 1032.35 1015.12 1045.66 1057.49 1006.28 957.95 950.27 1091.9 1056.82 1106.11 1163.65 1106.47 1120.9 1274.68 1299.35 1227.39 1236.95 1209.62 1238.74 1268.28 1239.65 1215.81 1198.86 1207.09 1162.13 1150.52 1161.17 1162.97 1158.3 1147.53 1151.13 1149.81 1143.66 1146.19 1147.33 1149.92 1157.3 1158.75 1166.17 -9999 1167 1176.06 1187 1186.31 -9999 1214 1211.65 1215 -9999 -9999 -9999 -9999 -9999 -9999 -9999 -9999 -9999 -9999 -9999
-9999 -9999 -9999 -9999 920.13 949.07 958.69 967.96 1038.97 1251.98 1228.74 1125.8 1108.12 1065.8 1037.14 1011.18 1059.59 977.07 935.87 1000.31 1124.81 1082.77 1054.87 1059.95 1051.26 1115.23 1161.92 1154.35 1189.31 1317.87 1228.43 1177.14 1220.31 1195.76 1191.05 1193.3 1174.48 1165.77 1160.54 1158.1 1161.21 1154.65 1145.39 1140.63 1143.37 1149.15 1155.77 1156.09 1155.5 1157.91 1154 -9999 -9999 1167 -9999 -9999 -9999 -9999 1214 -9999 -9999 -9999 -9999 -9999 -9999 -9999 -9999 -9999 -9999 -9999 -9999 -9999
-9999 -9999 -9999 -9999 947.58 952.27 985.01 1064.66 988.8 1111.88 1240.8 1191.93 1194.72 1150.68 1098.21 1042.6 1007.41 946.01 1005.42 1027.37 1040.54 1117.64 1120.5 1078.62 1101.45 1079.33 1082.67 1112.06 1121.87 1229.33 1231.21 1203.82 1199.78 1214.6 1209.6 1197.33 1181.17 1160.86 1166.11 1151.24 1146.58 1143.38 1143.12 1144.13 1144.4 1146 1155.91 1152.07 -9999 -9999 -9999 -9999 -9999 -9999 -9999 -9999 -9999 -9999 -9999 -9999 -9999 -9999 -9999 -9999 -9999 -9999 -9999 -9999 -9999 -9999 -9999 -9999
-9999 -9999 -9999 1017.85 949.32 964 975.74 1040.69 1013.5 1033.95 1250.16 1289.13 1190.85 1143.93 1056.21 1042.55 975.16 961.1 1015.41 1006.96 1038.76 1100.78 1164.94 1051.17 1074.19 1077.91 1072.1 1072.23 1085.38 1119.59 1184.87 1203.14 1212.26 1204.02 1197.57 1189.4 1182.96 1164.71 1158.03 1151.27 1141.98 1139.23 1143.11 1144.13 -9999 -9999 -9999 -9999 -9999 -9999 -9999 -9999 -9999 -9999 -9999 -9999 -9999 -9999 -9999 -9999 -9999 -9999 -9999 -9999 -9999 -9999 -9999 -9999 -9999 -9999 -9999 -9999
-9999 -9999 -9999 1014.97 953.02 990.16 994.44 1133.29 1071.37 1027.4 1194.63 1278.31 1191.45 1186.61 1132.54 1063.73 977.45 1010.6 1106.31 1067.98 1087.43 1084.45 1067.71 1081.73 1052.75 1090.94 1075.93 1069.23 1171.82 1143.49 1147.58 1214.81 1198.09 1204.03 1202.17 1212.29 1178.95 1171.28 1151.98 1151.2 1141.05 1139.89 1144.32 -9999 -9999 -9999 -9999 -9999 -9999 -9999 -9999 -9999 -9999 -9999 -9999 -9999 -9999 -9999 -9999 -9999 -9999 -9999 -9999 -9999 -9999 -9999 -9999 -9999 -9999 -9999 -9999 -9999
-9999 -9999 -9999 -9999 -9999 990.3 1020.49 1111.77 1134.88 1109.72 1175.58 1213.5 1181.89 1179 1103.59 1088.21 994.64 1078.28 1084.68 1055.03 1106.47 1094.73 1068.99 1079.81 1060.4 1042.37 1053.23 1089.23 1152.92 1151.52 1144.13 1178.62 1181.12 1179.5 1188.83 1186.78 1171.14 1162.99 1151.46 1152 1144.42 1139.89 -9999 -9999 -9999 -9999 -9999 -9999 -9999 -9999 -9999 -9999 -9999 -9999 -9999 -9999 -9999 -9999 -9999 -9999 -9999 -9999 -9999 -9999 -9999 -9999 -9999 -9999 -9999 -9999 -9999 -9999
-9999 -9999 -9999 -9999 -9999 1015.03 1038.3 1136.95 1158.55 1206.65 1309.72 1287.95 1209.67 1133.17 1081.57 1062.71 992.98 1052.77 1029.55 1051.01 1081.93 1082.43 1133.57 1075.8 1067.64 1037.78 1097.83 1077.61 1128.59 1114.27 1159.07 1170.41 1143.45 1149.45 1155.38 1177.09 1161.86 1158.62 1147.19 1146.74 1144.29 -9999 -9999 -9999 -9999 -9999 -9999 -9999 -9999 -9999 -9999 -9999 -9999 -9999 -9999 -9999 -9999 -9999 -9999 -9999 -9999 -9999 -9999 -9999 -9999 -9999 -9999 -9999 -9999 -9999 -9999 -9999
-9999 -9999 -9999 -9999 -9999 1035.49 1106.85 1162.85 1260.47 1301.69 1262.42 1238.57 1220.02 1128.61 1086.39 1045.59 1025.14 1091.25 1099.33 1117.15 1147.13 1069.92 1081.21 1060.61 1052.44 1030.01 1031.2 1042.92 1070.82 1119.9 1139 1144.25 1128.07 1124.49 1137.91 1145.83 1152.53 1153.65 1138.94 -9999 -9999 -9999 -9999 -9999 -9999 -9999 -9999 -9999 -9999 -9999 -9999 -9999 -9999 -9999 -9999 -9999 -9999 -9999 -9999 -9999 -9999 -9999 -9999 -9999 -9999 -9999 -9999 -9999 -9999 -9999 -9999 -9999
-9999 -9999 -9999 -9999 -9999 1027.3 1174.97 1253.42 1138.79 1300.53 1228.58 1206.97 1265.65 1167.27 1095.9 1043.55 1069.75 1101.55 1098.09 1163.92 1132.96 1117.14 1099.66 1066.6 1046.78 1046.4 1013.99 1046.84 1061.86 1117.8 1128.49 1122.91 1114.57 1112.31 1120.01 1133.5 1155.55 1153.27 1140.5 -9999 -9999 -9999 -9999 -9999 -9999 -9999 -9999 -9999 -9999 -9999 -9999 -9999 -9999 -9999 -9999 -9999 -9999 -9999 -9999 -9999 -9999 -9999 -9999 -9999 -9999 -9999 -9999 -9999 -9999 -9999 -9999 -9999
-9999 -9999 -9999 -9999 -9999 1036.75 1130.77 1184.94 1273.33 1349.73 1275.62 1203.22 1238.19 1191.34 1115.42 1051.68 1059.89 1108.45 1101.03 1157.5 1123.05 1099.82 1095.69 1112.62 1072.31 1061.91 1063.08 1029.91 1072.79 1093.6 1102.08 1104.1 1105.46 1107.64 1113.05 1124.38 1136.1 1142.42 -9999 -9999 -9999 -9999 -9999 -9999 -9999 -9999 -9999 -9999 -9999 -9999 -9999 -9999 -9999 -9999 -9999 -9999 -9999 -9999 -9999 -9999 -9999 -9999 -9999 -9999 -9999 -9999 -9999 -9999 -9999 -9999 -9999 -9999
-9999 -9999 -9999 -9999 -9999 1101.13 1180.79 1178.9 1366.01 1355.03 1305.18 1248.32 1189.05 1154.65 1135.77 1054.95 1105.01 1078.85 1117.38 1148.6 1142.09 1105.8 1129.12 1130.34 1092.7 1070.33 1062.92 1045.09 1064.12 1084.34 1086.48 1098.92 1108.71 1116.44 1125.53 1134.18 1136.51 1142.42 -9999 -9999 -9999 -9999 -9999 -9999 -9999 -9999 -9999 -9999 -9999 -9999 -9999 -9999 -9999 -9999 -9999 -9999 -9999 -9999 -9999 -9999 -9999 -9999 -9999 -9999 -9999 -9999 -9999 -9999 -9999 -9999 -9999 -9999
-9999 -9999 -9999 -9999 -9999 1038.76 1102.03 1309.3 1363.48 1346.5 1346.49 1302.61 1214.18 1156.42 1106.57 1085.13 1095.04 1051.97 1105.15 1151.87 1146.07 1103.38 1136.09 1134.74 1110.47 1109.26 1071.22 1046.12 1060.55 1095.57 1094.36 1105.02 1115.15 1126.37 1139.17 1144.42 -9999 -9999 -9999 -9999 -9999 -9999 -9999 -9999 -9999 -9999 -9999 -9999 -9999 -9999 -9999 -9999 -9999 -9999 -9999 -9999 -9999 -9999 -9999 -9999 -9999 -9999 -9999 -9999 -9999 -9999 -9999 -9999 -9999 -9999 -9999 -9999
-9999 -9999 -9999 -9999 -9999 1058.45 1101.05 1257.89 1336.14 1344.21 1311.8 1314.52 1266.28 1165.49 1112.07 1131.61 1106.23 1056.46 1097.45 1181.18 1146.14 1122.82 1178.01 1138.72 1113.82 1084.93 1068.51 1064.3 1084.8 1099.23 1101.95 1113.82 1124.95 1139.14 1145.5 1145.54 -9999 -9999 -9999 -9999 -9999 -9999 -9999 -9999 -9999 -9999 -9999 -9999 -9999 -9999 -9999 -9999 -9999 -9999 -9999 -9999 -9999 -9999 -9999 -9999 -9999 -9999 -9999 -9999 -9999 -9999 -9999 -9999 -9999 -9999 -9999 -9999
-9999 -9999 -9999 -9999 -9999 1094.08 1134.69 1295.67 1300.94 1307.99 1304.36 1281.47 1263.06 1193.19 1125.33 1125.21 1104.25 1107.35 1138.87 1132.67 1126.9 1152.52 1180.24 1142.82 1114.82 1100.47 1083.62 1077.06 1092.52 1095.39 1097.64 1109.6 1126.08 1141.08 1151.01 1155.52 -9999 -9999 -9999 -9999 -9999 -9999 -9999 -9999 -9999 -9999 -9999 -9999 -9999 -9999 -9999 -9999 -9999 -9999 -9999 -9999 -9999 -9999 -9999 -9999 -9999 -9999 -9999 -9999 -9999 -9999 -9999 -9999 -9999 -9999 -9999 -9999
-9999 -9999 -9999 -9999 -9999 1157.06 1102.26 1181.7 1274.02 1260.98 1279.6 1268.39 1218.29 1200.68 1162.2 1111.72 1139.65 1136.78 1115.79 1108.55 1125.01 1156.46 1176.55 1143.65 1117.33 1105.89 1093.71 1090.8 1095.33 1095.14 1096.69 1109.37 1131.42 1146.74 1161.11 1165.21 1168.75 1179.6 -9999 -9999 -9999 -9999 -9999 -9999 -9999 -9999 -9999 -9999 -9999 -9999 -9999 -9999 -9999 -9999 -9999 -9999 -9999 -9999 -9999 -9999 -9999 -9999 -9999 -9999 -9999 -9999 -9999 -9999 -9999 -9999 -9999 -9999
-9999 -9999 -9999 -9999 -9999 1180.4 1204.8 1177.68 1265.43 1224.74 1217.6 1219.99 1206.37 1152.66 1127.46 1140.83 1150.6 1122.24 1103.84 1103.03 1120.5 1149.9 1169.29 1149.74 1128.02 1114.22 1110.23 1104.91 1097.86 1097.67 1104.83 1115.36 1126.07 1143.05 1163.7 1174.6 1179.95 1182.49 -9999 -9999 -9999 -9999 -9999 -9999 -9999 -9999 -9999 -9999 -9999 -9999 -9999 -9999 -9999 -9999 -9999 -9999 -9999 -9999 -9999 -9999 -9999 -9999 -9999 -9999 -9999 -9999 -9999 -9999 -9999 -9999 -9999 -9999
-9999 -9999 -9999 -9999 1075.75 1151.54 1145.09 1200.95 1250.12 1229.38 1240.26 1225.14 1184.01 1140.12 1124.21 1181.1 1182.32 1122.16 1129.4 1127.97 1131.79 1154.61 1161.84 1154.83 1138.35 1125.93 1121.56 1116.22 1114.36 1115.39 1109.89 1108.34 1123.13 1141.78 1157.05 1173.93 1177.86 1182.49 -9999 -9999 -9999 -9999 -9999 -9999 -9999 -9999 -9999 -9999 -9999 -9999 -9999 -9999 -9999 -9999 -9999 -9999 -9999 -9999 -9999 -9999 -9999 -9999 -9999 -9999 -9999 -9999 -9999 -9999 -9999 -9999 -9999 -9999
-9999 -9999 -9999 -9999 1095.74 1091.94 1115.97 1178.25 1235.67 1216.14 1213.45 1231.21 1206.58 1128.59 1132.41 1184.06 1186.49 1135.18 1137.26 1141.9 1127.52 1154.89 1183.8 1172.88 1153.72 1148.2 1132.5 1117.12 1119.38 1126.68 1128.61 1117.23 1122.23 1137.11 1153.7 1173.93 -9999 -9999 -9999 -9999 -9999 -9999 -9999 -9999 -9999 -9999 -9999 -9999 -9999 -9999 -9999 -9999 -9999 -9999 -9999 -9999 -9999 -9999 -9999 -9999 -9999 -9999 -9999 -9999 -9999 -9999 -9999 -9999 -9999 -9999 -9999 -9999
-9999 -9999 -9999 1088.76 1093.32 1111.56 1171.2 1201.18 1217.65 1212.3 1212.98 1222.77 1167.74 1114.76 1106.4 1154.33 1179.48 1143.31 1153.1 1140.89 1147.84 1173.91 1176.95 1173.8 1172.11 1154.74 1142.51 1130.71 1129.53 1138.13 1131.93 1119.27 1119.28 1130.05 1153.7 -9999 -9999 -9999 -9999 -9999 -9999 -9999 -9999 -9999 -9999 -9999 -9999 -9999 -9999 -9999 -9999 -9999 -9999 -9999 -9999 -9999 -9999 -9999 -9999 -9999 -9999 -9999 -9999 -9999 -9999 -9999 -9999 -9999 -9999 -9999 -9999 -9999
-9999 -9999 -9999 1129.19 1105 1116.41 1165.26 1211.09 1207.47 1218.84 1211.69 1211.08 1143.56 1115.19 1117.66 1120.72 1149.19 1148.94 1153.86 1163.46 1167.56 1192.2 1197.87 1177.94 1176.1 1158.86 1158.99 1150.09 1146.82 1148.99 1147.86 1145.06 1138.53 1153.05 1179.83 1196.55 -9999 -9999 -9999 -9999 -9999 -9999 -9999 -9999 -9999 -9999 -9999 -9999 -9999 -9999 -9999 -9999 -9999 -9999 -9999 -9999 -9999 -9999 -9999 -9999 -9999 -9999 -9999 -9999 -9999 -9999 -9999 -9999 -9999 -9999 -9999 -9999
-9999 -9999 -9999 1112.45 1110.85 1168.45 1184.07 1203.97 1225.9 1231.78 1209.07 1197.38 1142.48 1123.24 1102.74 1124.86 1129.24 1151.21 1178.14 1174.04 1175.19 1203.01 1192.73 1181.7 1174.16 1183.85 1182.87 1171.99 1163.74 1170.5 1163.77 1161.12 1167.9 1173.06 1196.44 1210.69 1205.72 -9999 -9999 -9999 -9999 -9999 -9999 -9999 -9999 -9999 -9999 -9999 -9999 -9999 -9999 -9999 -9999 -9999 -9999 -9999 -9999 -9999 -9999 -9999 -9999 -9999 -9999 -9999 -9999 -9999 -9999 -9999 -9999 -9999 -9999 -9999
