Appendix_Data/App2-Dispersal_Model/NE_Environmental_grids/mintemp_coldest.asc
NCOLS 82
NROWS 79
XLLCORNER -73.79167
YLLCORNER 40.875
CELLSIZE 0.08333333
NODATA_VALUE -9999
[rows 32 to 63 of 79, columns 0 to 71 of 82]
-9999 -9999 -9999 -9999 -140.17 -140.06 -139.84 -142.01 -148.18 -148.49 -149.56 -152.87 -161.3 -160.24 -165.32 -159.96 -163.13 -160.14 -161.66 -165.78 -170.46 -171.89 -171.67 -171.61 -172.56 -173.9 -176.07 -179.46 -179.26 -178.94 -175.78 -173.66 -172.66 -174.83 -175.08 -178.47 -175.59 -173.32 -175.38 -169 -164.62 -163.28 -161.27 -162.88 -162.23 -159.15 -156.77 -156.68 -153.88 -153.76 -152.52 -152.32 -150.14 -149.19 -147.9 -146.12 -141.78 -138.22 -134.99 -132.67 -132.04 -133.69 -135.34 -137.34 -134.71 -135.86 -137.02 -136.86 -136.01 -136.15 -134.93 -132.98
-9999 -9999 -9999 -9999 -137.7 -138.08 -138.84 -141.23 -144.77 -147.76 -149.5 -151.71 -157.63 -158.76 -157.93 -162.11 -159.14 -163.91 -163.66 -167.33 -169.13 -170.94 -171.27 -175.56 -172.97 -170.91 -174.48 -175.14 -177.96 -174.42 -172.69 -171.51 -171.72 -172.43 -174.05 -171.35 -168.17 -166.2 -168.21 -160.34 -164.34 -164.24 -158.11 -157.5 -156.75 -153.5 -152.22 -150.68 -150.2 -147.27 -147.35 -146.57 -145.19 -144.34 -144.35 -143.02 -140.34 -135.53 -132.04 -130.76 -131.43 -132.24 -133.25 -131.46 -130.3 -131.52 -133.24 -132.43 -131.07 -130.71 -130.58 -129.19
-9999 -9999 -9999 -9999 -135.76 -136 -136.95 -139.66 -144.4 -145.2 -147.68 -153.32 -153.11 -151.3 -156.46 -157.57 -158.56 -163.63 -164.39 -165.59 -166.41 -166.98 -169.99 -172.95 -171.29 -170.26 -168.76 -170.11 -170.87 -169.37 -168.81 -170.97 -173.08 -172.03 -172.6 -166.3 -160.02 -162.36 -160.28 -155.1 -159.63 -157.32 -154.31 -151.82 -150.86 -151.3 -148.11 -145.8 -144.59 -142.47 -141.38 -140.82 -140.33 -140.28 -142.15 -139.28 -135.19 -131.57 -129.18 -128.21 -127.28 -130.64 -128.49 -127.12 -126.8 -127.17 -128.3 -129.76 -128.3 -126.87 -126.04 -124.7
-9999 -9999 -9999 -9999 -135.44 -134.75 -135.11 -137.96 -141.34 -146.37 -151.31 -162.17 -156.86 -150.69 -154.16 -155.22 -157.42 -160.07 -165.48 -164.84 -162.93 -164.48 -168.94 -167.32 -169.48 -167.7 -166.68 -172.74 -172.95 -167.43 -166.87 -167.33 -169.78 -173.28 -166.76 -166.23 -160 -158.93 -154.05 -152.07 -153.3 -151.7 -149.41 -147.66 -147.08 -147.17 -141.67 -140.75 -139.21 -137.08 -137.02 -136.88 -137.75 -137.46 -137.22 -134.62 -130.89 -129.13 -126.49 -124.08 -124.08 -124.95 -124.76 -123.46 -123.49 -122.82 -124.04 -125.31 -124.55 -123.09 -121.8 -120.71
-9999 -9999 -9999 -9999 -9999 -134.14 -134.66 -136.53 -139.29 -144.87 -154.62 -156.22 -149.38 -156.72 -156.49 -157.01 -157.33 -159.83 -163.96 -161.7 -160.04 -162.52 -163.76 -164.98 -164.73 -164.26 -164.79 -169.12 -171.95 -168.14 -165.68 -166.9 -168.68 -168.29 -163.6 -157.67 -156.7 -155.71 -155.92 -151.82 -148.86 -145.2 -144.81 -142.96 -141.37 -139.43 -136.65 -135.47 -133.16 -133.07 -133.15 -134.08 -135.4 -134.63 -132.35 -128.02 -125.36 -124.48 -122.73 -120.65 -120.61 -121.74 -121.01 -119.7 -119.89 -119.82 -120.45 -120.39 -119.64 -118.94 -118 -118
-9999 -9999 -9999 -9999 -135.5 -134.43 -135.35 -138.3 -143.29 -144.43 -150.47 -149.61 -148.92 -156.72 -152.65 -153.32 -155.67 -158.75 -161.05 -159.45 -158.52 -160.48 -161.55 -161.61 -162.51 -162.16 -162.86 -163.84 -165.92 -167.64 -162.67 -165.36 -161.46 -161.24 -157.9 -154.84 -154.81 -153.3 -152.08 -146.66 -144.04 -142.74 -139.74 -137.02 -136.07 -133.86 -132.2 -129.88 -128.6 -129 -129.19 -129.76 -130.29 -128.13 -125.54 -124.74 -123.64 -120.49 -117.69 -117.58 -117.28 -117.88 -116.9 -116.29 -116.62 -119.19 -119.44 -117.33 -116.58 -116.4 -115.33 -9999
-9999 -9999 -9999 -9999 -9999 -134.63 -136.47 -137.62 -144.49 -148.66 -158.7 -150.66 -148.12 -149.15 -150.12 -150.99 -154.84 -157.63 -158.42 -157.16 -157.06 -159.23 -158.44 -158.8 -159.93 -160.54 -162.28 -165.3 -167.94 -178.39 -168.48 -167.17 -161.98 -160.95 -156.87 -154.08 -153.93 -149.11 -145.85 -146.2 -140.38 -137.4 -134.49 -132.72 -131.23 -128.72 -127.13 -125.48 -125.28 -125.31 -124.68 -125.06 -124.76 -123.57 -123.57 -121.95 -120.21 -117.53 -115.22 -115.84 -114.98 -115.46 -113.9 -114.2 -115.11 -115.34 -116.21 -9999 -9999 -9999 -9999 -9999
-9999 -9999 -9999 -9999 -136.84 -134.63 -136.25 -139.59 -146 -154.81 -152.14 -148.62 -152.68 -149.27 -149.24 -152.75 -158.62 -158.78 -155.31 -155.35 -154.96 -155.51 -156.18 -157.58 -158.89 -164.66 -169.79 -166.54 -166.98 -168.69 -162.6 -163.88 -158.15 -153.33 -151.7 -152.03 -149.03 -145.77 -142.15 -141.8 -137.54 -133.74 -130.79 -129.04 -127.15 -125.05 -123.56 -122.7 -122.1 -121.42 -121.05 -120.19 -119.76 -119.1 -119.4 -118.84 -117.4 -113.75 -111.56 -111.5 -111.47 -110.98 -111.07 -109.57 -109.86 -110.74 -111 -9999 -9999 -9999 -9999 -9999
-9999 -9999 -9999 -141.91 -135.15 -134.6 -136.2 -137.72 -147.36 -155.09 -152.23 -154.49 -151.51 -153.42 -152.08 -154.67 -157.13 -155.68 -154.78 -153.26 -151.91 -153.09 -155.51 -157.85 -163.28 -166.87 -163.8 -164.52 -161.88 -160.28 -156.87 -157.81 -156.08 -150.14 -149.57 -149.35 -145.99 -143.61 -140.51 -136.35 -133.15 -129.42 -125.53 -124.43 -124.26 -122.81 -120.6 -119.31 -118.63 -118.18 -117.28 -116.19 -116.02 -114.65 -114.06 -113.44 -110.69 -109.6 -109.52 -108.87 -109.29 -108.15 -107.5 -108.86 -107.79 -105 -107 -9999 -9999 -9999 -9999 -9999
-9999 -9999 -9999 -138.37 -134.4 -135.81 -135.17 -137.28 -150.81 -155.09 -155.97 -155.47 -154.12 -154.09 -154.05 -154.86 -156.36 -153.29 -151.61 -150.95 -150.2 -152.09 -159.84 -161.47 -155.48 -158.67 -161.73 -162.2 -158.47 -157.66 -157.45 -152.8 -152.32 -148.74 -147.92 -147.71 -143.98 -140.73 -138.11 -134.25 -130.54 -125.91 -122.68 -120.78 -119.71 -118.98 -116.85 -115.76 -116.04 -113.9 -113.39 -112.96 -111.63 -111.45 -110.17 -109.34 -109.19 -9999 -107.12 -107.12 -109.29 -106.4 -9999 -9999 -9999 -9999 -9999 -9999 -9999 -9999 -9999 -9999
-9999 -9999 -9999 -9999 -134.05 -134.06 -135.01 -136.77 -148.47 -155.27 -152.66 -154.38 -151.66 -152.13 -152.78 -153.02 -155.64 -152.82 -151.35 -148.63 -150.61 -152.15 -152.41 -157.36 -154.09 -155.21 -159.2 -160.82 -158.64 -157.38 -154.1 -151.19 -149.53 -148.09 -145.68 -144.85 -143.09 -138.76 -135.38 -132.32 -128.69 -123.6 -120.25 -117.97 -116.83 -114.96 -113.04 -112.57 -111.95 -111.12 -110.47 -109.81 -108.68 -107.73 -106.94 -106.67 -9999 -9999 -9999 -9999 -9999 -9999 -9999 -9999 -9999 -9999 -9999 -9999 -9999 -9999 -9999 -9999
-9999 -9999 -9999 -9999 -133.32 -133.99 -134.36 -136.12 -145.05 -154.99 -152.87 -152.31 -153.13 -150.85 -151.21 -152.78 -152.83 -150.8 -148.52 -147.92 -151.8 -150.67 -152.18 -153.4 -152.54 -153.05 -155.69 -155.85 -153.84 -152.82 -150.37 -150.07 -149.81 -147.5 -145.1 -142.93 -141.3 -136.5 -132.28 -129.01 -125.26 -121.21 -117.4 -115.37 -113.73 -111.55 -110.55 -109.7 -109.33 -108.22 -107.37 -107.67 -9999 -105.5 -106.94 -103 -109.19 -9999 -101 -107.12 -109.29 -9999 -9999 -9999 -9999 -9999 -9999 -9999 -9999 -9999 -9999 -9999
-9999 -9999 -9999 -9999 -133.17 -135 -135.34 -135.96 -141.21 -153.91 -153.64 -150.49 -151.52 -151.21 -151.11 -150.59 -151.71 -148.01 -145.84 -148.01 -151.21 -150.07 -149.66 -150.21 -150.57 -151.75 -152.11 -151.51 -151.08 -152.52 -149.05 -145.59 -145.61 -143.06 -141.36 -139.84 -137.35 -134.53 -130.44 -125.92 -122.03 -117.88 -114.36 -111.98 -109.59 -109.19 -107.97 -106.89 -106.33 -105.17 -105 -9999 -9999 -105.5 -9999 -9999 -9999 -9999 -101 -9999 -9999 -9999 -9999 -9999 -9999 -9999 -9999 -9999 -9999 -9999 -9999 -9999
-9999 -9999 -9999 -9999 -133.39 -133.47 -135.84 -141.04 -136.44 -144.76 -152.59 -151.48 -152.89 -152.74 -152.24 -150.49 -148.62 -144.65 -146.68 -147.35 -147.57 -149.18 -149.42 -149.31 -149.91 -149.85 -149.4 -148.81 -147.56 -148.52 -147.22 -144.31 -142.31 -141.09 -139.04 -136.89 -134.48 -131.71 -127.71 -121.92 -117.26 -113.53 -111.7 -108.87 -107.4 -106.6 -105.09 -104.5 -9999 -9999 -9999 -9999 -9999 -9999 -9999 -9999 -9999 -9999 -9999 -9999 -9999 -9999 -9999 -9999 -9999 -9999 -9999 -9999 -9999 -9999 -9999 -9999
-9999 -9999 -9999 -137.48 -131.24 -132.58 -133.41 -137.87 -136.12 -138.14 -151.21 -153.87 -151.1 -151.1 -150.43 -149.34 -145.81 -143.99 -145.05 -144.74 -145.58 -146.99 -148.19 -147.31 -147.93 -148.09 -147.36 -146.15 -144.61 -143.42 -143.4 -141.89 -140.09 -137.5 -135.07 -132.64 -130.3 -126.94 -122.51 -117.44 -112.72 -109.28 -107.54 -108.87 -9999 -9999 -9999 -9999 -9999 -9999 -9999 -9999 -9999 -9999 -9999 -9999 -9999 -9999 -9999 -9999 -9999 -9999 -9999 -9999 -9999 -9999 -9999 -9999 -9999 -9999 -9999 -9999
-9999 -9999 -9999 -135.36 -129.9 -133.14 -133.51 -141.98 -138.03 -135.85 -146.76 -151.42 -149.36 -150.22 -149.63 -147.98 -144.07 -144.03 -145.24 -143.53 -143.63 -144.16 -144.64 -145.1 -145.43 -145.86 -145.05 -143.75 -144.05 -141.34 -139.48 -139.44 -136.39 -134.08 -131.53 -129.37 -125.11 -121.79 -116.67 -112.38 -108.88 -107.03 -105.47 -9999 -9999 -9999 -9999 -9999 -9999 -9999 -9999 -9999 -9999 -9999 -9999 -9999 -9999 -9999 -9999 -9999 -9999 -9999 -9999 -9999 -9999 -9999 -9999 -9999 -9999 -9999 -9999 -9999
-9999 -9999 -9999 -9999 -9999 -132.39 -134.07 -139.11 -140.25 -139.14 -143.93 -146.92 -147.07 -147.98 -146.88 -146.3 -142.36 -143.46 -142.06 -139.94 -140.4 -140.48 -141.19 -141.88 -142.7 -142.72 -141.74 -141.02 -140.71 -138.9 -136.34 -135.02 -132.44 -129.49 -126.8 -123.55 -119.64 -116.22 -111.76 -108.17 -105.25 -107.03 -9999 -9999 -9999 -9999 -9999 -9999 -9999 -9999 -9999 -9999 -9999 -9999 -9999 -9999 -9999 -9999 -9999 -9999 -9999 -9999 -9999 -9999 -9999 -9999 -9999 -9999 -9999 -9999 -9999 -9999
-9999 -9999 -9999 -9999 -9999 -133.23 -134.17 -138.98 -140.02 -142.77 -148.33 -147.88 -146.08 -144.87 -143.93 -143.22 -140.05 -140.51 -138.11 -136.27 -135.74 -136.38 -138.09 -138.02 -138.71 -138.27 -138.51 -137.02 -136.79 -134.43 -133.53 -131.3 -127.15 -124.13 -121.01 -118.98 -114.85 -111.39 -107.47 -104.78 -103.57 -9999 -9999 -9999 -9999 -9999 -9999 -9999 -9999 -9999 -9999 -9999 -9999 -9999 -9999 -9999 -9999 -9999 -9999 -9999 -9999 -9999 -9999 -9999 -9999 -9999 -9999 -9999 -9999 -9999 -9999 -9999
-9999 -9999 -9999 -9999 -9999 -133.63 -136.63 -138.84 -143.71 -145.79 -144.04 -143.93 -144.38 -142.48 -141.91 -140.53 -139.02 -139.38 -137.19 -135.54 -135.37 -132.55 -133.11 -133.51 -133.92 -133.4 -132.82 -132.07 -131.43 -131 -129.35 -126.72 -122.82 -119.12 -116.19 -113.01 -110.18 -107.06 -104.94 -9999 -9999 -9999 -9999 -9999 -9999 -9999 -9999 -9999 -9999 -9999 -9999 -9999 -9999 -9999 -9999 -9999 -9999 -9999 -9999 -9999 -9999 -9999 -9999 -9999 -9999 -9999 -9999 -9999 -9999 -9999 -9999 -9999
-9999 -9999 -9999 -9999 -9999 -132.48 -138.19 -141.72 -136.07 -143.52 -140.74 -141.11 -144.05 -141.85 -140.1 -138.3 -138.86 -138.06 -135.72 -135.41 -132.13 -129.9 -129.26 -129.44 -129.55 -129.49 -128.1 -128.3 -127.3 -127.3 -125.38 -122.21 -118.41 -114.73 -111.09 -108.05 -106.3 -103.37 -101.5 -9999 -9999 -9999 -9999 -9999 -9999 -9999 -9999 -9999 -9999 -9999 -9999 -9999 -9999 -9999 -9999 -9999 -9999 -9999 -9999 -9999 -9999 -9999 -9999 -9999 -9999 -9999 -9999 -9999 -9999 -9999 -9999 -9999
-9999 -9999 -9999 -9999 -9999 -131.22 -134.49 -136.75 -140.84 -144.41 -140.99 -139.15 -141.33 -140.79 -139.02 -136.88 -137.11 -137.08 -134.71 -133.73 -129.76 -126.68 -125.62 -125.9 -126.05 -126.15 -125.95 -124.26 -124.33 -122.92 -120.51 -117.29 -113.91 -110.27 -106.22 -103.04 -100.69 -99.67 -9999 -9999 -9999 -9999 -9999 -9999 -9999 -9999 -9999 -9999 -9999 -9999 -9999 -9999 -9999 -9999 -9999 -9999 -9999 -9999 -9999 -9999 -9999 -9999 -9999 -9999 -9999 -9999 -9999 -9999 -9999 -9999 -9999 -9999
-9999 -9999 -9999 -9999 -9999 -131.25 -134.91 -134.6 -143.6 -142.61 -140.27 -138.86 -137.88 -137.79 -138.12 -135.69 -137.25 -135.56 -134.02 -132.21 -128.91 -124.84 -123.39 -123.22 -123.37 -122.96 -122.73 -121.66 -120.77 -118.85 -115.58 -112.63 -109.39 -105.99 -102.24 -99.21 -97.72 -99.67 -9999 -9999 -9999 -9999 -9999 -9999 -9999 -9999 -9999 -9999 -9999 -9999 -9999 -9999 -9999 -9999 -9999 -9999 -9999 -9999 -9999 -9999 -9999 -9999 -9999 -9999 -9999 -9999 -9999 -9999 -9999 -9999 -9999 -9999
-9999 -9999 -9999 -9999 -9999 -126.31 -129.17 -139.06 -141.6 -140.27 -140.47 -139.12 -136.98 -136.02 -135.14 -135.24 -135.89 -133.78 -132.88 -131.21 -127.78 -123.56 -122.33 -121.64 -121.18 -120.91 -119.85 -118.31 -117.07 -115.19 -111.45 -108.16 -104.86 -101.62 -98.78 -96.62 -9999 -9999 -9999 -9999 -9999 -9999 -9999 -9999 -9999 -9999 -9999 -9999 -9999 -9999 -9999 -9999 -9999 -9999 -9999 -9999 -9999 -9999 -9999 -9999 -9999 -9999 -9999 -9999 -9999 -9999 -9999 -9999 -9999 -9999 -9999 -9999
-9999 -9999 -9999 -9999 -9999 -124.52 -126.85 -134.09 -138.1 -138.28 -136.48 -137.47 -136.75 -134.5 -133.49 -135.1 -134.47 -132.42 -131.82 -131.21 -126.97 -122.98 -122.86 -120.03 -118.73 -117.72 -116.49 -115.08 -113.36 -110.6 -106.81 -103.54 -100.34 -97.65 -94.82 -92.92 -9999 -9999 -9999 -9999 -9999 -9999 -9999 -9999 -9999 -9999 -9999 -9999 -9999 -9999 -9999 -9999 -9999 -9999 -9999 -9999 -9999 -9999 -9999 -9999 -9999 -9999 -9999 -9999 -9999 -9999 -9999 -9999 -9999 -9999 -9999 -9999
-9999 -9999 -9999 -9999 -9999 -123.86 -126.17 -134.54 -134.53 -134.59 -134.42 -134.41 -134.66 -133.41 -131.79 -132.82 -132.53 -132.54 -131.86 -129.5 -126.21 -123.61 -122.09 -118.59 -116.63 -115.12 -113.47 -111.53 -108.81 -105.2 -101.2 -97.98 -95.58 -93.32 -90.8 -89.06 -9999 -9999 -9999 -9999 -9999 -9999 -9999 -9999 -9999 -9999 -9999 -9999 -9999 -9999 -9999 -9999 -9999 -9999 -9999 -9999 -9999 -9999 -9999 -9999 -9999 -9999 -9999 -9999 -9999 -9999 -9999 -9999 -9999 -9999 -9999 -9999
-9999 -9999 -9999 -9999 -9999 -125.22 -122.75 -127.03 -131.63 -130.9 -131.96 -132.18 -131.12 -131.51 -130.84 -129.32 -131.74 -131.87 -130.83 -128.97 -126.12 -123.49 -120.95 -116.99 -114.04 -112.12 -109.99 -107.35 -104.17 -100.33 -96.18 -93.6 -91.99 -89.78 -87.5 -85.37 -83 -82.4 -9999 -9999 -9999 -9999 -9999 -9999 -9999 -9999 -9999 -9999 -9999 -9999 -9999 -9999 -9999 -9999 -9999 -9999 -9999 -9999 -9999 -9999 -9999 -9999 -9999 -9999 -9999 -9999 -9999 -9999 -9999 -9999 -9999 -9999
-9999 -9999 -9999 -9999 -9999 -125.38 -126.7 -125.45 -129.61 -127.87 -128.21 -128.66 -128.58 -126.22 -125.69 -127.51 -129.39 -129.05 -128.94 -128.22 -125.37 -122.27 -119.11 -114.9 -111.55 -108.98 -106.89 -103.68 -99.79 -96.2 -93.19 -91.03 -88.68 -86.33 -84.4 -82.8 -81.46 -81.21 -9999 -9999 -9999 -9999 -9999 -9999 -9999 -9999 -9999 -9999 -9999 -9999 -9999 -9999 -9999 -9999 -9999 -9999 -9999 -9999 -9999 -9999 -9999 -9999 -9999 -9999 -9999 -9999 -9999 -9999 -9999 -9999 -9999 -9999
-9999 -9999 -9999 -9999 -117.61 -122.29 -121.9 -125.07 -127.47 -126.31 -127.14 -127.34 -125.24 -122.35 -121.71 -126.54 -127.42 -125.15 -126.75 -126.03 -123.57 -120.65 -116.47 -112.23 -108.58 -106.01 -103.89 -100.99 -97.27 -93.61 -90.49 -88.1 -85.39 -82.88 -81.08 -81.15 -79.86 -81.21 -9999 -9999 -9999 -9999 -9999 -9999 -9999 -9999 -9999 -9999 -9999 -9999 -9999 -9999 -9999 -9999 -9999 -9999 -9999 -9999 -9999 -9999 -9999 -9999 -9999 -9999 -9999 -9999 -9999 -9999 -9999 -9999 -9999 -9999
-9999 -9999 -9999 -9999 -117.83 -117.32 -119.23 -122.81 -125.59 -124.46 -125.1 -125.6 -124.3 -117.84 -118.41 -122.95 -123.61 -121.43 -122.9 -122.96 -120.47 -117.7 -114.55 -109.75 -105.9 -103.94 -101.71 -98.54 -94.44 -90.76 -88.12 -84.62 -80.96 -79.25 -78.63 -81.15 -9999 -9999 -9999 -9999 -9999 -9999 -9999 -9999 -9999 -9999 -9999 -9999 -9999 -9999 -9999 -9999 -9999 -9999 -9999 -9999 -9999 -9999 -9999 -9999 -9999 -9999 -9999 -9999 -9999 -9999 -9999 -9999 -9999 -9999 -9999 -9999
-9999 -9999 -9999 -116.8 -116.63 -117.73 -121.39 -123.11 -123.66 -123.93 -124.05 -123.55 -118.38 -112.45 -111.69 -116.57 -119.4 -117.84 -119.45 -118.82 -117.46 -114.81 -110.78 -107.11 -104.2 -101.62 -99.65 -96.6 -92.45 -89.19 -85.31 -80.78 -76.7 -75.43 -78.63 -9999 -9999 -9999 -9999 -9999 -9999 -9999 -9999 -9999 -9999 -9999 -9999 -9999 -9999 -9999 -9999 -9999 -9999 -9999 -9999 -9999 -9999 -9999 -9999 -9999 -9999 -9999 -9999 -9999 -9999 -9999 -9999 -9999 -9999 -9999 -9999 -9999
-9999 -9999 -9999 -118.4 -116.42 -117.24 -120.15 -122.58 -122.74 -123.11 -122.24 -120.18 -111.76 -107.86 -107.96 -109.11 -112.96 -114.38 -115.48 -116.15 -114.45 -111.86 -108.4 -105.6 -103.15 -100.22 -98.27 -94.78 -91.1 -87.83 -84.09 -80.2 -76.19 -74.05 -73.31 -72.27 -9999 -9999 -9999 -9999 -9999 -9999 -9999 -9999 -9999 -9999 -9999 -9999 -9999 -9999 -9999 -9999 -9999 -9999 -9999 -9999 -9999 -9999 -9999 -9999 -9999 -9999 -9999 -9999 -9999 -9999 -9999 -9999 -9999 -9999 -9999 -9999
-9999 -9999 -9999 -115.36 -114.88 -118.89 -120.14 -121.13 -121.54 -121.15 -118.11 -114.85 -106.4 -103.21 -101.21 -104.81 -106.86 -110.56 -113.72 -113.54 -112.07 -110.29 -107.45 -104.8 -101.85 -100.09 -97.77 -94.83 -90.91 -87.45 -83.38 -79.94 -77.25 -74.82 -73.61 -72.16 -70.69 -9999 -9999 -9999 -9999 -9999 -9999 -9999 -9999 -9999 -9999 -9999 -9999 -9999 -9999 -9999 -9999 -9999 -9999 -9999 -9999 -9999 -9999 -9999 -9999 -9999 -9999 -9999 -9999 -9999 -9999 -9999 -9999 -9999 -9999 -9999
