Appendix_Data/App2-Dispersal_Model/NE_Environmental_grids/precip_warm_quarter.asc
NCOLS 82
NROWS 79
XLLCORNER -73.79167
YLLCORNER 40.875
CELLSIZE 0.08333333
NODATA_VALUE -9999
[rows 33 to 65 of 79, columns 0 to 73 of 82]
-9999 -9999 -9999 -9999 254.48 262.55 271.65 285.44 301.38 313.01 318.79 325.17 346.44 347.33 338.17 352.37 332.13 348.63 339.32 351.18 351.74 355.18 349 375.44 347.9 326.72 351.34 352.12 369.59 337.05 319.58 306.26 304.51 306.2 320 313.61 305.74 301.58 312.13 290.8 303.26 304.13 286.93 285.44 283.59 274.75 272.22 271.4 273.28 268.27 269.51 268.08 265.83 265.21 267.08 266.96 263.96 257.23 252.66 250.9 251.58 252.51 253.38 249.2 246.14 247.89 251.28 249.98 248.21 248.87 250.19 249.51 250.39 249.37
-9999 -9999 -9999 -9999 252.82 261.03 270.72 285.44 305.12 309.11 316.54 336.7 331.22 317.08 332.99 331.99 329.56 349.75 345.82 343.43 337.35 329.37 347.45 365.59 346.31 332.79 318.54 326.9 330.1 314.48 306.77 317.19 329.94 320.96 329.17 304.27 287.03 298.07 296.73 285.33 298.47 293.03 285.3 279.16 277.65 280.01 273.24 270.07 269.88 266.44 264.83 263.99 263.41 264.6 270.5 266.59 260.29 255.22 251.85 250.74 248.93 254.3 249.82 247 245.22 245.69 247.59 250.51 248.65 247.12 247.46 247.34 248.48 248.89
-9999 -9999 -9999 -9999 254.45 260.8 270.32 286.5 299.89 317.5 333.83 382.17 349.36 316.29 324.27 321.37 324.92 331.41 358.02 344.11 319.99 322.65 352.59 331.62 347.55 327.17 315.79 363.87 363.63 316.84 308.41 307.89 324.6 351.29 312.31 313.29 294.86 296.58 288.26 285.27 289.5 286.35 281.22 277.65 277.59 279.72 268.09 268.55 267.58 262.98 263.63 263.26 266.04 266.37 267.46 263.73 258.2 256.28 252.05 247.84 247.46 248.9 247.75 245.28 244.62 242.65 244.33 247.15 246.92 245.87 245.2 245.66 247.39 247.35
-9999 -9999 -9999 -9999 -9999 261.74 272.92 286.41 296.78 316.38 351.38 353.47 318.23 346.61 335.29 330.91 324.98 332.67 352.38 327.92 308.16 317.28 321.22 328.02 322.18 314.67 317.9 353.51 373.95 342.35 319.78 326.75 337.94 335.13 311.86 290.05 292.25 294.55 299.28 291.38 285.37 277.45 277.85 274.79 272.76 270.51 266.12 265.8 262.05 262.51 262.59 265.03 268.47 267.88 264.12 256.99 253.45 252.59 248.85 246.22 245.74 248.01 246.11 242.48 242.27 241.89 242.14 243.82 243.67 244.09 244.29 244.5 245 247.14
-9999 -9999 -9999 -9999 259.16 263.97 276.19 292.88 312.15 315.9 334.53 326.53 316.59 343.57 314.92 309.85 315.46 327.98 337.26 318.16 301.57 310.96 317.06 315.48 324.52 318.26 323.73 331.87 348.69 358.34 316.59 336 309.32 308.65 295.78 288.28 293.97 293.75 294.93 283.52 279.15 278.61 272.84 268.53 268.2 265.28 264.37 261.2 258.71 260.14 260.7 262.32 264.31 260.6 256.37 256.3 255.45 251.02 246.25 244.7 244.27 245.22 243.11 241.79 241.58 244.98 246.85 241.9 243.13 242.7 243 -9999 -9999 -9999
-9999 -9999 -9999 -9999 -9999 265.05 278.96 289.5 315.5 329.94 368.82 327.26 309.41 304.17 299.84 295.63 310.23 322.12 323.01 306.83 297.01 314.74 305.29 308.13 320.31 326.22 339.27 361.81 379.36 441.7 378.43 366.66 328.26 321.21 301.59 292.92 297.91 286.78 282.05 287.99 275.92 271.99 267.37 265.32 263.84 260.1 259.19 256.72 257.12 257.98 256.75 258.4 258.6 256.76 258.09 256.01 253.49 249 245 244.95 244.05 244.44 241.86 240.8 242.77 242.94 244.16 -9999 -9999 -9999 -9999 -9999 -9999 -9999
-9999 -9999 -9999 -9999 265.02 265.72 277.68 294.44 318.75 352.61 335.18 314.94 321.18 298.28 290.27 300.91 335.82 333.76 304.54 301.18 294.56 296.45 303.82 317.23 328.17 369.96 403.81 383.19 384.35 395.55 352.9 360.5 318.66 290.76 286.8 292.75 286.52 281.13 275.8 280.9 274.26 269.17 265.43 263.53 261 257.33 255.23 253.85 254.13 253.69 254.07 253 253.24 252.91 254.8 254.74 252.31 243.75 243.56 242 242.36 241.31 240.29 239.14 239.52 239.21 238.67 -9999 -9999 -9999 -9999 -9999 -9999 -9999
-9999 -9999 -9999 276.3 262.52 266.94 277.12 286.27 321.69 354.32 332.99 336.83 308.84 310.33 295.12 308.09 325.02 312.05 306.08 293.89 281.63 293.89 318.16 333.12 372.43 395.7 374.02 380.92 359.62 346.74 317.58 326.98 316.38 285.22 285.16 287.8 280.55 278.91 275.91 270.18 267.86 264.39 259.42 258.75 259.9 257.79 253.17 251.19 251.22 251.64 250.85 249.77 250.5 248.69 248.88 248.57 243.85 242.6 243 241.6 241.71 240.62 240 239.86 239.71 238 238 -9999 -9999 -9999 -9999 -9999 -9999 -9999
-9999 -9999 -9999 268.77 263.19 272.49 274.77 284.34 334.13 353.65 350.78 340.41 319.93 307.48 303.99 305.99 320.77 296.14 286.21 284.35 280.77 302.59 359.04 368.44 319.56 345.82 370.37 373.63 343.31 335.05 334.8 301.71 303.35 286.61 285.5 289.04 278.65 274.19 273.02 268.7 265.27 259.74 256.87 254.25 254.27 253.5 249.57 248.21 250.67 247.35 247.55 247.92 246.08 246.8 245.28 244.27 243.75 -9999 241.81 241.97 241.71 242.06 -9999 -9999 -9999 -9999 -9999 -9999 -9999 -9999 -9999 -9999 -9999 -9999
-9999 -9999 -9999 -9999 265.63 269.35 276.5 284.37 326.4 354.89 332.66 334.3 302.47 294.5 292.14 290.49 318.36 296.47 289.29 273.49 294.71 311.25 311.5 349.52 314.36 323.35 360.21 375.23 355.84 345.18 316.41 300.32 295.79 290.71 283.28 283.82 281.6 272.56 268.62 267.69 264.44 257.38 253.62 251.56 250.76 247.99 245.38 246.25 246.13 246.28 246.25 245.95 244.29 243.71 242.91 242 -9999 -9999 -9999 -9999 -9999 -9999 -9999 -9999 -9999 -9999 -9999 -9999 -9999 -9999 -9999 -9999 -9999 -9999
-9999 -9999 -9999 -9999 267.1 273.37 277.58 284.33 316.1 356.7 337.76 322.99 313.92 285.71 281.43 292.18 297.53 285.56 274.87 274.96 311.64 303.15 312.37 324.44 307.01 305.61 337.51 337.67 314.18 310.6 300.36 303.6 307.29 298.07 290.13 283.51 282.49 269.04 262.97 261.88 258.97 254.88 249.96 249 247.37 244.9 244.42 244.07 244.21 244.4 243.69 244.63 -9999 242 242.91 240 243.75 -9999 239 241.97 241.71 -9999 -9999 -9999 -9999 -9999 -9999 -9999 -9999 -9999 -9999 -9999 -9999 -9999
-9999 -9999 -9999 -9999 270.72 280.95 284.89 287.85 305.18 356.73 348.35 316.22 307.62 292.6 284.36 277.82 293.83 272.85 264.05 283.18 314.98 304.35 295.86 294.2 288.38 300.15 307.29 300.48 303.71 329.08 303.51 288.36 294.33 285.61 281.49 278.94 271.6 266.46 261.91 257.83 255.16 250.78 246.57 244.27 242.63 243.35 243.56 243.06 242.33 242.09 242 -9999 -9999 242 -9999 -9999 -9999 -9999 239 -9999 -9999 -9999 -9999 -9999 -9999 -9999 -9999 -9999 -9999 -9999 -9999 -9999 -9999 -9999
-9999 -9999 -9999 -9999 276.55 279.87 290.86 312.54 291.82 321.59 349.37 333.85 331.23 316.14 299.4 283.62 275.26 260.31 278.75 286.16 290.08 308.36 307.46 294.89 297.33 288.83 286.6 290.05 288.32 307.94 303.1 292.93 288.05 287.52 283 276.9 270.07 262.5 260.21 253.45 248.96 245.27 243.88 242.22 241.2 241 241.64 241.21 -9999 -9999 -9999 -9999 -9999 -9999 -9999 -9999 -9999 -9999 -9999 -9999 -9999 -9999 -9999 -9999 -9999 -9999 -9999 -9999 -9999 -9999 -9999 -9999 -9999 -9999
-9999 -9999 -9999 291.82 275.03 281.52 287.1 305.47 298.91 302.43 350.14 356.26 328.19 311.82 283.67 280.71 263.78 262.02 278.53 277.53 285.93 300.43 314.1 284.85 288.09 286.82 283.9 281.83 280.7 283.14 292.41 291.66 289.09 283.14 277.82 272.38 267.62 260.51 255.77 251.22 245.62 242.02 241.28 242.22 -9999 -9999 -9999 -9999 -9999 -9999 -9999 -9999 -9999 -9999 -9999 -9999 -9999 -9999 -9999 -9999 -9999 -9999 -9999 -9999 -9999 -9999 -9999 -9999 -9999 -9999 -9999 -9999 -9999 -9999
-9999 -9999 -9999 289.43 274.39 287.61 291.02 326.4 312.68 301.05 335.03 351.94 326.44 322.36 305.27 285.41 263.24 273.98 300.45 290.94 295.05 293.06 287.25 288.65 280.24 287.77 283.6 280.74 297.63 287.35 283.42 293.01 284.48 281.26 276.51 274.79 264 259.22 252.32 249.35 244.32 241.39 240.63 -9999 -9999 -9999 -9999 -9999 -9999 -9999 -9999 -9999 -9999 -9999 -9999 -9999 -9999 -9999 -9999 -9999 -9999 -9999 -9999 -9999 -9999 -9999 -9999 -9999 -9999 -9999 -9999 -9999 -9999 -9999
-9999 -9999 -9999 -9999 -9999 286.93 296.49 319.77 324.74 317.1 328.42 333.72 321.78 318.52 295.36 291.27 267.58 291.26 293.77 285.88 297.16 292.07 283.66 284.66 279.07 274.44 276.27 282.07 291.86 287.59 281.32 283.67 279.25 273.85 271.2 266.4 259.56 254.9 249.85 247.55 243.81 241.39 -9999 -9999 -9999 -9999 -9999 -9999 -9999 -9999 -9999 -9999 -9999 -9999 -9999 -9999 -9999 -9999 -9999 -9999 -9999 -9999 -9999 -9999 -9999 -9999 -9999 -9999 -9999 -9999 -9999 -9999 -9999 -9999
-9999 -9999 -9999 -9999 -9999 293 299.55 323.26 327.21 335.87 357.39 349.76 326.94 303.61 288.58 284.22 267.29 284.5 279.48 283.72 288.69 285.23 295.42 279.88 277.08 270.31 282.55 276.95 284.66 278.09 282.88 280.27 269.13 265.17 261.43 261.8 254.83 251.22 246.51 244.42 242.86 -9999 -9999 -9999 -9999 -9999 -9999 -9999 -9999 -9999 -9999 -9999 -9999 -9999 -9999 -9999 -9999 -9999 -9999 -9999 -9999 -9999 -9999 -9999 -9999 -9999 -9999 -9999 -9999 -9999 -9999 -9999 -9999 -9999
-9999 -9999 -9999 -9999 -9999 297.96 314.86 326.88 347.72 355.51 343.12 334.88 327.8 301.83 289.78 279.86 276.19 294.82 296.74 298.92 301.94 278 278.63 272.84 270.43 265.76 265.85 267.28 270.73 277.3 276.96 273.02 264.08 257.53 254.97 252.14 250.02 247.64 243.5 -9999 -9999 -9999 -9999 -9999 -9999 -9999 -9999 -9999 -9999 -9999 -9999 -9999 -9999 -9999 -9999 -9999 -9999 -9999 -9999 -9999 -9999 -9999 -9999 -9999 -9999 -9999 -9999 -9999 -9999 -9999 -9999 -9999 -9999 -9999
-9999 -9999 -9999 -9999 -9999 296.03 329.56 345.81 316.97 352.12 331.93 324.51 337.42 311.1 292.56 279.72 288.84 298.16 296.93 309.45 297.17 287.52 279.7 271.34 266.78 266.75 260.05 266.11 267.05 275.21 273.24 266.87 259.35 252.73 248.29 246.42 247.83 245.22 242 -9999 -9999 -9999 -9999 -9999 -9999 -9999 -9999 -9999 -9999 -9999 -9999 -9999 -9999 -9999 -9999 -9999 -9999 -9999 -9999 -9999 -9999 -9999 -9999 -9999 -9999 -9999 -9999 -9999 -9999 -9999 -9999 -9999 -9999 -9999
-9999 -9999 -9999 -9999 -9999 298.93 318.68 328.4 346.36 361.74 340.6 320.86 328.19 316.18 297.31 281.73 286.18 300.69 298.77 307.37 294.18 281.99 276.98 278.76 269.54 267.69 268.16 261.15 268.06 269.07 266.42 261.35 255.67 249.43 243.55 241.03 241.05 241.42 -9999 -9999 -9999 -9999 -9999 -9999 -9999 -9999 -9999 -9999 -9999 -9999 -9999 -9999 -9999 -9999 -9999 -9999 -9999 -9999 -9999 -9999 -9999 -9999 -9999 -9999 -9999 -9999 -9999 -9999 -9999 -9999 -9999 -9999 -9999 -9999
-9999 -9999 -9999 -9999 -9999 314.26 329.49 325.83 366.39 360.59 344.75 328.81 313.9 305.56 301.86 282.53 298.26 293.5 301.85 305.19 298.39 282.85 283.65 280.95 271.88 267.39 266.23 263.09 265.75 266.07 261.69 258.82 254.77 249.31 244.01 241.03 240.28 241.42 -9999 -9999 -9999 -9999 -9999 -9999 -9999 -9999 -9999 -9999 -9999 -9999 -9999 -9999 -9999 -9999 -9999 -9999 -9999 -9999 -9999 -9999 -9999 -9999 -9999 -9999 -9999 -9999 -9999 -9999 -9999 -9999 -9999 -9999 -9999 -9999
-9999 -9999 -9999 -9999 -9999 300.82 311.65 354.55 363.75 356.19 353.13 340.02 317.74 304.64 293.45 290.15 295.44 286.43 298.33 305.19 298.69 281.97 285.21 281.42 274.04 273.44 265.57 260.73 263.1 266.31 261.49 258.46 254.76 250.85 247.34 244.27 -9999 -9999 -9999 -9999 -9999 -9999 -9999 -9999 -9999 -9999 -9999 -9999 -9999 -9999 -9999 -9999 -9999 -9999 -9999 -9999 -9999 -9999 -9999 -9999 -9999 -9999 -9999 -9999 -9999 -9999 -9999 -9999 -9999 -9999 -9999 -9999 -9999 -9999
-9999 -9999 -9999 -9999 -9999 305.23 310.9 341.71 355.97 353.77 339.97 340.85 328.69 305.21 293.74 301.25 297.46 286.92 296.06 311.1 298.88 287.4 296.15 281.59 273.48 266.22 262.18 260.43 263.55 263.88 260.72 258.75 256.14 253.62 249.57 246.38 -9999 -9999 -9999 -9999 -9999 -9999 -9999 -9999 -9999 -9999 -9999 -9999 -9999 -9999 -9999 -9999 -9999 -9999 -9999 -9999 -9999 -9999 -9999 -9999 -9999 -9999 -9999 -9999 -9999 -9999 -9999 -9999 -9999 -9999 -9999 -9999 -9999 -9999
-9999 -9999 -9999 -9999 -9999 312.84 318.02 349.78 346.52 343.26 337.81 330.84 326.99 310.76 295.46 298.24 295.7 298.1 304.57 300.67 295.08 295.92 296.99 282.52 272.72 267.68 262.44 259.57 261.3 259.72 257.28 256.53 255.81 254.08 251.71 249.12 -9999 -9999 -9999 -9999 -9999 -9999 -9999 -9999 -9999 -9999 -9999 -9999 -9999 -9999 -9999 -9999 -9999 -9999 -9999 -9999 -9999 -9999 -9999 -9999 -9999 -9999 -9999 -9999 -9999 -9999 -9999 -9999 -9999 -9999 -9999 -9999 -9999 -9999
-9999 -9999 -9999 -9999 -9999 326.76 309.73 323.11 340.25 331.98 333.04 328.54 315.45 312.13 304.44 293.64 303.75 304.35 299.12 295.29 295.1 296.94 295.84 282.15 271.91 266.69 261.84 259.17 258.37 256.69 255.37 256.2 257.4 255.61 253.16 250.12 248.75 248.33 -9999 -9999 -9999 -9999 -9999 -9999 -9999 -9999 -9999 -9999 -9999 -9999 -9999 -9999 -9999 -9999 -9999 -9999 -9999 -9999 -9999 -9999 -9999 -9999 -9999 -9999 -9999 -9999 -9999 -9999 -9999 -9999 -9999 -9999 -9999 -9999
-9999 -9999 -9999 -9999 -9999 330.25 332.31 321.74 338.2 324.22 318.95 317.46 313.04 300.72 295.74 301.04 305.8 299.97 295.62 293.83 293.72 294.7 293.16 282.27 272.67 266.38 262.9 259.33 255.69 254.54 256.57 258.3 257.3 255.37 253.89 252.3 250.69 249.02 -9999 -9999 -9999 -9999 -9999 -9999 -9999 -9999 -9999 -9999 -9999 -9999 -9999 -9999 -9999 -9999 -9999 -9999 -9999 -9999 -9999 -9999 -9999 -9999 -9999 -9999 -9999 -9999 -9999 -9999 -9999 -9999 -9999 -9999 -9999 -9999
-9999 -9999 -9999 -9999 307.3 322.42 317.85 326.83 334.71 326.24 325.54 318.91 307.97 298.21 295.31 311.09 312.84 298.69 300.7 298.53 295.41 294.95 289.97 281.57 272.94 267.27 263.36 259.34 256.06 254.88 256.67 259.2 257.79 255.55 253.73 252.85 250.86 249.02 -9999 -9999 -9999 -9999 -9999 -9999 -9999 -9999 -9999 -9999 -9999 -9999 -9999 -9999 -9999 -9999 -9999 -9999 -9999 -9999 -9999 -9999 -9999 -9999 -9999 -9999 -9999 -9999 -9999 -9999 -9999 -9999 -9999 -9999 -9999 -9999
-9999 -9999 -9999 -9999 309.4 306.8 309.41 320.96 330.96 322.84 317.68 320.02 313.16 295.23 297.25 311.55 313.09 300.75 301.29 300.62 293.77 294.31 294.11 283.97 275.12 271.24 264.74 258.26 255.27 254.29 257.68 258.03 255.67 254.09 253.5 252.85 -9999 -9999 -9999 -9999 -9999 -9999 -9999 -9999 -9999 -9999 -9999 -9999 -9999 -9999 -9999 -9999 -9999 -9999 -9999 -9999 -9999 -9999 -9999 -9999 -9999 -9999 -9999 -9999 -9999 -9999 -9999 -9999 -9999 -9999 -9999 -9999 -9999 -9999
-9999 -9999 -9999 306.5 306.7 309.23 320.88 325.13 325.72 320.1 316.12 316.55 303.04 291 290.09 303.36 310.92 301.75 303.35 297.95 296.1 296.74 290.98 284.03 279.76 272.78 267.14 261.54 258.12 257.74 256.45 253.55 251.71 252.05 253.5 -9999 -9999 -9999 -9999 -9999 -9999 -9999 -9999 -9999 -9999 -9999 -9999 -9999 -9999 -9999 -9999 -9999 -9999 -9999 -9999 -9999 -9999 -9999 -9999 -9999 -9999 -9999 -9999 -9999 -9999 -9999 -9999 -9999 -9999 -9999 -9999 -9999 -9999 -9999
-9999 -9999 -9999 313.93 306.6 307.78 317.8 326.15 321.65 319.76 314.2 312.47 295.79 289.34 290.56 292.88 302.1 301.76 300.76 299.92 297.06 298.32 294.74 285.81 281.88 274.77 272 267.14 263.55 261.52 259.66 257.57 254.21 254.32 256.34 257.64 -9999 -9999 -9999 -9999 -9999 -9999 -9999 -9999 -9999 -9999 -9999 -9999 -9999 -9999 -9999 -9999 -9999 -9999 -9999 -9999 -9999 -9999 -9999 -9999 -9999 -9999 -9999 -9999 -9999 -9999 -9999 -9999 -9999 -9999 -9999 -9999 -9999 -9999
-9999 -9999 -9999 307.43 305.17 318.57 320.91 323.43 325.04 322.18 312.28 307.8 293.79 289.23 284.11 291.12 293.64 298.67 302.44 298.05 294.9 297.96 292.37 286.82 282.11 281.36 278.47 273.52 268.78 267.54 263.88 261.13 259.93 257.72 259.42 260.58 258.52 -9999 -9999 -9999 -9999 -9999 -9999 -9999 -9999 -9999 -9999 -9999 -9999 -9999 -9999 -9999 -9999 -9999 -9999 -9999 -9999 -9999 -9999 -9999 -9999 -9999 -9999 -9999 -9999 -9999 -9999 -9999 -9999 -9999 -9999 -9999 -9999 -9999
-9999 -9999 305.1 322.26 307.12 314.39 324.19 323.85 324.2 322.35 315.82 296.89 292.11 285.83 283.95 286.7 298.13 298.05 302.82 297.82 296.09 296.72 292.39 292.52 286.25 281.2 280.44 277.16 274.22 271.21 269.63 267 264.59 261.63 261.72 262.67 261.45 259.3 -9999 -9999 -9999 -9999 -9999 -9999 -9999 -9999 -9999 -9999 -9999 -9999 -9999 -9999 -9999 -9999 -9999 -9999 -9999 -9999 -9999 -9999 -9999 -9999 -9999 -9999 -9999 -9999 -9999 -9999 -9999 -9999 -9999 -9999 -9999 -9999
-9999 -9999 308.67 327.86 310.44 313.13 325.37 325.67 321.03 320.36 313.47 297.74 291.58 285.5 286.24 289.5 302.27 304.12 307.73 301.17 296.91 294.59 292.72 294.41 288.86 283.35 280.65 279.82 278.32 274.34 272.64 269.42 267.29 266.52 266.49 266.68 264.45 259.95 -9999 -9999 -9999 -9999 234.24 233.22 234.62 -9999 -9999 -9999 -9999 -9999 -9999 -9999 -9999 -9999 -9999 -9999 -9999 -9999 -9999 -9999 -9999 -9999 -9999 -9999 -9999 -9999 -9999 -9999 -9999 -9999 -9999 -9999 -9999 -9999
