Appendix_Data/App5_Expert_Maps/prpunc_minxent.asc
NCOLS 472 
NROWS 227 
XLLCORNER 17.83333 
YLLCORNER -34.83333 
CELLSIZE 0.01666667 
NODATA_value -9999 
[rows 54 to 80 of 227, columns 0 to 61 of 472]
-9999 -9999 -9999 -9999 -9999 -9999 -9999 -9999 -9999 -9999 -9999 -9999 -9999 -9999 -9999 -9999 -9999 -9999 -9999 -9999 -9999 -9999 -9999 -9999 -9999 -9999 1.71420949860177e-06 3.55092388750718e-06 2.44417391499338e-06 1.19354070422664e-06 2.10542204210216e-06 3.65532153955746e-06 3.07108842154073e-06 3.19119790276828e-06 2.67891246309153e-06 9.305036814111e-08 8.37261041441144e-08 8.36705793869377e-08 8.37653627983442e-08 8.39104953887171e-08 8.37122184464768e-08 8.37772558082039e-08 8.03390939563365e-08 7.64262565637446e-06 1.39281106894929e-06 8.3828019754762e-08 8.37720982633671e-08 1.39592016681721e-06 5.73787841812744e-06 4.20688626364339e-06 6.84403747305658e-06 5.98822550023913e-06 1.27591773169509e-06 5.34496857350803e-07 6.28568325596059e-06 5.68446154591888e-06 5.64567853994994e-06 5.61399346981236e-06 5.64163329359402e-06 5.60237420656323e-06 5.60629999985272e-06 5.68684137416022e-06
-9999 -9999 -9999 -9999 -9999 -9999 -9999 -9999 -9999 -9999 -9999 -9999 -9999 -9999 -9999 -9999 -9999 -9999 -9999 -9999 -9999 -9999 -9999 -9999 -9999 -9999 1.89326733690872e-06 1.10623046708842e-06 1.2957019294221e-06 1.03673763582377e-06 1.06649140378708e-06 1.03817713183445e-06 1.03939856829209e-06 1.15691852921059e-06 2.58769215776555e-06 9.3120563047674e-08 8.3831184611821e-08 8.39025697210395e-08 8.39783098899717e-08 8.41920594667223e-08 8.47353418951353e-08 1.17163080455843e-07 1.70480715009728e-07 7.40996512997783e-06 6.62109231846261e-07 8.42261605761154e-08 8.3808192060538e-08 9.3223272126758e-08 4.23837296667186e-07 1.30257827115921e-06 5.74620608576828e-06 6.05179357482243e-06 6.55930868225935e-06 7.11092101445146e-06 5.87469084274284e-06 5.74097150235964e-06 5.73672832169558e-06 5.66169910048247e-06 5.65075442967129e-06 5.61966431659405e-06 5.6066572049161e-06 5.58968448225985e-06
-9999 -9999 -9999 -9999 -9999 -9999 -9999 -9999 -9999 -9999 -9999 -9999 -9999 -9999 -9999 -9999 -9999 -9999 -9999 -9999 -9999 -9999 -9999 -9999 -9999 -9999 2.46439841556911e-06 2.32271597022486e-06 3.6355255119374e-06 1.09960796311748e-06 1.03786782341123e-06 1.03709851969536e-06 1.80447403512931e-06 3.72731689813712e-07 8.40290738365298e-08 8.38946350366752e-08 8.39247778205729e-08 8.40405701121713e-08 8.40921275271658e-08 8.44097673689684e-08 2.46626205652581e-06 3.55019418507964e-06 3.85354113566979e-07 2.3821601368768e-07 2.23502515677113e-06 3.41243392635017e-06 3.39713845170155e-06 3.39505263958265e-06 3.39646847580722e-06 6.81976772612493e-06 6.26760025456129e-06 5.98406137788473e-06 6.01959318300213e-06 6.10949286831591e-06 5.7231660706461e-06 5.56137006604023e-06 5.64270433171622e-06 5.78011171339196e-06 5.64540097026418e-06 5.69259127925157e-06 5.62267776544863e-06 5.61799889847947e-06
-9999 -9999 -9999 -9999 -9999 -9999 -9999 -9999 -9999 -9999 -9999 -9999 -9999 -9999 -9999 -9999 -9999 -9999 -9999 -9999 -9999 -9999 -9999 -9999 -9999 -9999 -9999 1.42134347258845e-06 1.04066357338025e-06 1.04129012491105e-06 1.03333913837704e-06 1.03117787462319e-06 2.16777683131266e-06 4.03073526088656e-07 8.42067296161096e-08 8.38434833725857e-08 8.39921865709225e-08 8.40742744873461e-08 8.42666094329999e-08 2.19395357143104e-07 4.44727978915449e-06 6.03121186918331e-06 1.4203520518105e-07 8.43391757281863e-08 4.47722009433386e-06 5.79712367666906e-06 5.69703239422378e-06 5.63576451250419e-06 5.63136263815285e-06 5.63322656764352e-06 6.04671768510108e-06 6.36336929803284e-06 5.85391120279558e-06 5.76583562928367e-06 5.77543226935485e-06 5.60150167981713e-06 5.74120925435659e-06 5.83436071758985e-06 5.76940479457773e-06 5.62612805474421e-06 5.64496470689113e-06 5.60590355416848e-06
-9999 -9999 -9999 -9999 -9999 -9999 -9999 -9999 -9999 -9999 -9999 -9999 -9999 -9999 -9999 -9999 -9999 -9999 -9999 -9999 -9999 -9999 -9999 -9999 -9999 -9999 -9999 2.12684006347327e-06 1.04144081178048e-06 1.0414368444383e-06 1.03306553603346e-06 1.03095584772797e-06 1.03266894608223e-06 1.80705165341181e-06 1.54541070224342e-07 1.39598355412526e-07 2.38908397851986e-06 2.59430275970995e-06 8.42666094329999e-08 1.47748818108122e-07 8.57989051839915e-08 6.16588308315626e-07 2.07215075642665e-07 1.27322902783149e-07 3.14763230186549e-07 6.9806912039847e-06 5.66090620911399e-06 5.6545613469623e-06 5.63532824913115e-06 5.6278332905476e-06 5.91010319479382e-06 5.90542375075671e-06 5.88139233288996e-06 5.90348076295637e-06 5.71880343691561e-06 6.30729560496513e-06 6.89206049110126e-06 5.57616204889919e-06 5.83868295656358e-06 5.78859807472008e-06 5.63021254172098e-06 5.61875197215914e-06
-9999 -9999 -9999 -9999 -9999 -9999 -9999 -9999 -9999 -9999 -9999 -9999 -9999 -9999 -9999 -9999 -9999 -9999 -9999 -9999 -9999 -9999 -9999 -9999 -9999 -9999 -9999 2.04513719564182e-06 1.3274266729815e-06 1.04387567787791e-06 1.05283393652523e-06 1.05858405801707e-06 1.03551230415744e-06 1.03580574321193e-06 2.0636010618906e-06 2.11893278983676e-06 1.99864081086883e-06 1.93660326476591e-06 5.8640628379713e-07 1.03950956370633e-07 8.38553763824454e-08 8.47809482968566e-08 1.14091744472151e-07 1.30709902150903e-06 8.40742744873461e-08 2.64285725734006e-06 5.74342981184269e-06 5.72491054707035e-06 5.71951726997442e-06 5.73438831114304e-06 5.79188909326043e-06 6.16794523548905e-06 5.94904547151799e-06 5.84673305451865e-06 7.00067795256348e-06 7.00182747192739e-06 6.99155681648621e-06 6.51973220785398e-06 5.74747505819861e-06 7.35420940135265e-06 5.67530116922075e-06 5.64413199783384e-06
-9999 -9999 -9999 -9999 -9999 -9999 -9999 -9999 -9999 -9999 -9999 -9999 -9999 -9999 -9999 -9999 -9999 -9999 -9999 -9999 -9999 -9999 -9999 -9999 -9999 -9999 -9999 -9999 1.91127907041573e-06 2.16293479837958e-06 1.04897544378585e-06 1.0761872274128e-06 1.03601990755627e-06 1.03210983936852e-06 1.03781632009635e-06 2.65846579135359e-06 2.64887723023377e-06 1.03861736254968e-06 1.28143377999818e-06 2.695008619526e-06 2.44881743655037e-07 5.0693605581206e-07 2.23911364715683e-07 8.42003818686181e-08 8.3851012306045e-08 2.10025486744387e-07 4.17270306633394e-06 6.32692572554848e-06 6.01074961661063e-06 5.90038767872417e-06 5.77436123123265e-06 5.6797030435721e-06 5.74537337671099e-06 5.8001377025916e-06 6.8931309521555e-06 7.09283801305217e-06 5.7837997546845e-06 5.63727123693149e-06 5.63564563650572e-06 6.97232371865505e-06 7.2386123029896e-06 5.79755994004211e-06
-9999 -9999 -9999 -9999 -9999 -9999 -9999 -9999 -9999 -9999 -9999 -9999 -9999 -9999 -9999 -9999 -9999 -9999 -9999 -9999 -9999 -9999 -9999 -9999 -9999 -9999 -9999 1.03497296202115e-06 1.53180870563863e-06 1.60895504490713e-06 1.33747544579445e-06 1.29915207445069e-06 1.48722371419552e-06 2.04957470393931e-06 1.18682298404333e-06 2.47756797187605e-06 9.33818936805502e-08 1.40671436715944e-06 2.49369586704798e-06 1.16378693626334e-06 1.94019998505476e-06 1.04154396267722e-06 2.00376834817204e-06 8.41056074738984e-08 7.99151762308232e-07 6.36412294878047e-06 6.84344251599624e-06 5.89876150123045e-06 5.96788154659696e-06 5.78094442244925e-06 5.77979432601739e-06 5.69409800367886e-06 5.64365591677198e-06 5.7015531445736e-06 6.86608608543418e-06 5.72455391907492e-06 5.78078572876196e-06 5.70555857324071e-06 5.58805830476613e-06 6.1196048300698e-06 6.68501774237629e-06 6.40703025941499e-06
-9999 -9999 -9999 -9999 -9999 -9999 -9999 -9999 -9999 -9999 -9999 -9999 -9999 -9999 -9999 -9999 -9999 -9999 -9999 -9999 -9999 -9999 -9999 -9999 -9999 -9999 -9999 1.0348936151775e-06 1.03185600160236e-06 1.04011232921741e-06 1.04626690321134e-06 1.22798574612011e-06 1.27763075791585e-06 2.10632616331872e-06 1.12210863610336e-06 2.92703869918313e-06 2.20298720957982e-07 1.03106687920895e-07 1.39616199435659e-07 1.46874008336931e-06 1.48017280940239e-06 1.04268994749991e-06 2.69317671730676e-06 8.41571558722061e-08 8.45802819326203e-08 6.15961756784822e-06 6.10984949631134e-06 5.91299834471788e-06 5.75219374285658e-06 5.70543969724223e-06 5.76785767539368e-06 5.88706317967165e-06 5.67732379239871e-06 5.68160679075159e-06 6.85966158790487e-06 6.43923065123529e-06 5.634019459012e-06 5.65087330566977e-06 5.59682223578002e-06 4.29555679421564e-06 2.17416136688617e-06 7.69505112583845e-06
-9999 -9999 -9999 -9999 -9999 -9999 -9999 -9999 -9999 -9999 -9999 -9999 -9999 -9999 -9999 -9999 -9999 -9999 -9999 -9999 -9999 -9999 -9999 -9999 -9999 -9999 -9999 2.00312592727251e-06 1.03673763582377e-06 1.04036219964139e-06 1.94372543745132e-06 1.26750271039275e-07 1.86147532886596e-07 5.78943063951038e-07 2.17600134805676e-06 2.6806453981567e-06 2.27161559304972e-06 1.88028013407518e-06 1.39031277947707e-07 9.29337823810752e-08 1.85586009700832e-07 7.18440297221353e-07 9.3728882837814e-08 8.44581418935304e-08 8.40100396107422e-08 8.43677315752111e-08 9.32236688609762e-07 5.863904288551e-06 5.81715024293665e-06 6.04402104655312e-06 5.75366122666301e-06 5.72514887613525e-06 5.64817666712181e-06 5.69516904180106e-06 5.62680207011421e-06 6.99528467546756e-06 5.68410491792345e-06 5.69683445991563e-06 5.61125701357559e-06 5.57901680406648e-06 1.72179967339769e-06 9.37284879069331e-07
-9999 -9999 -9999 -9999 -9999 -9999 -9999 -9999 -9999 -9999 -9999 -9999 -9999 -9999 -9999 -9999 -9999 -9999 -9999 -9999 -9999 -9999 -9999 -9999 -9999 -9999 -9999 2.08057767975554e-06 1.16117757924339e-06 1.1557526355435e-06 1.85901662264869e-06 8.38752040766694e-08 1.39625324322678e-07 1.85092685127179e-06 1.67914980720404e-07 2.03929593348003e-07 1.26757412255203e-07 2.59045227378843e-07 1.24213487527857e-06 2.52517088445039e-06 1.79543657390534e-06 1.27702007575378e-06 8.42808828481689e-08 8.41496269387468e-08 8.41928529351588e-08 8.44938389564831e-08 3.45471482972087e-06 5.70369464375004e-06 5.76690609033791e-06 6.11468763403573e-06 5.84157810648764e-06 5.81992593979428e-06 5.65241984778587e-06 5.66320640197771e-06 5.67569761490499e-06 6.98176166503894e-06 6.10382202153422e-06 5.85339530404492e-06 5.76952367057621e-06 5.62977627834794e-06 5.31316448310498e-06 1.83245129939694e-06
-9999 -9999 -9999 -9999 -9999 -9999 -9999 -9999 -9999 -9999 -9999 -9999 -9999 -9999 -9999 -9999 -9999 -9999 -9999 -9999 -9999 -9999 -9999 -9999 -9999 -9999 -9999 2.25779149741622e-06 1.55196972873945e-06 1.34270598972741e-06 1.5293301987772e-06 8.34754763184432e-08 1.14218239570954e-07 4.00793314202833e-07 2.6169898256449e-07 1.40595700153687e-07 3.08918361350055e-07 7.56327477325558e-07 8.37066731841086e-08 8.38236556783617e-08 3.71894147812311e-07 1.79586475832704e-06 1.14736149042775e-06 1.14466486991316e-07 3.71558654930689e-07 6.46104180014991e-07 1.11826996204151e-07 3.6363305938664e-07 8.91422908378019e-07 5.88670655167622e-06 6.25007239253352e-06 5.94162957124411e-06 5.79712367666906e-06 5.62394673787896e-06 5.63917498411097e-06 5.61518280686508e-06 7.03438506881107e-06 5.73648999263067e-06 5.83713641444748e-06 5.71305353182426e-06 5.60860019271644e-06 4.6110187815607e-06
-9999 -9999 -9999 -9999 -9999 -9999 -9999 -9999 -9999 -9999 -9999 -9999 -9999 -9999 -9999 -9999 -9999 -9999 -9999 -9999 -9999 -9999 -9999 -9999 -9999 -9999 -9999 -9999 1.38918260992298e-06 2.63672273645752e-06 7.69758878216514e-07 8.3412025893589e-08 1.03141979232943e-07 8.36456031645637e-08 8.35992032944059e-08 9.32918710797623e-08 1.03938269892336e-07 5.89376524688672e-07 2.03502905696312e-07 9.34136143846339e-08 8.40972760553158e-08 1.60236435180713e-06 1.14677856162757e-07 1.69037648391088e-07 2.60288837672612e-06 1.04393915535283e-06 1.03757835169892e-06 1.24861866654013e-06 5.37570177005587e-07 2.86050045584178e-06 5.95467650061087e-06 5.80497584031599e-06 5.72939205679932e-06 5.65642527645298e-06 5.81318463195835e-06 5.83253660578799e-06 6.99258803691959e-06 5.80287415882837e-06 5.76127506124504e-06 5.792880496005e-06 5.63068862278284e-06 5.60039140107408e-06
-9999 -9999 -9999 -9999 -9999 -9999 -9999 -9999 -9999 -9999 -9999 -9999 -9999 -9999 -9999 -9999 -9999 -9999 -9999 -9999 -9999 -9999 -9999 -9999 -9999 -9999 -9999 -9999 2.21629569499662e-06 2.62147486991508e-06 8.45215923183847e-08 1.54773051541757e-07 9.23464804878138e-08 8.32764059077665e-08 8.35079904909634e-08 2.10498981820478e-06 5.42090927355411e-07 1.52821588055847e-07 1.13968414230406e-07 8.36194277228482e-08 8.41091780818623e-08 8.39529279166926e-08 8.41329731182685e-08 8.39906086507364e-08 2.476370267338e-06 1.0471274557974e-06 1.04881682223206e-06 1.04655644705715e-06 1.04224978891817e-06 1.07486271219192e-06 2.64796113485716e-06 7.44327637760913e-06 5.73831410443253e-06 5.80636368874481e-06 5.70492437555952e-06 5.77900143464891e-06 5.67113762393431e-06 7.1269813926728e-06 5.77908049295857e-06 5.80255677145379e-06 5.66348397166348e-06 5.58595662327851e-06
-9999 -9999 -9999 -9999 -9999 -9999 -9999 -9999 -9999 -9999 -9999 -9999 -9999 -9999 -9999 -9999 -9999 -9999 -9999 -9999 -9999 -9999 -9999 -9999 -9999 -9999 -9999 -9999 1.40234033633686e-06 1.50887963183057e-06 1.364667320577e-06 7.6641195621815e-07 1.65226716871122e-06 1.26548823829964e-06 8.65325442969792e-07 1.59308885005223e-06 6.07895789461019e-06 9.32680850600429e-08 8.32629169443472e-08 1.14823394504035e-06 2.57428052145201e-06 8.68680299652521e-07 8.4302694213484e-08 8.41662807592251e-08 5.45096838259846e-07 1.04151619128194e-06 1.05205273078282e-06 1.05087096774699e-06 1.0493679942614e-06 1.04667142784693e-06 6.64103939361957e-07 1.4315945077192e-06 5.82282108971834e-06 5.78713059091365e-06 5.78606012985941e-06 5.81715024293665e-06 5.98247501807982e-06 6.39664015090738e-06 7.23202968884096e-06 5.74854551925285e-06 5.6538873315923e-06 5.61082075020254e-06
-9999 -9999 -9999 -9999 -9999 -9999 -9999 -9999 -9999 -9999 -9999 -9999 -9999 -9999 -9999 -9999 -9999 -9999 -9999 -9999 -9999 -9999 -9999 -9999 -9999 -9999 -9999 -9999 -9999 1.9945007811015e-06 8.95479696093013e-07 1.9327963474749e-06 9.19332655695056e-07 1.34909056136767e-07 8.27505707682683e-08 2.44875810675137e-07 2.85303319652001e-06 3.33068734562122e-06 7.4873340732095e-07 2.28897293149715e-06 4.06587040391924e-07 1.09555514274466e-06 8.44355460764657e-08 8.42785024428596e-08 2.51853229471023e-06 1.04087773772459e-06 1.04264241152721e-06 1.04757158172132e-06 1.05211216878205e-06 1.04663968910948e-06 1.1165410123519e-06 4.93679095350178e-06 6.45834487306797e-06 5.79280143769533e-06 5.82587435626173e-06 5.82428799645682e-06 5.99409428132895e-06 6.84483036442506e-06 6.04941432364904e-06 7.19673621278846e-06 5.9426607916775e-06 5.60927420808644e-06
-9999 -9999 -9999 -9999 -9999 -9999 -9999 -9999 -9999 -9999 -9999 -9999 -9999 -9999 -9999 -9999 -9999 -9999 -9999 -9999 -9999 -9999 -9999 -9999 -9999 -9999 -9999 -9999 -9999 1.44878925727065e-06 8.43344239342545e-08 1.21248820752081e-07 1.14546591236648e-07 3.98576543725177e-07 1.12858838788924e-07 1.25364298081311e-07 9.2996439337493e-08 4.80457869821334e-07 2.53424816336317e-06 1.10172161876514e-06 1.3725073657969e-06 1.02940131682739e-07 9.37558427312791e-08 2.58998427167792e-06 1.04150825659758e-06 1.03961266050294e-06 1.04382020722086e-06 1.04784922354058e-06 1.05288947931578e-06 1.06203802612085e-06 1.05690659360895e-06 1.68735852671291e-06 7.20034461870338e-06 6.10041154992745e-06 6.22679462541439e-06 5.97303707169593e-06 6.10758912113642e-06 6.97886709218283e-06 7.57786824473844e-06 5.80017752028041e-06 7.09109295955997e-06 5.81128088477887e-06
-9999 -9999 -9999 -9999 -9999 -9999 -9999 -9999 -9999 -9999 -9999 -9999 -9999 -9999 -9999 -9999 -9999 -9999 -9999 -9999 -9999 -9999 -9999 -9999 -9999 -9999 -9999 -9999 -9999 2.59235169295826e-06 1.02735903727225e-07 7.61161467374038e-08 1.05159670283235e-07 3.41626068035209e-07 2.2160538313905e-07 3.40464538444514e-07 1.03114613588573e-07 1.69048342181606e-07 1.44612046225146e-06 7.07035313730152e-06 2.29362842721418e-06 1.43928379393618e-06 3.04790962157568e-06 2.97027955509494e-06 1.69858913469518e-06 1.1116792148414e-06 1.04690542890219e-06 1.05892510517774e-06 1.06042007184547e-06 1.05927401488929e-06 1.05780278014116e-06 1.91250836942425e-06 6.52833744518058e-06 5.77071300762893e-06 5.94242303968054e-06 6.43141830527716e-06 5.93683125120852e-06 5.89317028982638e-06 6.02268626723433e-06 6.13023269057436e-06 6.86077186664792e-06 6.84011110269914e-06
-9999 -9999 -9999 -9999 -9999 -9999 -9999 -9999 -9999 -9999 -9999 -9999 -9999 -9999 -9999 -9999 -9999 -9999 -9999 -9999 -9999 -9999 -9999 -9999 -9999 -9999 -9999 -9999 -9999 1.40242761786487e-06 2.03659543579013e-06 8.50625033581751e-08 6.28072645863819e-08 2.22533723176302e-07 3.42674961174678e-07 3.7354106368562e-07 8.39549115877837e-08 8.3854582914009e-08 8.51430043377258e-08 1.03928351536881e-06 7.23028463534876e-06 2.46585753189022e-06 1.04572366586636e-06 6.54844306975784e-06 5.62462133031692e-06 5.6388575967364e-06 6.02851580770331e-06 3.07533160220479e-06 1.05581211210114e-06 1.05433294266864e-06 1.04778574606566e-06 1.04538261870569e-06 2.35485302883723e-06 5.95610416672849e-06 5.83677978645205e-06 5.79553789393211e-06 6.09406668777576e-06 5.88270112300911e-06 5.98259389407829e-06 5.82111585391495e-06 6.11647192814879e-06 6.7594116117723e-06
-9999 -9999 -9999 -9999 -9999 -9999 -9999 -9999 -9999 -9999 -9999 -9999 -9999 -9999 -9999 -9999 -9999 -9999 -9999 -9999 -9999 -9999 -9999 -9999 -9999 -9999 -9999 -9999 -9999 -9999 1.40568343526004e-06 2.85140326808459e-06 6.56815183388326e-08 8.36448096961272e-08 1.85915948303399e-07 1.40170193687963e-07 8.48642173992481e-08 2.78025677646493e-07 1.27215432893447e-07 8.46120116533908e-08 8.47575499946686e-08 5.51612274485318e-06 1.88451538005488e-06 3.11691483041939e-06 6.02708814158568e-06 6.20708544652137e-06 1.34564052453932e-06 1.05138650583019e-06 1.05982922639431e-06 1.07061960366135e-06 1.07334790881327e-06 1.06602347381006e-06 1.16237910685663e-06 5.71241933414307e-06 6.14752280060518e-06 6.23004640333388e-06 6.01265336379011e-06 5.91458470452279e-06 5.90843777667924e-06 5.88091682889605e-06 5.96796118197458e-06 6.07213695139664e-06
-9999 -9999 -9999 -9999 -9999 -9999 -9999 -9999 -9999 -9999 -9999 -9999 -9999 -9999 -9999 -9999 -9999 -9999 -9999 -9999 -9999 -9999 -9999 -9999 -9999 -9999 -9999 -9999 -9999 1.40031006700852e-06 2.61440030533586e-06 2.45986179585056e-06 1.5138802502507e-07 4.07269098646531e-07 8.37645693299078e-08 8.40195522152926e-08 8.60352595944936e-08 9.38093856207021e-07 3.4485482815669e-06 9.33331170117579e-07 1.03196701504996e-07 3.58689570693933e-06 6.2958748530921e-06 2.1425161144374e-06 5.86533195466862e-06 5.261175854082e-06 1.49791086843232e-06 1.04720680264104e-06 1.05996404389501e-06 1.08202059095697e-06 1.08438411702862e-06 1.06908885878048e-06 1.07202736093457e-06 3.48074088296982e-06 7.15303543371751e-06 7.91295948706493e-06 7.65666398848579e-06 6.18440263646258e-06 6.02843617232569e-06 6.14716559554179e-06 5.77198198005926e-06 5.83360706684223e-06
-9999 -9999 -9999 -9999 -9999 -9999 -9999 -9999 -9999 -9999 -9999 -9999 -9999 -9999 -9999 -9999 -9999 -9999 -9999 -9999 -9999 -9999 -9999 -9999 -9999 -9999 -9999 -9999 3.01156905572107e-06 2.3341567752093e-06 1.67246786523386e-06 1.4991918150227e-06 1.15826288114239e-06 1.60193991832714e-06 2.1694146583657e-07 8.31356283771073e-08 8.48903928409636e-08 1.18710055372909e-07 5.96050604107984e-06 5.33073216282157e-06 1.1398228910802e-06 8.3811356917597e-08 2.99730105056413e-06 6.14006708264248e-06 6.09894406612101e-06 5.64512340057842e-06 5.63861984473944e-06 4.9227531984584e-06 2.59516316802902e-06 1.11111606865201e-06 1.07603654054338e-06 1.06232756996666e-06 1.06678087549939e-06 1.97067162555256e-06 7.3795888499594e-06 6.66475342411175e-06 7.04037330296732e-06 6.2780301807577e-06 5.86826634521354e-06 5.74632496176675e-06 5.76916646551283e-06 5.7844737700545e-06
-9999 -9999 -9999 -9999 -9999 -9999 -9999 -9999 -9999 -9999 -9999 -9999 -9999 -9999 -9999 -9999 -9999 -9999 -9999 -9999 -9999 -9999 -9999 -9999 -9999 -9999 -9999 -9999 3.77952358671314e-06 1.57692907187586e-06 1.5962097778132e-06 1.09616979224892e-06 8.41841229790207e-07 1.6893533063621e-06 9.59674538607606e-07 4.15303363299624e-07 8.38875028374341e-08 8.52143804302576e-08 1.40301060076517e-06 7.5083516094207e-07 5.68604790572379e-06 1.27291569796597e-07 9.31606151703402e-08 2.09972739126738e-07 6.90712946657803e-06 5.63834227505368e-06 5.70135521026546e-06 5.68263743411702e-06 5.72161952853e-06 5.69683445991563e-06 1.07809465340049e-06 1.12706564982623e-06 1.08838932929524e-06 1.10178509624006e-06 1.92975866176626e-06 4.0663064508918e-06 7.72062908582129e-06 6.20887031770238e-06 6.16957141298277e-06 5.84110202542578e-06 5.83765231319815e-06 6.09945996487168e-06
-9999 -9999 -9999 -9999 -9999 -9999 -9999 -9999 -9999 -9999 -9999 -9999 -9999 -9999 -9999 -9999 -9999 -9999 -9999 -9999 -9999 -9999 -9999 -9999 -9999 -9999 -9999 -9999 4.0938672163638e-06 1.36528608169043e-06 5.49161560659205e-07 4.71202204777343e-07 4.35369206254819e-07 9.12079632851125e-07 1.71568477282558e-06 5.86695791576186e-07 8.21918175086823e-07 8.40072624712147e-08 9.52929083095761e-08 2.77011679084853e-07 8.44248342525738e-08 5.93294491494038e-07 3.15043180277621e-06 8.42336985262615e-08 1.22478157630681e-06 6.02526402978382e-06 5.67867182313872e-06 5.67581706797142e-06 5.71634512743256e-06 6.19705254307715e-06 1.80174176263521e-06 1.04745660093153e-06 1.05505463827832e-06 1.06274789183748e-06 1.3393471657025e-06 3.73169879151057e-06 7.20712574422811e-06 5.95935594464798e-06 6.07245433877121e-06 6.05326105862886e-06 5.95911761558307e-06 6.31717039179002e-06
-9999 -9999 -9999 -9999 -9999 -9999 -9999 -9999 -9999 -9999 -9999 -9999 -9999 -9999 -9999 -9999 -9999 -9999 -9999 -9999 -9999 -9999 -9999 -9999 -9999 -9999 -9999 -9999 1.40139264648979e-06 1.95263608799245e-06 5.14034460511128e-07 1.69063418081898e-07 5.43470949300102e-07 1.79126076592488e-06 1.04531914123077e-06 1.06204199346304e-06 1.07541792369694e-06 1.36012283830758e-07 8.39473826543244e-08 8.45933741618214e-08 8.43126125689394e-08 3.34771546680102e-07 6.30999224351309e-06 5.20617319913649e-06 1.15261984182273e-07 3.45998519134264e-06 5.67522211091109e-06 5.706391282298e-06 5.78943078377737e-06 5.87544391642251e-06 5.49784180914574e-06 1.0774879385806e-06 1.07262217372792e-06 1.07010406557815e-06 1.08128302597856e-06 1.19218048292612e-06 2.6981216126026e-06 7.78475229977612e-06 8.96550373547737e-06 6.67105846857462e-06 7.01281253749533e-06 6.40342185350007e-06
-9999 -9999 -9999 -9999 -9999 -9999 -9999 -9999 -9999 -9999 -9999 -9999 -9999 -9999 -9999 -9999 -9999 -9999 -9999 -9999 -9999 -9999 -9999 -9999 -9999 -9999 -9999 -9999 -9999 2.95131998747386e-06 3.75123708615578e-07 1.66264111931612e-06 9.14419282736186e-07 1.20138853986392e-06 5.02038552221919e-07 2.65739908124105e-06 1.01870217039716e-06 1.35648247725472e-06 1.90751579388872e-07 6.11294286907751e-07 1.43491364028891e-07 4.20676738764491e-06 5.75076607673896e-06 5.68914098995599e-06 5.16215503269096e-06 1.72413531987382e-07 5.94206583461716e-06 5.69568436348377e-06 5.73228662965542e-06 5.8930514138279e-06 6.16215551270889e-06 2.46945843592173e-06 1.07050851808025e-06 1.05844520104069e-06 1.0858672538033e-06 1.09908845769209e-06 1.09414341812926e-06 1.70289579283416e-06 7.0654353641995e-06 6.53043912666821e-06 6.89479694733803e-06 7.36273500330163e-06
-9999 -9999 -9999 -9999 -9999 -9999 -9999 -9999 -9999 -9999 -9999 -9999 -9999 -9999 -9999 -9999 -9999 -9999 -9999 -9999 -9999 -9999 -9999 -9999 -9999 -9999 -9999 -9999 -9999 3.64752131202637e-06 2.38938535225871e-06 2.73055225453646e-06 1.21966586889665e-06 8.34322503220312e-08 1.02906030573346e-07 1.2616376261445e-07 2.72254168573621e-06 8.58568049364654e-07 1.54304320882959e-06 1.11645373082389e-06 2.67318621778628e-06 1.36198669566476e-06 5.10052994590799e-06 5.68755520721903e-06 5.73863149180711e-06 6.04874030827904e-06 6.03597094859804e-06 5.70076025320512e-06 5.68446154591888e-06 5.83939678962239e-06 6.18119067623191e-06 6.74573048472435e-06 1.16739166337005e-06 1.06229979857138e-06 1.09183543484816e-06 1.06651520784017e-06 1.11052522320085e-06 1.09431790905178e-06 1.21026355645891e-06 2.58623679238615e-06 3.95020614927307e-06 6.6431410751072e-06
