Appendix_Data/App5_Expert_Maps/prpunc_minxent.asc
NCOLS 472 
NROWS 227 
XLLCORNER 17.83333 
YLLCORNER -34.83333 
CELLSIZE 0.01666667 
NODATA_value -9999 
[rows 108 to 134 of 227, columns 310 to 371 of 472]
-9999 -9999 -9999 -9999 -9999 -9999 -9999 -9999 -9999 -9999 -9999 -9999 -9999 -9999 -9999 -9999 -9999 -9999 -9999 -9999 -9999 -9999 -9999 -9999 -9999 -9999 -9999 -9999 -9999 -9999 -9999 -9999 -9999 -9999 -9999 -9999 -9999 -9999 -9999 -9999 -9999 -9999 -9999 -9999 -9999 -9999 -9999 -9999 -9999 -9999 -9999 -9999 -9999 -9999 -9999 -9999 -9999 -9999 -9999 -9999 -9999 -9999
-9999 -9999 -9999 -9999 -9999 -9999 -9999 -9999 -9999 -9999 -9999 -9999 -9999 -9999 -9999 -9999 -9999 -9999 -9999 -9999 -9999 -9999 -9999 -9999 -9999 -9999 -9999 -9999 -9999 -9999 -9999 -9999 -9999 -9999 -9999 -9999 -9999 -9999 -9999 -9999 -9999 -9999 -9999 -9999 -9999 -9999 -9999 -9999 -9999 -9999 -9999 -9999 -9999 -9999 -9999 -9999 -9999 -9999 -9999 -9999 -9999 -9999
-9999 -9999 -9999 -9999 -9999 -9999 -9999 -9999 -9999 -9999 -9999 -9999 -9999 -9999 -9999 -9999 -9999 -9999 -9999 -9999 -9999 -9999 -9999 -9999 -9999 -9999 -9999 -9999 -9999 -9999 -9999 -9999 -9999 -9999 -9999 -9999 -9999 -9999 -9999 -9999 -9999 -9999 -9999 -9999 -9999 -9999 -9999 -9999 -9999 -9999 -9999 -9999 -9999 -9999 -9999 -9999 -9999 -9999 -9999 -9999 -9999 -9999
-9999 -9999 -9999 -9999 -9999 -9999 -9999 -9999 -9999 -9999 -9999 -9999 -9999 -9999 -9999 -9999 -9999 -9999 -9999 -9999 -9999 -9999 -9999 -9999 -9999 -9999 -9999 -9999 -9999 -9999 -9999 -9999 -9999 -9999 -9999 -9999 -9999 -9999 -9999 -9999 -9999 -9999 -9999 -9999 -9999 -9999 -9999 -9999 -9999 -9999 -9999 -9999 -9999 -9999 -9999 -9999 -9999 -9999 -9999 -9999 -9999 -9999
-9999 -9999 -9999 -9999 -9999 -9999 -9999 -9999 -9999 -9999 -9999 -9999 -9999 -9999 -9999 -9999 -9999 -9999 -9999 -9999 -9999 -9999 -9999 -9999 -9999 -9999 -9999 -9999 -9999 -9999 -9999 -9999 -9999 -9999 -9999 -9999 -9999 -9999 -9999 -9999 -9999 -9999 -9999 -9999 -9999 -9999 -9999 -9999 -9999 -9999 -9999 -9999 -9999 -9999 -9999 -9999 -9999 -9999 -9999 -9999 -9999 -9999
-9999 -9999 -9999 -9999 -9999 -9999 -9999 -9999 -9999 -9999 -9999 -9999 -9999 -9999 -9999 -9999 -9999 -9999 -9999 -9999 -9999 -9999 -9999 -9999 -9999 -9999 -9999 -9999 -9999 -9999 -9999 -9999 -9999 -9999 -9999 -9999 -9999 -9999 -9999 -9999 -9999 -9999 -9999 -9999 -9999 -9999 -9999 -9999 -9999 -9999 -9999 -9999 -9999 -9999 -9999 -9999 -9999 -9999 -9999 -9999 -9999 -9999
-9999 -9999 -9999 -9999 -9999 -9999 -9999 -9999 -9999 -9999 -9999 -9999 -9999 -9999 -9999 -9999 -9999 -9999 -9999 -9999 -9999 -9999 -9999 -9999 -9999 -9999 -9999 -9999 -9999 -9999 -9999 -9999 -9999 -9999 -9999 -9999 -9999 -9999 -9999 -9999 -9999 -9999 -9999 -9999 -9999 -9999 -9999 -9999 -9999 -9999 -9999 -9999 -9999 -9999 -9999 -9999 -9999 -9999 -9999 -9999 -9999 -9999
-9999 -9999 -9999 -9999 -9999 -9999 -9999 -9999 -9999 -9999 -9999 -9999 -9999 -9999 -9999 -9999 -9999 -9999 -9999 -9999 -9999 -9999 -9999 -9999 -9999 -9999 -9999 -9999 -9999 -9999 -9999 -9999 -9999 -9999 -9999 -9999 -9999 -9999 -9999 -9999 -9999 -9999 -9999 -9999 -9999 -9999 -9999 -9999 -9999 -9999 -9999 -9999 -9999 -9999 -9999 -9999 -9999 -9999 -9999 -9999 -9999 -9999
-9999 -9999 -9999 -9999 -9999 -9999 -9999 -9999 -9999 -9999 -9999 -9999 -9999 -9999 -9999 -9999 -9999 -9999 -9999 -9999 -9999 -9999 -9999 -9999 -9999 -9999 -9999 -9999 -9999 -9999 -9999 -9999 -9999 -9999 -9999 -9999 -9999 -9999 -9999 -9999 -9999 -9999 -9999 -9999 -9999 -9999 -9999 -9999 -9999 -9999 -9999 -9999 -9999 -9999 -9999 -9999 -9999 -9999 -9999 -9999 -9999 -9999
-9999 -9999 -9999 -9999 -9999 -9999 -9999 -9999 -9999 -9999 -9999 -9999 -9999 -9999 -9999 -9999 -9999 -9999 -9999 -9999 -9999 -9999 -9999 -9999 -9999 -9999 -9999 -9999 -9999 -9999 -9999 -9999 -9999 -9999 -9999 -9999 -9999 -9999 -9999 -9999 -9999 -9999 -9999 -9999 -9999 -9999 -9999 -9999 -9999 -9999 -9999 -9999 -9999 -9999 -9999 -9999 -9999 -9999 -9999 -9999 -9999 -9999
-9999 -9999 -9999 -9999 -9999 -9999 -9999 -9999 -9999 -9999 -9999 -9999 -9999 -9999 -9999 -9999 -9999 -9999 -9999 -9999 -9999 -9999 1.37885222794859e-06 1.37379220759597e-06 1.36711019349229e-06 4.41456378711751e-06 6.8900378679233e-06 5.28405717551689e-06 3.69506882607715e-06 2.73730943174111e-06 1.69549590619599e-06 2.93408556450058e-06 4.83432070841709e-06 5.39239649022539e-06 7.28326524418427e-06 7.43665336870373e-06 7.45517263347608e-06 7.49859584286127e-06 7.53230353617681e-06 7.57148356489794e-06 7.44613113277643e-06 0.000151172376564348 0.000143714153197421 0.000145497584367243 0.000147071915405464 0.000145865325451766 0.000153515848655361 0.000152120176686927 0.000150556268593654 0.000144448830910986 0.00011850326453437 0.000141598213761458 0.000149782324125518 0.000149489094272723 0.000144222102711419 8.20998235190666e-05 7.73693046650681e-05 8.80454140856556e-05 4.94625924096272e-05 4.57398872230864e-05 -9999 -9999
-9999 -9999 -9999 -9999 -9999 -9999 -9999 -9999 -9999 -9999 -9999 -9999 -9999 -9999 -9999 -9999 -9999 -9999 -9999 -9999 -9999 -9999 4.65341077051251e-06 4.49439103983222e-06 5.15235988124369e-06 4.17932549817139e-06 4.26525986104084e-06 1.39762525835361e-06 1.8307816975397e-06 5.03862728943926e-06 6.44418766495816e-06 7.12016044945926e-06 7.38379221293465e-06 7.40512699225344e-06 7.44399021066795e-06 7.58591834269351e-06 7.26248560423701e-06 7.71884421464029e-06 6.82079894655831e-06 3.22232379405866e-06 0.000131396727246216 0.000105617006945543 8.15437990459018e-05 8.0630450603774e-05 9.81715965724608e-05 0.000114001403407219 0.000131014564256881 0.000153621605404385 0.000153362022776558 0.000152193090666465 0.000151935909746311 0.000112502388056209 0.000144188455486451 0.000112569682506145 0.000150138045012903 7.96662232670656e-05 3.44013582623727e-05 5.38203977115175e-05 0.000134953189958462 5.64329834790093e-05 -9999 -9999
-9999 -9999 -9999 -9999 -9999 -9999 -9999 -9999 -9999 -9999 -9999 -9999 -9999 -9999 -9999 -9999 -9999 -9999 -9999 -9999 -9999 -9999 1.48886547252399e-06 2.54624800292781e-06 2.97171097215426e-06 3.47543907114457e-06 5.11591659729331e-07 3.90215911077481e-07 4.80977375246714e-07 2.93588601651634e-06 4.74568970699967e-06 5.75385916097116e-06 5.47904497468763e-06 7.64722604210191e-06 9.21676316202396e-06 8.97514019323735e-06 6.87421524169892e-06 4.59805119903759e-06 3.70897991470467e-06 3.79302567155641e-05 3.81835115432001e-05 4.97780205702319e-05 3.65942805903877e-05 4.14966527042034e-05 7.14276372763037e-05 8.83650860404004e-05 0.000122056521083461 0.00012334321848094 0.000154975608910575 0.000178824472830159 0.000158616994140723 0.000160414847215356 0.000161437963025146 0.000151798907479992 0.000100549508685148 2.63959186268757e-05 5.53748563675639e-05 0.000145113019670235 0.000141719196870776 7.65330323851934e-05 -9999 -9999
-9999 -9999 -9999 -9999 -9999 -9999 -9999 -9999 -9999 -9999 -9999 -9999 -9999 -9999 -9999 -9999 -9999 -9999 -9999 -9999 -9999 -9999 1.38622831053366e-06 1.55519770260585e-06 1.21969371242542e-06 9.69953273000135e-07 9.51668009283041e-07 1.35814803963629e-06 3.73250784078176e-06 1.6869779503974e-06 7.51077024548193e-07 1.61739379812907e-06 1.54536706147942e-06 1.42995274939072e-06 1.94512526004018e-06 1.59384221226588e-06 1.56225639781634e-06 3.03503273952616e-05 4.2645231507647e-05 4.28891913768265e-05 4.69068140238595e-05 4.45784108996772e-05 5.41230070488885e-05 3.67387357286961e-05 4.52052566022486e-05 3.35452136003228e-05 3.45349153606468e-05 3.3988427765522e-05 3.39356310024358e-05 3.67071695950854e-05 5.56627231838082e-05 6.30255311352347e-05 8.122893633589e-05 0.000115642236098669 0.000144761297742712 0.0001528981317737 0.000147892331751189 0.000114376361273536 0.000156332014124438 0.000101135980049513 -9999 -9999
-9999 -9999 -9999 -9999 -9999 -9999 -9999 -9999 -9999 1.37297522364042e-06 1.41725898561167e-06 1.50048848671482e-06 1.41686629086913e-06 1.37650861072135e-06 1.49437762561839e-06 1.58158860706856e-06 1.53546500819371e-06 1.34568019796114e-06 1.35165631369037e-06 1.34801198529533e-06 1.34815077013821e-06 1.32652240749794e-06 1.87012821036549e-06 2.36635716702959e-06 4.01142296047874e-06 4.7529864427411e-06 2.94849264303437e-06 1.8178539327054e-06 1.91679526298581e-06 4.48499262260317e-06 4.30233791974037e-06 2.8011435346511e-06 7.37229196995098e-07 1.92031263643102e-06 3.23957004692499e-06 2.22086001397695e-06 4.33376140998062e-05 3.20004463010866e-05 5.26074070902842e-05 7.7770139182742e-05 7.13434317730708e-05 7.57027643745005e-05 7.15990912230733e-05 7.76209593258204e-05 6.93071450886604e-05 7.1144177477051e-05 8.07602419176875e-05 9.84351781601507e-05 6.91038043919645e-05 7.96620552549637e-05 7.27796413025627e-05 8.10943357772435e-05 6.61459090232608e-05 9.25256423555898e-05 0.000134402779185512 7.84675729392177e-05 6.11001252315092e-05 6.73129932174979e-05 0.000102943451613612 9.10867163314973e-05 -9999 -9999
-9999 -9999 -9999 -9999 -9999 -9999 -9999 -9999 -9999 1.16755425226602e-06 1.12524543323305e-06 1.17364931612722e-06 1.15029602523965e-06 1.23452897538091e-06 1.1145701088893e-06 7.5934128684761e-07 7.32831362119426e-07 1.34821814282181e-06 1.25938920709626e-06 1.35434501755396e-06 1.3842931131507e-06 1.38973774929451e-06 1.38679931927392e-06 1.38170741591685e-06 1.80556858877062e-06 1.25063710597542e-06 1.12436511606958e-06 2.13013944949895e-06 2.6408308832204e-06 2.4683005490725e-06 1.73175322999827e-06 1.03703107487826e-06 2.96125767470571e-06 3.00738935253192e-06 7.29245715359567e-05 7.82543747481663e-05 3.09988059550498e-05 3.99304944673339e-05 4.36450297672164e-05 5.79132515196424e-05 5.12844858785374e-05 6.51235976689537e-05 5.38391450218946e-05 5.30972505265364e-05 6.11896179892546e-05 6.82668034386454e-05 6.41975877970563e-05 5.97515722026828e-05 9.99766664288871e-05 6.78135743856266e-05 4.80280704878325e-05 5.06893695324283e-05 6.81993457658582e-05 6.06978508551092e-05 4.98357081894768e-05 9.03047564554731e-05 7.48698498218575e-05 7.67700203068571e-05 4.83466232001667e-05 3.70939815209956e-05 -9999 -9999
-9999 -9999 -9999 -9999 -9999 -9999 -9999 -9999 -9999 1.3875884597007e-06 1.40287975060665e-06 1.40877262428355e-06 1.32425020242998e-06 1.36465938589264e-06 1.34600927096177e-06 1.47251526192287e-06 1.9081502079704e-06 3.07860328896868e-06 2.84324208454842e-06 1.89464739492016e-06 8.62731955318566e-07 7.97977933956772e-07 1.77789284250884e-06 9.68260011356789e-07 2.3430634223415e-07 8.43649544356835e-08 5.14601537975947e-07 1.12707755185278e-06 9.74125113638412e-07 1.45727561859878e-06 1.52818414182101e-06 2.09983054216411e-06 4.11764998249854e-05 5.31360276125527e-05 6.73205247862191e-05 0.000100112864239724 6.84464301867672e-05 7.19409556562402e-05 7.16463617267573e-05 7.05217387914713e-05 5.7359710365576e-05 3.66404289369674e-05 7.84462606983164e-05 4.46086158712938e-05 3.68272666374948e-05 3.85905135529073e-05 7.07366974575644e-05 9.0807902554126e-05 9.44548956551017e-05 9.49628451690999e-05 9.75001968608061e-05 9.42257540890871e-05 9.59771469449064e-05 6.90384278105344e-05 5.80607525129483e-05 7.03994790462789e-05 8.12073034786731e-05 7.23544516036837e-05 5.11932326457504e-05 3.66375463048214e-05 -9999 -9999
-9999 -9999 -9999 -9999 -9999 -9999 -9999 -9999 -9999 1.1591352636215e-06 1.29826367833586e-06 2.83178555446225e-06 2.89467182325818e-06 1.33497313487992e-06 1.78504675393171e-06 1.33799091174416e-06 1.33427127598115e-06 1.28811579410185e-06 2.15340553099201e-06 3.74853272932394e-06 3.25216080407429e-06 3.05088786928508e-06 3.30535521658667e-06 1.60753935294954e-06 6.41464409399701e-06 5.130549597931e-06 2.28544747910059e-06 1.12068104211923e-06 7.7308206829528e-07 4.2978964441007e-07 2.23471180887223e-06 6.50362676139912e-05 7.78155675999587e-05 8.58509702874887e-05 7.86487211574914e-05 0.000110416901340834 9.55421055810593e-05 8.68804925942014e-05 8.23041260647091e-05 8.7321946284359e-05 9.2333360007086e-05 7.99750817078956e-05 7.86995942226845e-05 7.23687102856434e-05 9.36024351659866e-05 0.000130686882723636 0.00011183500479258 7.60709076867656e-05 7.71459341927331e-05 8.29186309538264e-05 0.000105201185072465 5.63599937174323e-05 3.5669795103336e-05 4.42272515080538e-05 6.85742978027876e-05 8.64045872235933e-05 6.75145734391521e-05 3.68047535427572e-05 3.13135928830234e-05 6.52464170353514e-05 -9999 -9999
-9999 -9999 -9999 -9999 -9999 -9999 -9999 -9999 -9999 1.25210834072356e-06 2.12285468791756e-06 2.36206652252633e-06 3.52504037004281e-06 2.86196765111424e-06 3.36660347799583e-06 3.11403958933974e-06 4.30380511501283e-06 2.92212929356645e-06 1.42272742580857e-06 1.13826444693755e-06 1.2004963206739e-06 3.11047475205533e-06 4.14411136896254e-06 2.08790600996744e-06 2.80803170628126e-06 8.0044057144948e-07 4.44379004283757e-07 9.57842456054631e-08 1.24325323297297e-07 8.11310223426669e-07 5.7142431603236e-05 8.97631538871195e-05 9.93653618735375e-05 9.97483293183552e-05 0.000115989947407554 0.000140699287224141 0.000123140519016875 0.000113421344369165 6.70607789355404e-05 6.29112809685429e-05 7.79194822625153e-05 6.97225589046095e-05 0.000117961656136629 7.80023236890603e-05 0.000111822180139959 3.1500427668857e-05 9.64690773019033e-05 7.51132500698317e-05 0.000105426327678616 7.1897211932027e-05 5.75996654455052e-05 6.75330817446395e-05 7.43425117648511e-05 7.63344134924172e-05 7.976196512827e-05 8.41212102888863e-05 8.00475060188798e-05 5.93870314519267e-05 6.8790299929253e-05 7.24561219520316e-05 -9999 -9999
1.33174905622222e-06 1.31115580922402e-06 1.79147889761141e-06 1.80524730618736e-06 1.57047701935176e-06 1.23736425450476e-06 1.24430811319246e-06 1.23650384618569e-06 1.21590252023615e-06 1.19065767272962e-06 1.20312154706258e-06 1.19578917737501e-06 1.16378296892116e-06 1.14976461778772e-06 2.57207958427634e-06 4.75282774905382e-06 1.78045459142261e-06 1.14227759388854e-06 1.33059506458167e-06 7.93488922344405e-07 5.10739041827637e-07 1.88025633002209e-06 2.71120028070682e-06 2.12214878954311e-06 2.04287682046691e-06 1.45454724131336e-06 1.33376360044882e-06 2.40586237354267e-06 2.5272289973075e-06 5.8894220857409e-05 7.07231557902739e-05 4.25014176019697e-05 5.85194262139435e-05 5.29700999251853e-05 4.17189797161661e-05 3.70808420814464e-05 4.36256412242082e-05 9.48266473582634e-05 7.00520067422841e-05 7.0131560394248e-05 9.29791104134984e-05 0.000103864016837533 0.000103804720307323 7.17592478167612e-05 7.37813574306377e-05 7.16623051017205e-05 6.49309130927085e-05 0.000105226029922224 7.00263690958169e-05 8.65255703329112e-05 0.000111005774412872 0.00013343975270264 0.000126808346348973 0.000101238530635382 8.76600449331653e-05 5.79951310972409e-05 4.96343669727124e-05 3.73618972583326e-05 4.72411468883052e-05 7.77278353172549e-05 -9999 -9999
1.19920354419047e-06 1.28143377999818e-06 3.05243845087686e-06 1.30413678743535e-06 1.22711321937402e-06 1.21311874442717e-06 1.20350219551159e-06 1.18806021773621e-06 1.19062203878347e-06 1.1929696233529e-06 1.20314924632437e-06 1.20818553475739e-06 1.30677788319276e-06 4.53230180758904e-06 4.18071363513418e-06 1.48438829080467e-06 2.01250443565716e-06 1.25574877390991e-06 1.58854429564932e-06 1.50465232053524e-06 1.02050255027943e-06 1.31230186618021e-06 1.80666314241194e-06 3.04677568304652e-06 3.57341251419952e-06 2.17502581468092e-06 1.92612226805558e-06 3.26820153793312e-05 3.26480446233541e-05 2.97288476439346e-05 3.28508256988446e-05 6.55996604330257e-05 4.49975088885611e-05 2.94965057441523e-05 2.85194595842103e-05 3.45582299961733e-05 5.00927258867797e-05 0.0001223385351946 3.18724970736405e-05 5.78398653597117e-05 0.000119070498919804 0.000110771829431512 3.05361216354166e-05 2.99939594458577e-05 3.58664057720995e-05 4.34291092521768e-05 5.95954203982452e-05 8.71657128684957e-05 7.78065145610857e-05 7.14890090684834e-05 7.12490539885542e-05 7.0644400764405e-05 7.34823564841632e-05 7.56907441773619e-05 0.000111133962645208 0.00011022862378158 0.000121318625547965 0.00011136229975574 7.11114921010298e-05 8.72394254741295e-05 -9999 -9999
8.90003249078253e-07 7.78808313600528e-07 6.42023588246903e-07 6.40457137286398e-07 7.7414481106564e-07 7.27973531951107e-07 7.47948162102859e-07 8.54190051199893e-07 8.70092024267922e-07 9.61526421804744e-07 9.71698182225343e-07 1.00392641757441e-06 9.94769936084972e-07 9.40663539805153e-07 1.49993724255198e-06 1.26404470281329e-06 6.38264206928582e-07 6.19943237131849e-07 1.62395693623427e-06 3.44319078268411e-06 3.81126030443258e-06 3.37382086689362e-06 3.89050039050434e-06 3.04662102883491e-06 3.36084174301142e-06 3.38117300115861e-06 6.02168214528402e-05 6.53270957591135e-05 4.90697732998415e-05 2.88627667907971e-05 6.7125834900655e-05 3.03434370591715e-05 2.89883930073025e-05 3.29867058080594e-05 5.95539967702789e-05 3.96522432258617e-05 2.90386277545583e-05 3.74212637411934e-05 3.53683895344951e-05 0.000150890362453209 8.05270955624226e-05 6.58237537494176e-05 5.51905835975607e-05 2.97991121668296e-05 3.02948840902253e-05 4.8059639536137e-05 5.11182434042421e-05 9.75442670307224e-05 9.27363513981552e-05 3.43137892025205e-05 6.78795921996877e-05 6.71972215806543e-05 5.15472746695198e-05 6.67409495873317e-05 3.21978585106389e-05 3.09113155919296e-05 3.23031343351897e-05 3.26643086146327e-05 4.39453947903787e-05 8.68885080020896e-05 -9999 -9999
1.08917846972202e-06 1.06150669080242e-06 1.06310084102471e-06 1.29433774077939e-06 1.20148375607629e-06 1.28004189209369e-06 1.2873663270969e-06 1.19956046071988e-06 9.66574612264313e-07 6.42229745773387e-07 4.39564814879441e-07 3.43662396577071e-07 2.77679094240134e-07 2.44424922236135e-07 2.46412470502529e-07 1.09851348160966e-06 1.02244171500457e-06 1.49257717360263e-06 1.15510624730178e-06 8.75425719097618e-07 3.03110352729108e-07 8.05560174068328e-08 9.15129148452816e-08 1.97558095903575e-07 6.01475511741123e-07 3.24449458462418e-05 7.87595203267506e-05 7.84205414404234e-05 3.17091372314911e-05 9.34894674645569e-05 6.1966844402584e-05 2.90905442801237e-05 2.91535978506131e-05 4.59872922603109e-05 2.92268266170799e-05 2.92676060977213e-05 2.9257509598476e-05 2.93736018516351e-05 4.39698286683158e-05 0.000106536767713981 2.93601417957705e-05 2.9255346895693e-05 2.91421401893736e-05 2.92349178070063e-05 2.90298953320008e-05 4.40868827704215e-05 3.19907520295826e-05 4.45662333090746e-05 7.01636103670258e-05 3.54703804991585e-05 3.11236306307664e-05 3.31954940674254e-05 4.62998348740758e-05 9.30127634678538e-05 8.23305623372713e-05 7.46785293223002e-05 5.26684524367608e-05 3.93051702349144e-05 5.7427092256325e-05 6.301471762132e-05 -9999 -9999
2.94128304455396e-06 1.57044932008998e-06 1.28940063590092e-06 2.14077913989656e-06 1.43335124683746e-06 1.02660958830067e-06 9.7724993660807e-07 9.11544258057016e-07 6.05905049287505e-07 4.26030263091749e-07 3.99286409441807e-07 4.35464386400443e-07 5.24277524890765e-07 7.08042542563359e-07 7.63897743277073e-07 1.53847874558227e-06 1.64872584694593e-06 1.5170963581573e-06 1.03718969643205e-06 7.29817552597375e-07 1.25023258133983e-06 1.46072561936038e-06 2.89299428671657e-06 8.06288475221963e-05 7.34680978022036e-05 5.14000185104913e-05 3.61011522942482e-05 3.41280736590974e-05 2.9721557994797e-05 8.63404931074254e-05 5.40617168681346e-05 3.88825454665597e-05 0.000107783405560182 2.97512004305145e-05 2.93782507882103e-05 2.96081093688941e-05 2.95227030118248e-05 2.96004174920152e-05 7.19413578839815e-05 0.00010317659213949 2.95007495382924e-05 2.95142095941571e-05 2.93147949899796e-05 4.14208590072124e-05 3.32933199346808e-05 2.91952575687754e-05 2.91497504548268e-05 2.91777927236604e-05 2.91200264076835e-05 2.92558278201663e-05 2.98261925867167e-05 2.98285942943894e-05 3.08635670784661e-05 3.10195556600521e-05 3.08670122465111e-05 3.11160990620453e-05 3.1852627606159e-05 3.40280850890591e-05 5.3765036017907e-05 4.93720620208971e-05 7.11375319752383e-05 4.85069401020123e-05
2.19981867371266e-06 2.86738054852059e-06 1.15726751105564e-06 2.27727836088005e-06 1.75252897473684e-06 2.71211608754945e-06 1.89629319272431e-06 1.55801321715228e-06 1.57028269171833e-06 2.57328911870744e-06 2.87207586192643e-06 3.25201826828971e-06 2.75905277517116e-06 2.19826809212088e-06 1.43510005127135e-06 1.47525546910134e-06 1.47454178030952e-06 1.44746084684108e-06 1.46164171473699e-06 1.44542639377007e-06 1.43538959511716e-06 2.93139934491908e-05 2.99105554834136e-05 2.9402203741674e-05 2.96445634439697e-05 2.96945562716419e-05 2.92875542619348e-05 2.96444818325439e-05 2.91688183815194e-05 4.62272473402401e-05 3.62413607237227e-05 3.84568777579012e-05 6.65719789596606e-05 3.04340519740212e-05 1.96478589414969e-05 9.50878330676681e-06 2.01850530355121e-05 0.000124073897234642 1.68426702091857e-05 4.77386035047044e-05 2.19335588871447e-05 2.67655863239864e-05 7.35245029561864e-05 0.000111633098125223 5.25751181126167e-05 3.19941971976276e-05 2.93522109140018e-05 2.93642281964466e-05 2.93807341073087e-05 2.92583111392648e-05 2.92827479318956e-05 2.88978597038786e-05 3.73825682666029e-05 5.46888831870215e-05 4.6976757930439e-05 3.64660923580518e-05 3.45484570279372e-05 4.06569294268961e-05 4.30059248626167e-05 6.92427303561769e-05 0.000110859153657087 3.10261253798266e-05
1.45789423544522e-06 1.56093981727982e-06 2.15110158718658e-06 2.50256713270126e-06 3.31394458454455e-06 2.23249110711914e-06 1.68935720157079e-06 1.87686966246841e-06 3.32251433219199e-06 3.23205546803101e-06 1.9482779265386e-06 1.74286885719075e-06 2.98984158165974e-06 2.8395263439941e-06 1.48555411233827e-06 1.48811196604335e-06 1.44146871747613e-06 1.45708129096535e-06 1.48363882379972e-06 2.54695094419308e-05 2.51671420241433e-05 2.52119262940351e-05 2.60640690815284e-05 3.02665241197699e-05 2.92740155093381e-05 2.89493740017027e-05 2.9328415354002e-05 2.93329010677256e-05 3.01020392058224e-05 2.36156461543217e-05 5.78566095467902e-06 5.25296080839743e-05 3.89222057047906e-05 2.50429585810577e-05 1.389038271131e-05 6.49763356805376e-06 8.37005908298505e-05 0.000130898396221684 4.60432951865524e-05 4.24529462444493e-05 3.53871368448722e-05 4.69083354940114e-05 4.80968922373076e-05 1.76452967214395e-05 1.19009613881485e-05 1.85880515090888e-05 2.04173963926412e-05 3.39844229762717e-05 3.36565782201747e-05 2.95700522122408e-05 2.9455003419454e-05 2.92220989837727e-05 3.99761648041341e-05 0.000149943366786114 0.000126737845735882 5.12516372796646e-05 4.85308143587441e-05 7.84350449566605e-05 6.7266206552981e-05 5.53299117895144e-05 3.5346916985436e-05 2.96601075058853e-05
2.78371867925308e-06 2.06963257614339e-06 1.8565461947386e-06 2.08417440004439e-06 3.65683663147008e-06 2.57102470405685e-06 2.08725175917485e-06 1.49612643005228e-06 1.43179273056131e-06 3.04244103711179e-06 3.79873302475819e-06 3.96262234336636e-06 1.81172316276456e-06 1.92640777242571e-06 1.22692697069194e-06 1.23640069528896e-06 2.54160685315197e-05 2.48724664832347e-05 2.48946589616568e-05 2.52801884223049e-05 2.59897181579573e-05 2.58994238594231e-05 2.67300124864316e-05 2.63517726749212e-05 2.58495097284829e-05 2.94600516690767e-05 2.98137730765306e-05 3.00680684498453e-05 2.98899660865691e-05 3.54821558620197e-05 3.66360248346696e-05 1.312196741727e-05 3.6395026294368e-05 1.61933099545298e-05 2.53602259134359e-05 1.48308144880186e-05 6.44768795842071e-05 8.83226247814493e-05 5.73609170487999e-05 6.02321993772105e-05 5.1170480546123e-05 3.07348950069631e-05 4.38946791186497e-05 3.32668807474248e-05 2.6328860267136e-05 1.86935677958761e-05 1.28965930929629e-05 9.84784453319313e-06 9.35287269323934e-06 2.20391553280109e-05 4.4611900731181e-05 5.44893082746862e-05 0.000132358949273606 0.000136090876551259 2.92617563073098e-05 2.91958988014065e-05 2.90977552325294e-05 2.90950299938474e-05 2.90738780611038e-05 2.90357422077186e-05 2.89425652770384e-05 2.89710068589196e-05
