Appendix_Data/App5_Expert_Maps/prpunc_minxent.asc
NCOLS 472 
NROWS 227 
XLLCORNER 17.83333 
YLLCORNER -34.83333 
CELLSIZE 0.01666667 
NODATA_value -9999 
[rows 135 to 161 of 227, columns 0 to 61 of 472]
-9999 -9999 -9999 -9999 -9999 -9999 -9999 -9999 -9999 -9999 -9999 -9999 -9999 -9999 -9999 -9999 -9999 -9999 1.44376876607287e-06 1.95342522841923e-06 4.78078524874403e-06 1.06689585628917e-06 1.06299769012797e-06 1.06444519295651e-06 2.61344861207985e-07 1.91717978861013e-08 1.9097998558998e-08 1.90921692709963e-08 1.92598751367169e-08 2.11328168058243e-08 8.68676350343712e-08 2.89476288277794e-08 3.4685070603833e-08 9.31582347650309e-08 8.57703583536535e-08 1.05985301241403e-07 2.13726955686872e-06 5.23417022798153e-06 2.35045519396156e-06 6.67030539489496e-06 5.13598211564778e-06 1.95097456508657e-06 1.19482951336789e-06 1.04861059257208e-06 1.13619839939607e-06 9.36876387091557e-07 9.41809596761338e-07 9.45767200921778e-07 9.39894163955791e-07 9.42614606556845e-07 9.62446484523534e-07 8.526197050307e-08 2.13415666297567e-08 1.18103326126317e-06 1.02689112532861e-06 9.4509700862697e-07 9.4840829667919e-07 9.57366555326508e-07 9.67256706585667e-07 9.69667768630008e-07 1.04446659546257e-06 1.67497811083275e-06
-9999 -9999 -9999 -9999 -9999 -9999 -9999 -9999 -9999 -9999 -9999 -9999 -9999 -9999 -9999 -9999 -9999 -9999 -9999 3.39456097768604e-06 3.77635923458864e-06 1.0671139879757e-06 1.91650961434869e-06 2.51138242276303e-06 1.31788139195821e-06 3.46548534322694e-08 1.91176278861129e-08 1.92388166647477e-08 1.92009060051912e-08 1.9227079192735e-08 1.92587638300716e-08 1.94365413349229e-08 3.48684001335676e-08 8.68850823232859e-08 1.54077089556138e-07 1.30255048173056e-07 8.61300339892134e-08 3.26330427479554e-06 5.30059363480008e-06 1.10378766630662e-06 1.1093712315603e-06 4.04346465861175e-06 2.46738445369589e-06 1.03416398488346e-06 9.33462020276096e-07 9.33866544911688e-07 9.36059475269503e-07 9.36638490827616e-07 9.4539845449932e-07 1.19210907076684e-06 1.2156210553417e-06 1.94212738300366e-08 4.26042192168356e-08 9.54792904386193e-07 9.48269511836308e-07 9.50418873563614e-07 9.60836464932519e-07 9.67431197508188e-07 1.18324999567407e-06 2.24245663787976e-06 1.02330226759063e-06 1.08110853505604e-06
-9999 -9999 -9999 -9999 -9999 -9999 -9999 -9999 -9999 -9999 -9999 -9999 -9999 -9999 -9999 -9999 -9999 -9999 2.05711337542036e-06 1.79625745306958e-06 1.497490474428e-06 1.39247795647298e-06 1.16540489053872e-06 1.0630810043138e-06 1.27179746650518e-06 6.70726443332902e-08 2.36358129885492e-08 1.93795558744882e-08 1.93590541829275e-08 1.96743970237735e-08 1.92678842087472e-08 1.94726666904975e-08 8.4047314593881e-08 8.66538854576205e-08 8.61332078629591e-08 1.19090352171129e-07 8.64619562628718e-08 9.92017772779834e-08 1.42811276822013e-06 2.94303992793921e-06 1.0721542437509e-06 2.52071361157547e-06 8.71420488797618e-08 4.40334118595309e-07 1.63296265872078e-06 1.58441999098373e-06 9.42336964737588e-07 9.42336964737588e-07 9.91133470240804e-07 2.58423021891065e-07 1.01476829815632e-06 1.94860316744736e-08 2.27520437865421e-07 9.56339446502293e-07 9.53361343059881e-07 9.59135196471315e-07 9.70817792928374e-07 9.9893376990539e-07 1.11794083494075e-06 7.23202968884096e-06 8.86469919704122e-06 1.21018024227308e-06
-9999 -9999 -9999 -9999 -9999 -9999 -9999 -9999 -9999 -9999 -9999 -9999 -9999 -9999 -9999 -9999 -9999 -9999 6.62303550463006e-08 1.84902339262629e-06 1.44292812233121e-06 1.8700370336288e-06 2.23230081896139e-06 1.06412787771543e-06 1.06135600393299e-06 9.12353235194706e-07 6.16263130523677e-08 1.09707398559898e-07 1.92489288789689e-08 1.93348624123031e-08 1.93561192513814e-08 1.94779820273529e-08 7.73502426232854e-08 8.11167471241605e-08 2.10164271587268e-08 5.92620340873734e-08 8.67308248458941e-08 1.71932116653625e-06 2.109165517985e-07 4.97133135587461e-06 1.14673097155476e-06 3.51302466110944e-06 5.59499841251213e-07 7.67855419571008e-07 1.56213737755088e-06 1.5856573689436e-06 9.36460032562913e-07 9.40243145800833e-07 9.503553960887e-07 9.80910206505331e-07 1.04976458421263e-06 7.93699083279818e-08 5.29670729853193e-07 9.47163128301945e-07 9.45192224839342e-07 9.63283160923004e-07 9.69739180789287e-07 9.88742244907374e-07 1.00282796872441e-06 1.42434538008395e-06 6.01249467010282e-06 5.6254142216854e-06
-9999 -9999 -9999 -9999 -9999 -9999 -9999 -9999 -9999 -9999 -9999 -9999 -9999 -9999 -9999 -9999 -9999 -9999 -9999 -9999 1.44261087922363e-06 1.44349913107147e-06 1.44245622501202e-06 2.05850915853354e-06 1.06470292593136e-06 1.06819656745697e-06 1.34321756046843e-06 2.36275243992288e-07 1.97236101002059e-08 1.9842141210413e-08 1.95330627127058e-08 1.97159549331317e-08 2.00608026272858e-08 2.05880263365477e-08 1.93694436602671e-08 1.92579320407163e-08 2.1202452677808e-08 1.15399192908306e-06 2.8048869744672e-06 1.51985647418017e-06 3.61913966739014e-06 2.13295510831237e-06 2.02781953061621e-06 2.66360140760816e-06 2.12129227643273e-06 1.21018420961527e-06 9.37011204592257e-07 9.39085186818101e-07 1.20652797919368e-06 1.24016404394946e-06 9.68938138335961e-07 4.16830140838308e-07 3.25386212663562e-08 1.21522057018178e-06 9.48321087284676e-07 9.59852996872308e-07 9.69866063605621e-07 9.93219354493195e-07 9.93881612103639e-07 9.99139999565368e-07 1.21758395198644e-06 5.56144970141785e-06
-9999 -9999 -9999 -9999 -9999 -9999 -9999 -9999 -9999 -9999 -9999 -9999 -9999 -9999 -9999 -9999 -9999 -9999 -9999 -9999 -9999 -9999 1.43957319351499e-06 2.40039378907878e-06 1.06576170135954e-06 1.06595602899297e-06 1.06964010294332e-06 1.26260131159392e-06 1.02342915040697e-06 2.13034170280005e-08 1.94522438949461e-08 1.9543889499354e-08 1.97452614193307e-08 1.97054076637735e-08 1.94572797145114e-08 1.94067592184963e-08 1.93130916220785e-08 4.37415435118762e-08 6.55807929308397e-08 8.72951251711857e-08 4.5653351970006e-06 1.10826088068376e-06 1.08130286268947e-06 7.69302850266049e-07 2.95957234774673e-08 8.17643255685304e-07 9.38113620784438e-07 9.42055427709644e-07 1.09576533974682e-06 4.33430059563046e-08 1.10472749360283e-06 8.72296928785778e-07 1.98252461935634e-08 1.00286764214623e-06 9.51541126466706e-07 9.61522454462561e-07 9.66217695734907e-07 9.62371105022073e-07 9.93508826205504e-07 9.83499726814374e-07 9.67926898880476e-07 1.05694626703078e-06
-9999 -9999 -9999 -9999 -9999 -9999 -9999 -9999 -9999 -9999 -9999 -9999 -9999 -9999 -9999 -9999 -9999 -9999 -9999 -9999 -9999 -9999 -9999 2.28894508796839e-06 2.13255447888547e-06 1.09372302412494e-06 1.16267261804461e-06 1.8797606286498e-07 6.85069972258284e-07 6.17587636727878e-08 1.97702444042198e-08 1.98594690282279e-08 1.96879986957776e-08 2.06610321952146e-08 1.99312463633213e-08 1.9642829603365e-08 1.94965789438317e-08 1.94541869909467e-08 1.95271139536042e-08 3.12052336256792e-08 2.72315644344071e-07 1.07018730763048e-06 1.07483898027232e-06 1.21117561235984e-06 1.21223438778802e-06 1.79487735899139e-07 1.14382817548032e-06 9.42919947637883e-07 9.53718187455793e-07 1.02459901141624e-06 1.01235723611198e-06 4.59943933600038e-07 1.99101112495145e-08 5.37300505937441e-07 9.62954015788873e-07 9.59408798814895e-07 9.52092298496049e-07 9.71646606776975e-07 9.66364415262153e-07 9.68176697170963e-07 9.64135778824698e-07 9.98362689031642e-07
-9999 -9999 -9999 -9999 -9999 -9999 -9999 -9999 -9999 -9999 -9999 -9999 -9999 -9999 -9999 -9999 -9999 -9999 -9999 -9999 -9999 -9999 -9999 -9999 1.43600417248792e-06 2.20069105619177e-06 1.09274352340691e-06 1.09977055201345e-06 1.07518392264168e-06 1.30122201720086e-06 1.02570934425942e-07 1.95541211846749e-08 1.96460823731201e-08 2.02245411508243e-08 1.96646003935896e-08 1.95783895971369e-08 2.00638570299317e-08 1.95589969580499e-08 2.01579596814865e-08 1.15771165501293e-07 4.05218920473779e-07 1.07070681305586e-06 1.07376426334192e-06 1.07768226621403e-06 1.0836029112862e-06 1.23293482515862e-06 7.217911865619e-07 1.095725666325e-06 1.01023961312213e-06 1.07398239502844e-06 9.69973109711045e-07 1.29242636548289e-07 1.98474137180062e-08 1.99778017713259e-08 1.21219081915751e-06 9.66408056026156e-07 9.63128506711394e-07 9.56648754925513e-07 9.50847130118805e-07 9.62680413445293e-07 9.68882595545411e-07 9.78336555565016e-07
-9999 -9999 -9999 -9999 -9999 -9999 -9999 -9999 -9999 -9999 -9999 -9999 -9999 -9999 -9999 -9999 -9999 -9999 -9999 -9999 -9999 -9999 -9999 -9999 -9999 1.43418799537042e-06 2.1640491165983e-06 2.42045959596723e-06 1.3313485710623e-06 1.10481874247302e-06 1.15323849473592e-06 4.30737406390641e-07 1.920078743576e-07 2.16542923772655e-08 1.9747560674459e-08 1.97062394531288e-08 2.02133176299578e-08 2.14551791373266e-08 2.81583599132141e-08 1.73329988031461e-07 2.14624772436045e-06 1.94708426147623e-06 1.0748429476145e-06 1.07782501839909e-06 1.08140197411053e-06 2.09880350547339e-06 2.32194269916681e-06 9.84538737665134e-07 9.49712975189166e-07 1.17706368294269e-06 1.2132218953239e-06 1.61382878051092e-07 1.96384677811363e-08 1.95079602567168e-08 2.00349463762822e-07 1.08625186959449e-06 9.55617750892611e-07 9.65999636181877e-07 9.63933516506902e-07 9.53250257478781e-07 9.68537581042552e-07 2.2172712426285e-05
-9999 -9999 -9999 -9999 -9999 -9999 -9999 -9999 -9999 -9999 -9999 -9999 -9999 -9999 -9999 -9999 -9999 -9999 -9999 -9999 -9999 -9999 -9999 -9999 -9999 -9999 1.43387075226284e-06 1.42898515069924e-06 1.96648398767904e-06 1.41970560946866e-06 1.24495442930068e-06 1.76069809295738e-06 2.03424777908721e-06 6.88385155519191e-07 4.74112935536152e-07 1.94481593358358e-08 1.95101806158358e-08 1.99238707135372e-08 2.01666833259439e-08 1.97181752922506e-08 3.07752864417178e-07 1.15721593560727e-06 1.08944024217255e-06 1.08451099984495e-06 1.08704101002126e-06 2.62538508236982e-06 3.40471679660442e-06 1.14330073537057e-07 1.27476374005454e-06 9.25031201738523e-07 1.13747927385295e-06 1.31480417709474e-06 2.30646505137854e-07 3.77792548718204e-08 1.99166528557717e-08 8.9888612822411e-07 9.56712232400428e-07 9.93960958947282e-07 9.53634945403462e-07 9.64683055645353e-07 9.69294982731873e-07 1.974391996167e-05
-9999 -9999 -9999 -9999 -9999 -9999 -9999 -9999 -9999 -9999 -9999 -9999 -9999 -9999 -9999 -9999 -9999 -9999 -9999 -9999 -9999 -9999 -9999 -9999 -9999 -9999 -9999 1.4603410035692e-06 2.02930663473307e-06 2.05301287480787e-06 2.04422917921656e-06 1.67681015731898e-06 1.31570440310262e-06 1.54207157066243e-06 2.61922650496696e-07 1.98658550966382e-08 2.02453201055033e-08 2.01262750441499e-08 2.02355257294911e-08 2.12785129391207e-08 2.60759944228376e-08 5.12456143590823e-07 2.47206360919902e-06 1.27447419620874e-06 2.20894745594032e-06 2.82222065312853e-06 1.46302566795712e-06 8.56938247162849e-08 1.61374149898292e-07 3.03900690571891e-06 1.6921093829093e-06 4.09236034766952e-07 1.59718531118905e-06 5.02847529359608e-07 2.02685200405822e-08 6.91803489676835e-08 1.1921170054512e-06 1.13677734282069e-06 1.33943444723051e-06 9.5440424911933e-07 1.95623724303488e-05 1.97912706194329e-05
-9999 -9999 -9999 -9999 -9999 -9999 -9999 -9999 -9999 -9999 -9999 -9999 -9999 -9999 -9999 -9999 -9999 -9999 -9999 -9999 -9999 -9999 -9999 -9999 -9999 -9999 -9999 -9999 2.30017959115934e-06 1.41278569910104e-06 1.41596606486125e-06 1.28466968854893e-06 1.11119541549566e-06 2.28561006799657e-06 1.22311601392525e-06 1.17550127145786e-06 5.81163783737502e-08 2.94528450587889e-08 1.55812026325771e-06 3.01171584738181e-08 2.05210481329918e-08 2.04194097854625e-08 9.5288540626501e-07 2.69872839955599e-06 2.80511693604678e-06 1.52628861785987e-06 1.90637759948341e-06 3.36582638386259e-07 1.630738061759e-06 1.05034352763725e-06 2.35112145498094e-07 1.98715649135401e-08 2.14016452645905e-07 2.23362533418227e-06 1.00736855578515e-06 3.35054693186637e-08 4.79906661725243e-08 1.22541995773067e-06 1.83608379789893e-06 2.19922855947213e-05 1.95840839842976e-05 2.27112691396412e-05
-9999 -9999 -9999 -9999 -9999 -9999 -9999 -9999 -9999 -9999 -9999 -9999 -9999 -9999 -9999 -9999 -9999 -9999 -9999 -9999 -9999 -9999 -9999 -9999 -9999 -9999 -9999 -9999 2.07958627701096e-06 1.5416749807112e-06 2.34025580641268e-06 1.06430236863795e-06 1.80063537910084e-06 1.93083734603884e-06 1.25144615524661e-06 1.0813187320582e-06 1.15732702118837e-06 1.33350579534048e-06 1.3466754959144e-06 1.50115471166745e-06 1.1076224271264e-06 1.1941553537309e-06 2.29221677473228e-06 2.46266923144564e-06 1.06290651339128e-06 1.0600116520012e-06 2.21139032885561e-06 5.32640934677988e-07 2.91591138636459e-06 2.76701577193197e-07 1.65030816727516e-06 1.62896148592983e-07 2.83499762289317e-07 1.41096548250787e-06 1.36198265618908e-06 3.56473593684714e-07 2.01073986103809e-08 7.26894901778645e-08 1.73299839837551e-06 2.7543937809114e-05 1.94263305556293e-05 2.18521587766726e-05
-9999 -9999 -9999 -9999 -9999 -9999 -9999 -9999 -9999 -9999 -9999 -9999 -9999 -9999 -9999 -9999 -9999 -9999 -9999 -9999 -9999 -9999 -9999 -9999 -9999 -9999 -9999 -9999 2.29070182708665e-06 2.40490660474424e-06 1.19307270211614e-06 1.06507174448731e-06 1.06974318170656e-06 1.07462481592798e-06 1.07271738994029e-06 1.40866947338681e-06 2.3645845585426e-06 2.41263945959173e-06 1.66994175026624e-06 1.20233630184449e-06 1.37073475730991e-06 1.42206524033162e-06 1.3316182060637e-06 1.47241225529312e-06 1.01247625637745e-06 1.00705528001974e-06 2.6506419040364e-06 1.77463309383824e-07 2.07267426526096e-07 1.91270269705768e-06 1.25869513861486e-06 1.20283200321678e-06 3.36564402137251e-08 1.13656317847634e-06 1.99745508049082e-06 7.66836245431158e-07 3.37730282279316e-08 2.07012037889806e-08 1.5685062240894e-07 3.06199249109083e-05 2.3780370073159e-05 2.62920039643191e-05
-9999 -9999 -9999 -9999 -9999 -9999 -9999 -9999 -9999 -9999 -9999 -9999 -9999 -9999 -9999 -9999 -9999 -9999 -9999 -9999 -9999 -9999 -9999 -9999 -9999 -9999 -9999 -9999 1.75216412352307e-06 1.21603740987034e-06 2.17430015172905e-06 1.46718156709317e-06 1.07782898574128e-06 1.08209993780061e-06 1.07925657972541e-06 2.35231118876787e-06 1.45324263493688e-06 1.45614139153565e-06 2.45803739551472e-06 1.08530410761391e-06 1.08702514065254e-06 1.43550847111563e-06 1.34532717664042e-06 1.44613229214451e-06 1.1015510951848e-06 1.09118111192208e-06 1.53328787507113e-06 1.53969621469773e-06 1.96551234951189e-06 1.4285449921175e-06 5.61387430527991e-07 1.82662186712821e-07 9.61014851063728e-07 1.21180620336632e-06 1.2178853257253e-06 1.49982630123787e-06 4.70535979824717e-07 2.18702172297013e-08 1.72383001485953e-07 1.54550180206806e-05 2.05273998504991e-05 3.63719535784251e-05
-9999 -9999 -9999 -9999 -9999 -9999 -9999 -9999 -9999 -9999 -9999 -9999 -9999 -9999 -9999 -9999 -9999 -9999 -9999 -9999 -9999 -9999 -9999 -9999 -9999 -9999 -9999 -9999 2.40030650755077e-06 1.90241198850511e-06 1.57620340892399e-06 2.23736487878968e-06 1.40576263783669e-06 1.08346008696765e-06 2.04092575371521e-06 1.60326443354803e-06 1.46174876084242e-06 1.46209370321178e-06 2.2652349526849e-06 1.08484411232127e-06 1.08963846501467e-06 1.23069810976982e-06 1.47101632791295e-06 1.38292892450799e-06 1.2634816287574e-06 1.09386577631e-06 1.17161897466538e-06 1.14819823896071e-06 1.86741584671579e-06 1.36700704259556e-06 1.05010166403112e-06 1.10234423902051e-07 2.89820910554779e-07 1.20103162333452e-06 1.26625357467332e-06 6.25126245092117e-07 4.70789799557507e-08 2.30657600170934e-08 4.12916105308377e-08 9.55437075696268e-07 3.84479034157602e-05 3.29024216080945e-05
-9999 -9999 -9999 -9999 -9999 -9999 -9999 -9999 -9999 -9999 -9999 -9999 -9999 -9999 -9999 -9999 -9999 -9999 -9999 -9999 -9999 -9999 -9999 -9999 -9999 -9999 -9999 -9999 -9999 -9999 1.43986663256948e-06 2.06768944407607e-06 1.33257397486213e-06 1.61397149662924e-06 2.04951916114876e-06 1.46589672529411e-06 1.46609509240321e-06 1.46755045778262e-06 1.65589562773753e-06 1.08676740767768e-06 1.09283080493492e-06 1.09632047911835e-06 1.09575343772028e-06 1.10375989491135e-06 1.22263618192169e-06 1.05621656460323e-06 1.24439135524479e-06 9.8422149455755e-07 1.51271843212603e-06 1.20680158153726e-06 1.45332183751353e-06 9.99116195512275e-07 1.10203092718836e-06 1.25961123399147e-06 1.63976369308992e-06 1.2402234819487e-06 2.28207270455677e-08 2.33982345628169e-08 2.3182111343272e-08 5.08701960413763e-07 9.36160584447028e-06 4.23471107986933e-05
-9999 -9999 -9999 -9999 -9999 -9999 -9999 -9999 -9999 -9999 -9999 -9999 -9999 -9999 -9999 -9999 -9999 -9999 -9999 -9999 -9999 -9999 -9999 -9999 -9999 -9999 -9999 -9999 -9999 -9999 9.26787940856783e-07 2.91881028723035e-06 1.13232006994578e-06 2.28597087973466e-06 1.45833049881827e-06 1.46519876160402e-06 1.46684455940817e-06 1.86925972309507e-06 1.08305960180773e-06 1.08290098025394e-06 1.08480840624163e-06 1.08971781185831e-06 1.09253339853825e-06 1.3823221375546e-06 1.09501976795055e-06 1.0956146528774e-06 1.23235184225833e-06 1.20349822816941e-06 5.77622516072333e-07 1.4784002009154e-06 1.84884493436158e-06 2.11397967132257e-06 2.23506872540164e-06 1.21158013699543e-06 1.12228312702588e-06 9.6874381070253e-07 1.68286161648292e-07 2.48316330390597e-08 4.42508035089548e-07 5.22022475313811e-07 1.44070675625595e-05 4.53270383376615e-05
-9999 -9999 -9999 -9999 -9999 -9999 -9999 -9999 -9999 -9999 -9999 -9999 -9999 -9999 -9999 -9999 -9999 -9999 -9999 -9999 -9999 -9999 -9999 -9999 -9999 -9999 -9999 -9999 -9999 -9999 -9999 9.26518305855385e-07 2.81577249581312e-06 2.05839028253506e-06 1.45553474884925e-06 1.46057096514877e-06 1.46920808547982e-06 2.45720468645743e-06 1.08188974079845e-06 1.08310720991392e-06 1.11426080046608e-06 1.95186685641008e-06 1.08508200858521e-06 2.51892498945277e-06 2.15454365326383e-06 3.06470778117591e-06 4.6925113802565e-07 8.78776680571659e-07 8.44589371653042e-07 1.85185477654145e-06 2.70784520762361e-06 1.93866931230739e-06 2.12064192084883e-06 1.57702024861255e-06 1.31582731857677e-06 1.35519359597998e-06 1.23447738189917e-07 2.28817970651127e-08 9.30560255389203e-07 3.5914718278809e-06 3.34646135732926e-05 3.28863966217056e-05
-9999 -9999 -9999 -9999 -9999 -9999 -9999 -9999 -9999 -9999 -9999 -9999 -9999 -9999 -9999 -9999 -9999 -9999 -9999 -9999 -9999 -9999 -9999 -9999 -9999 -9999 -9999 -9999 -9999 -9999 -9999 -9999 -9999 1.44907086643209e-06 1.45067684654743e-06 1.45994051840928e-06 2.13307008910216e-06 1.11691372611654e-06 2.26876026081447e-06 2.31358718799721e-06 2.08346850166994e-06 2.01033927669462e-06 2.75090342152804e-06 1.48704525593081e-06 1.25746194439766e-06 1.19130009362915e-06 1.03945403894915e-06 3.17214326320182e-07 1.9934736001438e-06 1.27207114098225e-06 1.70582628817038e-06 1.35802497989515e-06 2.3112356360856e-06 1.09930262203644e-06 1.10306993803912e-06 1.12471799312331e-06 1.46084463962585e-06 1.45799738634195e-06 2.45729816975931e-05 2.22669313599907e-05 2.07985202936446e-05 4.52748798925125e-05
-9999 -9999 -9999 -9999 -9999 -9999 -9999 -9999 -9999 -9999 -9999 -9999 -9999 -9999 -9999 -9999 -9999 -9999 -9999 -9999 -9999 -9999 -9999 -9999 -9999 -9999 -9999 -9999 -9999 -9999 -9999 -9999 -9999 -9999 1.45723190570128e-06 1.46007526377649e-06 2.39902960043607e-06 1.08584344975021e-06 1.92201383275873e-06 2.18542356933891e-06 1.28952355137507e-06 1.64828568836419e-06 1.04456570688363e-06 1.25020877728674e-06 1.0713254299023e-06 9.53765795561979e-07 9.48384492626097e-07 1.20270512040045e-06 2.89509600427094e-07 1.41706465797824e-06 1.87471243819023e-06 1.07884022519676e-06 4.17008563036264e-07 2.2216096252489e-06 1.09604687677477e-06 1.11190124173661e-06 1.11128659223235e-06 1.12141471188895e-06 2.41964251217392e-05 3.2054368135971e-05 4.61279816142587e-05 3.79520498809387e-05
-9999 -9999 -9999 -9999 -9999 -9999 -9999 -9999 -9999 -9999 -9999 -9999 -9999 -9999 -9999 -9999 -9999 -9999 -9999 -9999 -9999 -9999 -9999 -9999 -9999 -9999 -9999 -9999 -9999 -9999 -9999 -9999 -9999 -9999 1.45863576776581e-06 1.45931786208717e-06 1.94687810394975e-06 1.08560548135277e-06 2.19018625542835e-06 1.34197628729987e-06 2.02007484587566e-06 1.90011987459274e-06 1.45214418608688e-06 1.11261904213761e-06 9.6849790762073e-07 9.63116604684848e-07 9.51204046648211e-07 9.50577495117406e-07 2.32436173196227e-07 3.13238039584738e-07 1.04414141767062e-06 1.92244216144741e-06 1.35217581911575e-06 1.69636843294209e-06 1.1278785943061e-06 1.40156706527881e-06 1.04785319088276e-06 2.22452198060418e-05 4.53653344992045e-05 2.65691359633807e-05 2.7130605084522e-05 5.37794579227183e-05
-9999 -9999 -9999 -9999 -9999 -9999 -9999 -9999 -9999 -9999 -9999 -9999 -9999 -9999 -9999 -9999 -9999 -9999 -9999 -9999 -9999 -9999 -9999 -9999 -9999 -9999 -9999 -9999 -9999 -9999 -9999 -9999 -9999 -9999 -9999 1.73951782358322e-06 1.51600584399166e-06 1.08463391531911e-06 1.73502087728649e-06 2.32408809355194e-06 1.85355611713615e-06 1.04862646194081e-06 1.79322366256963e-06 9.81441613957257e-07 9.74545435509238e-07 1.05785832293171e-06 1.51508585340637e-06 9.51755218677554e-07 1.02492418920819e-06 6.6095127286353e-07 2.89351772341739e-07 4.75949021498056e-07 2.11293676526312e-06 1.923945134933e-06 1.46429867986313e-06 2.24561723906255e-06 2.38996833515901e-06 4.43958199079836e-05 2.9290119192459e-05 4.01787826567731e-05 3.15996963095323e-05 3.2556870087299e-05
-9999 -9999 -9999 -9999 -9999 -9999 -9999 -9999 -9999 -9999 -9999 -9999 -9999 -9999 -9999 -9999 -9999 -9999 -9999 -9999 -9999 -9999 -9999 -9999 -9999 -9999 -9999 -9999 -9999 -9999 -9999 -9999 -9999 -9999 -9999 2.04206791546271e-06 2.1438603942357e-06 1.08781832055499e-06 2.28815998701728e-06 1.56664629800765e-06 2.07622341351038e-06 1.42320336260344e-06 2.10778946338249e-06 9.66269271183275e-07 1.11662028706205e-06 9.65920289338233e-07 1.37222575663547e-06 9.5344061777003e-07 9.54975329993078e-07 9.53345473691152e-07 1.12286214258399e-06 2.91001447321201e-07 1.63188007923951e-06 1.7413579490208e-06 1.73354964253835e-06 1.05637121881484e-06 2.7596816183626e-05 2.98733027822429e-05 3.11646520309915e-05 1.61781666630086e-05 2.99594290686753e-05 2.36726109295098e-05
-9999 -9999 -9999 -9999 -9999 -9999 -9999 -9999 -9999 -9999 -9999 -9999 -9999 -9999 -9999 -9999 -9999 -9999 -9999 -9999 -9999 -9999 -9999 -9999 -9999 -9999 -9999 -9999 -9999 -9999 -9999 -9999 -9999 -9999 -9999 -9999 2.40944322446279e-06 1.20142424594356e-06 2.05839821721942e-06 2.28572115357767e-06 1.91104910883615e-06 1.17166254329589e-06 2.43884007589669e-06 9.92402442671141e-07 9.66233565103636e-07 9.66019472892787e-07 1.30637725376585e-06 9.62609073419508e-07 9.63929549164719e-07 9.61169505275338e-07 1.35365094907257e-06 1.52816827245228e-06 7.51874099659336e-07 1.3563990909354e-06 4.93968617555933e-07 2.55226768728755e-07 2.40570998444793e-05 2.00870683174459e-05 2.47402705469546e-05 2.43283805957826e-05 1.26767483070885e-06 1.58878179850127e-05
-9999 -9999 -9999 -9999 -9999 -9999 -9999 -9999 -9999 -9999 -9999 -9999 -9999 -9999 -9999 -9999 -9999 -9999 -9999 -9999 -9999 -9999 -9999 -9999 -9999 -9999 -9999 -9999 -9999 -9999 -9999 -9999 -9999 -9999 -9999 2.15698248670344e-06 1.85875492233165e-06 1.49654667978962e-06 2.28830266706885e-06 2.20886810909667e-06 1.09167284595219e-06 1.09882279003288e-06 1.50852675477684e-06 1.02175565334104e-06 9.6066594135218e-07 9.65377051993254e-07 1.02419051943847e-06 9.63184049501945e-07 9.64964592673298e-07 1.19708988854281e-06 9.90245146259471e-07 1.59312852347405e-06 4.57374213935159e-07 1.1720631005893e-06 3.83303538660009e-07 1.43454560368165e-06 3.99328213038102e-07 1.92409374502054e-06 1.72089714349834e-05 2.64080175207462e-05 2.8867654732262e-05 6.14340573255605e-07
-9999 -9999 -9999 -9999 -9999 -9999 -9999 -9999 -9999 -9999 -9999 -9999 -9999 -9999 -9999 -9999 -9999 -9999 -9999 -9999 -9999 -9999 -9999 -9999 -9999 -9999 -9999 -9999 -9999 -9999 -9999 -9999 -9999 -9999 -9999 2.27820628614971e-06 1.47021521332613e-06 2.78838225392146e-06 1.15160467109181e-06 1.09053869102255e-06 1.47200369118185e-06 1.10355770472705e-06 1.39613425902806e-06 1.6004013108954e-06 1.03713025843282e-06 1.2929657617193e-06 1.10535014992495e-06 1.00045658010189e-06 1.00128928915918e-06 9.75243399199321e-07 9.76080147732286e-07 9.79883097681116e-07 2.63514416706998e-06 1.04329673445329e-06 1.80185284821631e-06 7.87426967142666e-06 1.37307070420954e-05 6.74044869125216e-06 1.40808246128617e-06 2.20223302581801e-05 3.90237157449807e-05 5.4813068087454e-06
