Appendix_Data/App5-Higher-Order-Taxon-Info/SA_ASCII/max01.asc
NCOLS 472
NROWS 227
XLLCORNER 17.83333
YLLCORNER -34.83333
CELLSIZE 0.01666667
NODATA_VALUE -9999
[rows 140 to 174 of 227, columns 0 to 78 of 472]
-9999 -9999 -9999 -9999 -9999 -9999 -9999 -9999 -9999 -9999 -9999 -9999 -9999 -9999 -9999 -9999 -9999 -9999 -9999 -9999 -9999 -9999 26.33333 26.4 26.3 26.3 26.3 26.4 26.3 26.4 26.4 26.4 26.5 26.9 27.1 27.3 27.4 27.6 27.7 27.9 28 28.1 28.1 28.1 28.1 28.2 28.3 28.4 28.4 28.3 27.9 28.3 28.1 28.4 28.9 28.8 28.8 28.9 28.6 28.9 28.9 28.1 29.2 29.7 29.9 30 30.1 30.2 30.4 30.4 30.4 30.5 30.6 30.6 25.8 30.1 30.3 30.1 30.7
-9999 -9999 -9999 -9999 -9999 -9999 -9999 -9999 -9999 -9999 -9999 -9999 -9999 -9999 -9999 -9999 -9999 -9999 -9999 -9999 -9999 -9999 -9999 26.36667 26.4 26.4 26.4 26.2 26.1 25.9 25.8 26.1 25.3 25.2 26.8 27 27.3 27.4 27.4 27.7 27.9 28 28.1 28.1 28.1 28 28.2 28.3 28.3 28.3 28.1 28.3 28.2 28.5 28.9 28.9 29 28.8 28.9 28.8 28.8 28.4 28.9 29.5 29.7 30 30.1 30.2 30.1 30.3 30.4 30.5 30.5 30.5 24.7 30 30.2 29.9 30.6
-9999 -9999 -9999 -9999 -9999 -9999 -9999 -9999 -9999 -9999 -9999 -9999 -9999 -9999 -9999 -9999 -9999 -9999 -9999 -9999 -9999 -9999 -9999 -9999 26.4 26.4 26.4 26.3 26.3 26.2 26.3 26 25.9 26.1 25.7 26.7 26.7 27.1 27.3 27.6 27.8 28 28 28.1 28.1 28 27.9 28.1 28.3 28.1 28.2 28.3 28.5 28.2 28.9 28.8 28.9 29 29 28.9 28.7 28.2 29 29.5 29.5 29.9 30.1 29.9 29.9 30.3 30.3 30.4 30.5 30.4 24.7 25.8 30.1 30.2 29.5
-9999 -9999 -9999 -9999 -9999 -9999 -9999 -9999 -9999 -9999 -9999 -9999 -9999 -9999 -9999 -9999 -9999 -9999 -9999 -9999 -9999 -9999 -9999 -9999 -9999 26.4 26.35 26.3 26.3 26.4 26.2 26.1 26.2 26.5 26.7 26.9 26.9 25.1 27.3 27.5 27.7 27.9 28 28 28.1 28.1 28.2 28.2 28.2 28.1 28.4 28.4 28.6 28.5 28.7 28.9 28.9 28.8 28.8 29 28.8 28.6 28.9 29.5 29.7 29.7 30 29.8 29.7 30.2 30.3 30.4 30.4 30.4 30.2 25.8 30.1 30.2 30.1
-9999 -9999 -9999 -9999 -9999 -9999 -9999 -9999 -9999 -9999 -9999 -9999 -9999 -9999 -9999 -9999 -9999 -9999 -9999 -9999 -9999 -9999 -9999 -9999 -9999 -9999 26.35 26.4 26.3 26.4 26.4 26.4 26.4 26.7 26.7 26.8 26.9 26.9 27 27.4 27.6 27.7 27.9 27.9 28 28 28.1 28 27.9 28.1 28.3 28.4 28.4 28.7 28.6 28.7 28.8 28.8 28.9 28.9 28.9 28.8 27.9 29.4 29.6 29.7 29.9 29.7 29.8 30.1 30.2 30.3 30.3 30.3 30 24.7 30 30.3 27.1
-9999 -9999 -9999 -9999 -9999 -9999 -9999 -9999 -9999 -9999 -9999 -9999 -9999 -9999 -9999 -9999 -9999 -9999 -9999 -9999 -9999 -9999 -9999 -9999 -9999 -9999 -9999 26.5 26.6 26.5 26.6 26.6 26.7 26.7 27 26.8 25.8 26.6 26.7 26 27.2 27.6 27.7 27.8 27.9 28 27.9 27.8 27.9 28 28.5 28.6 28.6 28.6 28.1 28.4 28.7 28.7 28.9 28.9 28.8 28.8 28.3 29.2 29.7 29.8 29.6 29.6 29.8 30.1 30.2 30.2 30.2 30.2 30 22.9 24.7 30.1 30.6
-9999 -9999 -9999 -9999 -9999 -9999 -9999 -9999 -9999 -9999 -9999 -9999 -9999 -9999 -9999 -9999 -9999 -9999 -9999 -9999 -9999 -9999 -9999 -9999 -9999 -9999 -9999 -9999 26.7 26.5 26.4 26.4 26.5 26.4 26.8 27 27 26.8 26.9 25.8 25.5 27.4 27.6 27.8 27.9 28 28 27.9 28 28.2 28.3 28.2 28.3 28.5 28.4 28.1 28.5 28.5 28.7 28.7 28.7 29 28.9 29 29.6 29.7 29.8 29.5 29.6 29.8 29.8 29.8 29.8 29.7 29.1 25.8 22.5 24.6 27.4
-9999 -9999 -9999 -9999 -9999 -9999 -9999 -9999 -9999 -9999 -9999 -9999 -9999 -9999 -9999 -9999 -9999 -9999 -9999 -9999 -9999 -9999 -9999 -9999 -9999 -9999 -9999 -9999 26.56 26.5 26.5 26.4 26.3 26.3 26.6 26.8 27 27 27 26.9 26 27.1 27.5 27.7 27.8 28 28 28 28.1 28.2 28.3 28.2 27.9 28.3 28.3 28.1 28.2 28.2 28.4 28.7 28.6 29 29.2 28.8 29.3 29.6 29.7 29.9 29.8 30 30.1 30.1 30.2 30 29.6 23.8 24.1 27.5 25.5
-9999 -9999 -9999 -9999 -9999 -9999 -9999 -9999 -9999 -9999 -9999 -9999 -9999 -9999 -9999 -9999 -9999 -9999 -9999 -9999 -9999 -9999 -9999 -9999 -9999 -9999 -9999 -9999 26.6 26.5 26.4 26.3 26.4 26.4 26.4 26.6 26.7 26.8 26.9 26.9 26.9 27.2 27.4 27.6 27.7 27.9 27.9 28 28.1 28.3 28.2 28.1 27.8 28.1 28.2 28.2 27.4 27.6 28.3 28.7 28.8 29 29.2 29.3 29.3 29.6 29.5 29.8 29.7 29.8 29.9 30 30.1 30 29.8 25.3 27.2 26.2 27.5
-9999 -9999 -9999 -9999 -9999 -9999 -9999 -9999 -9999 -9999 -9999 -9999 -9999 -9999 -9999 -9999 -9999 -9999 -9999 -9999 -9999 -9999 -9999 -9999 -9999 -9999 -9999 -9999 26.5 26.4 26.4 26.4 26.5 26.4 26.3 26.3 26.6 26.7 26.8 26.9 26.9 26.9 27 27.4 27.6 27.8 27.9 27.9 28.1 28.2 28.1 28 27.8 28.1 28 28.1 28.1 27.2 28.1 28.5 28.9 29 29.2 29.3 29.4 29.5 29.5 29.7 29.8 29.8 29.8 29.8 29.9 29.9 29.7 26.6 24.8 28.3 28.5
-9999 -9999 -9999 -9999 -9999 -9999 -9999 -9999 -9999 -9999 -9999 -9999 -9999 -9999 -9999 -9999 -9999 -9999 -9999 -9999 -9999 -9999 -9999 -9999 -9999 -9999 -9999 -9999 26.45 26.45 26.5 26.5 26.6 26.6 26.5 26.4 26.4 26.7 26.8 26.9 27 27.1 27.1 27.1 27.5 27.8 27.9 28 28.1 28.1 28 28 27.8 28 28 27.9 26.5 25.3 27.7 27.6 28.8 28.9 29.1 29.2 29.3 29.4 29.6 29.5 29.6 29.5 29.6 29.6 29.5 29.7 29.7 26.6 27 29 29.6
-9999 -9999 -9999 -9999 -9999 -9999 -9999 -9999 -9999 -9999 -9999 -9999 -9999 -9999 -9999 -9999 -9999 -9999 -9999 -9999 -9999 -9999 -9999 -9999 -9999 -9999 -9999 -9999 -9999 -9999 26.53333 26.6 26.5 26.5 26.5 26.4 26.4 26.6 26.8 26.9 27 27.1 27.3 27.4 27.5 27.7 27.8 27.9 28 28.1 28.1 28.1 28.1 28.2 28.1 28 26.8 23.8 25.2 28.2 28.6 28.9 29.1 29.2 29.4 29.4 29.5 29.5 29.6 29.6 29.3 29.1 28.2 28.7 29.5 25.4 24.7 28.7 26.5
-9999 -9999 -9999 -9999 -9999 -9999 -9999 -9999 -9999 -9999 -9999 -9999 -9999 -9999 -9999 -9999 -9999 -9999 -9999 -9999 -9999 -9999 -9999 -9999 -9999 -9999 -9999 -9999 -9999 -9999 26.6 26.53333 26.5 26.5 26.5 26.5 26.5 26.4 26.6 26.8 27 27.1 27.3 27.4 27.5 27.6 27.7 27.9 27.9 28 28.1 28.1 28.1 28.1 28.1 27.9 27.8 25.4 24.8 25.7 28.6 28.8 28.9 29.2 29.2 29.3 29.3 29.5 29.5 29.6 29.3 29.1 27 25.5 28.5 24.4 28.1 26.2 25.5
-9999 -9999 -9999 -9999 -9999 -9999 -9999 -9999 -9999 -9999 -9999 -9999 -9999 -9999 -9999 -9999 -9999 -9999 -9999 -9999 -9999 -9999 -9999 -9999 -9999 -9999 -9999 -9999 -9999 -9999 -9999 26.5 26.46667 26.4 26.5 26.5 26.5 26.4 26.5 26.8 26.9 27 27.2 27.3 27.5 27.6 27.7 27.9 27.8 27.9 27.9 28 28.1 28.1 28.1 28.1 28.1 26.7 26.9 28.2 28.5 28.9 28.9 29.1 29.1 29.2 29.2 29.3 29.5 29.6 29.5 29.3 29.1 26.5 26.4 26.8 25.4 24.6 23.3
-9999 -9999 -9999 -9999 -9999 -9999 -9999 -9999 -9999 -9999 -9999 -9999 -9999 -9999 -9999 -9999 -9999 -9999 -9999 -9999 -9999 -9999 -9999 -9999 -9999 -9999 -9999 -9999 -9999 -9999 -9999 -9999 -9999 26.55 26.4 26.5 26.5 26.5 26.5 26.6 26.9 26.9 27.1 27.2 27.4 27.5 27.7 27.8 27.7 27.8 27.9 27.9 28 28 28.1 28.1 28.2 27.9 28.2 28.5 28.7 28.8 29 29 29.1 29.1 29.2 29.2 29.5 29.5 29.6 29.4 29.4 29.2 28.7 28 24.4 22.1 23
-9999 -9999 -9999 -9999 -9999 -9999 -9999 -9999 -9999 -9999 -9999 -9999 -9999 -9999 -9999 -9999 -9999 -9999 -9999 -9999 -9999 -9999 -9999 -9999 -9999 -9999 -9999 -9999 -9999 -9999 -9999 -9999 -9999 -9999 26.9 26.8 26.8 26.5 26.5 26.5 26.8 26.9 27 27.1 27.3 27.5 27.7 27.6 27.8 27.9 27.8 27.9 27.9 28.1 28.1 28.1 28.2 28.3 28.3 28.4 28.6 28.7 28.8 28.8 29 29.1 29.2 29.3 29.4 29.3 29.4 29.3 29.1 28.3 27.6 23.9 25.4 22 22
-9999 -9999 -9999 -9999 -9999 -9999 -9999 -9999 -9999 -9999 -9999 -9999 -9999 -9999 -9999 -9999 -9999 -9999 -9999 -9999 -9999 -9999 -9999 -9999 -9999 -9999 -9999 -9999 -9999 -9999 -9999 -9999 -9999 -9999 26.83333 26.8 26.9 26.9 26.9 26.9 27 27 27.1 27.2 27.3 27.4 27.5 27.6 27.6 27.7 27.8 27.9 27.9 28 28 28.1 28.2 28.3 28.3 28.4 28.5 28.7 28.7 28.7 28.7 28.9 29 29.4 29.4 29.5 28.9 29.1 28.2 27.5 25 23.3 24.2 25.4 23.7
-9999 -9999 -9999 -9999 -9999 -9999 -9999 -9999 -9999 -9999 -9999 -9999 -9999 -9999 -9999 -9999 -9999 -9999 -9999 -9999 -9999 -9999 -9999 -9999 -9999 -9999 -9999 -9999 -9999 -9999 -9999 -9999 -9999 -9999 -9999 26.825 26.8 26.9 26.9 26.9 26.9 26.9 27 26.9 27.2 27.4 27.5 27.6 27.6 27.8 27.8 27.9 27.9 27.9 28 28.1 28.1 28.2 28.3 28.5 28.5 28.6 28.6 28.6 28.5 28.6 28.8 29.1 29.3 29.4 29.3 28.6 27.8 26.7 21.3 22.6 23.5 21.6 21.6
-9999 -9999 -9999 -9999 -9999 -9999 -9999 -9999 -9999 -9999 -9999 -9999 -9999 -9999 -9999 -9999 -9999 -9999 -9999 -9999 -9999 -9999 -9999 -9999 -9999 -9999 -9999 -9999 -9999 -9999 -9999 -9999 -9999 -9999 -9999 26.8 26.8 26.8 26.9 26.9 26.8 26.8 26.8 26.8 27.2 27.4 27.5 27.6 27.6 27.7 27.8 27.9 27.9 28 28 28.1 28.2 28.3 28.3 28.6 28.5 28.5 28.6 28.4 27.1 26 28.9 29.1 29.1 29.2 29.2 28.8 27.4 25.2 23.5 22.8 22.2 21.5 20
-9999 -9999 -9999 -9999 -9999 -9999 -9999 -9999 -9999 -9999 -9999 -9999 -9999 -9999 -9999 -9999 -9999 -9999 -9999 -9999 -9999 -9999 -9999 -9999 -9999 -9999 -9999 -9999 -9999 -9999 -9999 -9999 -9999 -9999 -9999 -9999 26.8 26.8 26.8 26.8 26.8 26.8 26.7 26.8 27 27.3 27.5 27.6 27.6 27.6 27.7 27.9 27.9 28 28 28.1 28.1 28.1 28.2 28.4 28.5 28.5 28.4 28.1 24.9 25.3 27.4 29 29 29 28.9 28.7 28.2 25.7 24.9 23.7 26 25.4 26
-9999 -9999 -9999 -9999 -9999 -9999 -9999 -9999 -9999 -9999 -9999 -9999 -9999 -9999 -9999 -9999 -9999 -9999 -9999 -9999 -9999 -9999 -9999 -9999 -9999 -9999 -9999 -9999 -9999 -9999 -9999 -9999 -9999 -9999 -9999 26.76667 26.8 26.8 26.7 26.7 26.9 26.9 26.9 27 27.2 27.4 27.4 27.5 27.5 27.6 27.6 27.8 27.8 27.9 28 28 28 28 28.1 28.3 28.4 28.5 28.4 27.4 25.1 25.9 27.7 28.9 28.9 28.9 28.8 28.7 28.4 27.9 25.1 25.5 27.3 26.8 26.3
-9999 -9999 -9999 -9999 -9999 -9999 -9999 -9999 -9999 -9999 -9999 -9999 -9999 -9999 -9999 -9999 -9999 -9999 -9999 -9999 -9999 -9999 -9999 -9999 -9999 -9999 -9999 -9999 -9999 -9999 -9999 -9999 -9999 -9999 -9999 26.76667 26.7 26.4 26.7 26.7 26.9 27 27 27.2 27.3 27.4 27.4 27.3 27.4 27.3 27.5 27.7 27.8 27.8 27.9 27.9 28 28 28 28.2 28.4 28.4 28.3 28.1 25.4 26.6 27.3 28.8 28.7 28.8 28.7 28.4 27.3 27.7 21.2 22.7 26.1 24.6 23.3
-9999 -9999 -9999 -9999 -9999 -9999 -9999 -9999 -9999 -9999 -9999 -9999 -9999 -9999 -9999 -9999 -9999 -9999 -9999 -9999 -9999 -9999 -9999 -9999 -9999 -9999 -9999 -9999 -9999 -9999 -9999 -9999 -9999 -9999 -9999 -9999 26.8 26.7 26.7 26.8 26.9 27 27 27.2 27.1 27.1 27.2 27.2 27.2 26.8 27.3 27.5 27.7 27.7 27.8 27.9 27.8 27.9 28 28.3 28.2 28.4 28.3 28.3 28.2 27.9 28 28.6 28.7 28.6 28.3 26.9 24.5 21.8 21.3 21.3 23.9 25.2 25.4
-9999 -9999 -9999 -9999 -9999 -9999 -9999 -9999 -9999 -9999 -9999 -9999 -9999 -9999 -9999 -9999 -9999 -9999 -9999 -9999 -9999 -9999 -9999 -9999 -9999 -9999 -9999 -9999 -9999 -9999 -9999 -9999 -9999 -9999 -9999 -9999 26.725 26.7 26.7 26.8 26.9 27 27 27.1 27 26.7 26.6 26.9 27.1 27.2 27.4 27.5 27.6 27.7 27.7 27.8 27.7 27.7 27.9 28 28.2 28.1 28.1 28.2 28.3 28.4 28.4 28.5 28.5 28.4 25.6 25.3 24.7 22.4 21.1 23.2 22 22.4 24
-9999 -9999 -9999 -9999 -9999 -9999 -9999 -9999 -9999 -9999 -9999 -9999 -9999 -9999 -9999 -9999 -9999 -9999 -9999 -9999 -9999 -9999 -9999 -9999 -9999 -9999 -9999 -9999 -9999 -9999 -9999 -9999 -9999 -9999 -9999 -9999 26.7 26.7 26.7 26.8 26.8 26.9 27 26.9 26.9 26.8 26.7 26.9 27.2 27.3 27.4 27.5 27.5 27.6 27.6 27.7 27.7 27.7 27.8 27.9 28.1 28.1 28 28.1 28.1 28.2 28.3 28.4 28.4 28.3 26.9 23.6 24.6 27.6 25.1 24.7 21.1 20.1 20.8
-9999 -9999 -9999 -9999 -9999 -9999 -9999 -9999 -9999 -9999 -9999 -9999 -9999 -9999 -9999 -9999 -9999 -9999 -9999 -9999 -9999 -9999 -9999 -9999 -9999 -9999 -9999 -9999 -9999 -9999 -9999 -9999 -9999 -9999 -9999 -9999 -9999 26.7 26.7 26.7 26.8 26.9 26.9 26.8 26.7 26.3 26.7 26.9 27 27.2 27.3 27.5 27.5 27.6 27.6 27.7 27.8 27.8 27.7 27.7 27.6 27.8 27.9 27.8 27.9 28.1 28.2 28.3 28.3 28.2 26.6 24.3 25.1 26.8 27 27.2 24.8 23.4 21.4
-9999 -9999 -9999 -9999 -9999 -9999 -9999 -9999 -9999 -9999 -9999 -9999 -9999 -9999 -9999 -9999 -9999 -9999 -9999 -9999 -9999 -9999 -9999 -9999 -9999 -9999 -9999 -9999 -9999 -9999 -9999 -9999 -9999 -9999 -9999 -9999 -9999 -9999 26.7 26.7 26.7 26.8 26.8 26.6 26.3 26.4 26.5 26.8 27 27.2 27.2 27.4 27.5 27.5 27.6 27.6 27.7 27.6 27.7 27.6 27.4 27 27.7 27.5 27.5 27.8 28 28.1 28.2 28.1 27.6 25.8 27.2 28.5 27.8 27.8 27.7 26.8 21.1
-9999 -9999 -9999 -9999 -9999 -9999 -9999 -9999 -9999 -9999 -9999 -9999 -9999 -9999 -9999 -9999 -9999 -9999 -9999 -9999 -9999 -9999 -9999 -9999 -9999 -9999 -9999 -9999 -9999 -9999 -9999 -9999 -9999 -9999 -9999 -9999 -9999 -9999 26.65 26.6 26.7 26.8 26.8 26.7 25.4 26.4 26.6 26.8 26.9 27.2 27.2 27.3 27.5 27.5 27.5 27.6 27.6 27.6 27.6 27.5 27.6 27.2 26.7 26 25.9 27.5 27.8 27.9 28.1 28 28.1 28 28 26.7 24.4 23.7 25.6 27.3 26.3
-9999 -9999 -9999 -9999 -9999 -9999 -9999 -9999 -9999 -9999 -9999 -9999 -9999 -9999 -9999 -9999 -9999 -9999 -9999 -9999 -9999 -9999 -9999 -9999 -9999 -9999 -9999 -9999 -9999 -9999 -9999 -9999 -9999 -9999 -9999 -9999 -9999 -9999 26.6 26.6 26.7 26.7 26.8 26.8 26.7 26.4 26.6 26.9 26.9 27.2 27.3 27.3 27.4 27.5 27.5 27.5 27.5 27.5 27.5 27.4 27.5 27.2 26.3 25 23.7 26.7 27.4 27.7 27.8 27.9 28 28.1 27.8 27.3 25.5 23.9 23.4 25 24.3
-9999 -9999 -9999 -9999 -9999 -9999 -9999 -9999 -9999 -9999 -9999 -9999 -9999 -9999 -9999 -9999 -9999 -9999 -9999 -9999 -9999 -9999 -9999 -9999 -9999 -9999 -9999 -9999 -9999 -9999 -9999 -9999 -9999 -9999 -9999 -9999 -9999 -9999 26.6 26.6 26.7 26.7 26.8 26.9 26.8 26.4 26.7 27 27 27.2 27.4 27.3 27.3 27.5 27.5 27.4 27.3 27.3 27.3 27.3 27.3 26.7 26.6 26.1 22 22.1 27.1 27.5 27.6 27.6 27.8 27.9 28 28 27.9 27.4 26.4 23.3 20.5
-9999 -9999 -9999 -9999 -9999 -9999 -9999 -9999 -9999 -9999 -9999 -9999 -9999 -9999 -9999 -9999 -9999 -9999 -9999 -9999 -9999 -9999 -9999 -9999 -9999 -9999 -9999 -9999 -9999 -9999 -9999 -9999 -9999 26.15 26.26667 -9999 -9999 26.53333 26.6 26.6 26.7 26.7 26.8 26.8 26.9 26.9 27 27.1 27.1 27.2 27.3 27.3 27.4 27.3 27.3 27 26.9 26.9 26.9 27.3 27.5 27.1 27.1 27.1 25.9 24.5 26.8 27.3 27.2 26.5 27.4 27.7 27.8 26.4 27.8 27.8 27.7 27.1 26
-9999 -9999 -9999 -9999 -9999 -9999 -9999 -9999 -9999 -9999 -9999 -9999 -9999 -9999 -9999 -9999 -9999 -9999 -9999 -9999 -9999 -9999 -9999 -9999 -9999 -9999 -9999 -9999 -9999 -9999 -9999 -9999 25.93333 25.9 26.4 26.5 26.48 26.5 26.5 26.6 26.7 26.8 26.8 26.9 26.9 27 27 27.1 27.2 27.3 27.4 27.3 27.1 27 26.8 26.9 26.7 27 27.2 26.9 27.2 27.2 27.3 26.7 26.1 26.6 27 26.6 23.5 20.6 22.3 23.4 26.8 27.4 27.6 26.3 27.7 27.4 22.5
-9999 -9999 -9999 -9999 -9999 -9999 -9999 -9999 -9999 -9999 -9999 -9999 -9999 -9999 -9999 -9999 -9999 -9999 -9999 -9999 -9999 -9999 -9999 -9999 -9999 -9999 -9999 -9999 -9999 -9999 -9999 26.1 25.8 26.1 26.5 26.4 26.4 26.6 26.6 26.7 26.7 26.8 26.8 26.9 26.9 27 27 27.1 27.2 27.2 27.2 27.2 27 26.7 26.1 26.8 26.9 27 27.1 27 27.1 27.4 27.3 27.1 25.8 24.5 26.5 24.8 19.7 19.1 21.1 22.4 26.9 27.5 27.5 26.7 27.4 27.2 24.3
-9999 -9999 -9999 -9999 -9999 -9999 -9999 -9999 -9999 -9999 -9999 -9999 -9999 -9999 -9999 -9999 -9999 -9999 -9999 -9999 -9999 -9999 -9999 -9999 -9999 -9999 -9999 -9999 -9999 -9999 -9999 26.06667 26.4 22 25.9 22.2 24.4 26.5 26.7 26.7 26.8 26.8 26.9 26.9 27 27 27.1 27.1 27.1 27.2 27.1 27.1 27 26.6 26.7 26.9 27 27.1 27.1 27.1 27.1 26.9 26.3 27 26.8 23.6 21.8 25.6 23.6 20.8 22.4 23.4 23.4 24 25.2 26.1 26.9 22.4 24.3
-9999 -9999 -9999 -9999 -9999 -9999 -9999 -9999 -9999 -9999 -9999 -9999 -9999 -9999 -9999 -9999 -9999 -9999 -9999 -9999 -9999 -9999 -9999 -9999 -9999 -9999 -9999 -9999 -9999 -9999 -9999 24.825 26 20.3 18 21.7 26.3 26.7 26.7 26.8 26.8 26.9 26.9 27 27 27 27 27 27 27.1 27 27 26.9 26.7 26.8 26.7 26.9 27 27 26.8 26.9 26.7 25.7 20.4 25.9 26.8 25.7 20.1 19.5 26.4 18.6 19.5 22.8 26.2 27.1 24.9 20.4 22.9 26.8
