Appendix_Data/App5-Higher-Order-Taxon-Info/SA_ASCII/max01.asc
NCOLS 472
NROWS 227
XLLCORNER 17.83333
YLLCORNER -34.83333
CELLSIZE 0.01666667
NODATA_VALUE -9999
[rows 70 to 104 of 227, columns 0 to 78 of 472]
-9999 -9999 -9999 -9999 -9999 -9999 -9999 -9999 -9999 -9999 -9999 -9999 -9999 -9999 -9999 -9999 -9999 -9999 -9999 -9999 -9999 -9999 -9999 -9999 -9999 -9999 -9999 -9999 -9999 28.05 27.9 27.6 28.6 28.6 28.8 29.2 29.4 29.5 29.6 29.7 30.1 30 29.8 29.7 29.9 30.2 30.2 30.2 30.1 29.9 30.1 30.2 29.6 30.4 28.9 28.3 28.2 28.3 27.6 30.5 31.3 30.7 31.3 31.7 32 31.7 30.8 29.8 30 31.5 30 29.8 27.4 24 25.3 26.9 27.2 27.4 27.6
-9999 -9999 -9999 -9999 -9999 -9999 -9999 -9999 -9999 -9999 -9999 -9999 -9999 -9999 -9999 -9999 -9999 -9999 -9999 -9999 -9999 -9999 -9999 -9999 -9999 -9999 -9999 -9999 -9999 28 28.1 27.8 28.3 28.4 28.6 28.9 29.1 29.3 29.1 28.5 29.7 30.1 29.8 29.7 29.8 30.1 30.2 30.1 29.9 29.8 30 29.7 28.3 29.5 30 29.4 28.5 28.2 29.2 29.2 30.1 30.5 30.9 31.6 32.1 31.1 31 31.4 29.8 29.9 30.5 30.8 29.1 26.4 24.4 25.3 27.1 27.6 27.3
-9999 -9999 -9999 -9999 -9999 -9999 -9999 -9999 -9999 -9999 -9999 -9999 -9999 -9999 -9999 -9999 -9999 -9999 -9999 -9999 -9999 -9999 -9999 -9999 -9999 -9999 -9999 -9999 -9999 28.1 27.875 27.9 28.1 28.2 28.1 28.3 28.7 29.1 29 28.9 28.5 29.7 30.1 29.5 30 30.1 30.1 30.1 30.3 30.3 30.3 30.4 29.9 29.3 29.4 29.8 29.5 28.8 28.2 29.4 28.9 30 30.4 30.9 31.8 32.1 30.7 30.7 31.2 30.1 29.8 29.4 30.8 29.7 27 25.2 25.4 26.6 27.8
-9999 -9999 -9999 -9999 -9999 -9999 -9999 -9999 -9999 -9999 -9999 -9999 -9999 -9999 -9999 -9999 -9999 -9999 -9999 -9999 -9999 -9999 -9999 -9999 -9999 -9999 -9999 -9999 -9999 -9999 28.1 27.7 28.1 28.2 28.2 28.3 28.5 28.6 29.1 29.4 29.4 29 29.9 30.1 30 30.4 30.3 30.2 30 29.7 29.6 29.8 30.1 29.9 29.4 28.7 29.2 29.2 28.6 29 29 29.8 30 30.6 30.9 32.1 31.3 31.2 31.4 30.6 29.7 28.8 29.5 29.6 27.5 25.2 25.2 25.8 27.1
-9999 -9999 -9999 -9999 -9999 -9999 -9999 -9999 -9999 -9999 -9999 -9999 -9999 -9999 -9999 -9999 -9999 -9999 -9999 -9999 -9999 -9999 -9999 -9999 -9999 -9999 -9999 -9999 -9999 27.85 28.3 28.7 28.5 28.2 28.6 28.9 28.6 28.2 28.6 29 29.4 29.3 29.5 30.3 30.4 30.4 30.5 30.4 30.3 29.9 29.2 29.4 29.6 29.7 29.2 27.4 26.6 28.9 29.4 28.6 29.2 29.6 30.1 30.7 30.8 31.7 31.7 30.9 30.1 30.9 30.1 27.1 27.5 30.1 29.6 26.2 24.5 24.7 25.4
-9999 -9999 -9999 -9999 -9999 -9999 -9999 -9999 -9999 -9999 -9999 -9999 -9999 -9999 -9999 -9999 -9999 -9999 -9999 -9999 -9999 -9999 -9999 -9999 -9999 -9999 -9999 -9999 27.8 27.9 28.2 28.9 28.9 29 29 29 29.1 28.8 28.4 28.6 29.1 29.5 29.7 30.1 30.2 30.1 30.3 30.5 30.5 30.2 29.6 29.3 28.5 29.4 26.9 27.8 26.1 28.4 29.2 29.4 29.8 29.7 30.1 30.2 31 31.6 31 30.6 30.3 28.9 31 30.5 28.5 27.2 29.5 26.2 24.2 24.5 25.5
-9999 -9999 -9999 -9999 -9999 -9999 -9999 -9999 -9999 -9999 -9999 -9999 -9999 -9999 -9999 -9999 -9999 -9999 -9999 -9999 -9999 -9999 -9999 -9999 -9999 -9999 -9999 -9999 27.625 27 28 28.7 28.7 27.8 29 29.3 29.3 29.3 28.8 28.9 29 29.6 29.8 29.7 29.8 30.2 29.9 30.3 30.1 30.6 30.5 30 29.6 29.8 29.9 29.7 27.8 28.2 29.2 29.5 29.6 30.1 30 30.7 31 31.4 32 31.1 30.6 29.5 29.7 29.7 26.1 26.2 27.7 28.7 25.2 25.4 25.9
-9999 -9999 -9999 -9999 -9999 -9999 -9999 -9999 -9999 -9999 -9999 -9999 -9999 -9999 -9999 -9999 -9999 -9999 -9999 -9999 -9999 -9999 -9999 -9999 -9999 -9999 -9999 -9999 27.53333 27.8 27.8 28.1 28.2 28.3 28.4 29.4 29.6 29.6 29.6 29.3 29.4 29.3 29.6 29.8 29.6 30 29.9 30 29.9 30.2 30.4 30.6 30.4 30.4 30.3 29.4 28.4 28.5 28.6 29.2 29.2 29.8 30.4 29.8 29.8 31.5 31.6 31 30.8 30.2 28.4 30.6 28.4 25 25.2 24.8 27.5 25.3 24.5
-9999 -9999 -9999 -9999 -9999 -9999 -9999 -9999 -9999 -9999 -9999 -9999 -9999 -9999 -9999 -9999 -9999 -9999 -9999 -9999 -9999 -9999 -9999 -9999 -9999 -9999 -9999 -9999 27.8 27.8 28.4 28.1 27.9 27.9 28.2 29 29.6 29.6 29.6 29.7 29.9 29.2 29.2 29.5 29.9 29.6 29.8 29.7 29.6 29.5 30.1 30.2 30.5 29.6 29.5 28.8 28.7 27.7 26 26.1 27.6 28.4 26.3 30.3 30.2 31.7 31.4 31.9 31.7 30.8 29.2 26.6 30.1 28.7 24.9 24.7 25 25.5 24.2
-9999 -9999 -9999 -9999 -9999 -9999 -9999 -9999 -9999 -9999 -9999 -9999 -9999 -9999 -9999 -9999 -9999 -9999 -9999 -9999 -9999 -9999 -9999 -9999 -9999 -9999 -9999 -9999 -9999 28.18 28.5 28.1 28.2 28.1 28.3 28.5 29 29.8 29.3 28.8 29.8 29.8 29.3 29.4 29.8 29.7 29.7 29.8 29.8 29.4 29.3 30 30 30.3 30.3 29.8 29.1 28.1 27.1 25.7 25.9 27.1 28.7 28 30.6 30.9 31.8 30.9 31 30.9 30.4 29 25.9 28.9 28.4 25.2 24.9 24.8 24
-9999 -9999 -9999 -9999 -9999 -9999 -9999 -9999 -9999 -9999 -9999 -9999 -9999 -9999 -9999 -9999 -9999 -9999 -9999 -9999 -9999 -9999 -9999 -9999 -9999 -9999 -9999 -9999 -9999 27.7 28.5 28.3 27.6 28.1 28.1 28.6 29.2 29.4 29.4 28.8 29.3 29.5 29.9 29.9 29.4 29.8 29.7 29.6 29.7 29.9 29.2 29.2 29.9 29.8 29 29.9 29.7 28.8 28.5 27.8 27.2 28 27.5 30.1 29.2 31.1 31.4 31.1 30 30.3 30.3 28.9 26.2 24.7 27.7 27.8 24.1 25.2 26
-9999 -9999 -9999 -9999 -9999 -9999 -9999 -9999 -9999 -9999 -9999 -9999 -9999 -9999 -9999 -9999 -9999 -9999 -9999 -9999 -9999 -9999 -9999 -9999 -9999 -9999 -9999 -9999 -9999 27.7 28.5 28.5 28.1 27.9 28 28.5 28.9 29 29.7 29.7 29.7 29.5 30.2 30 29.7 29.6 29.6 29.7 29.4 29.3 30.1 29.4 29.6 29.7 29.7 29.5 29.4 29.1 29.4 28.4 28.5 28.5 29.3 29.9 30.3 30.8 31 30.8 30 30.8 29.3 29.3 26.4 25.4 24.9 24.8 26.6 26.6 26.3
-9999 -9999 -9999 -9999 -9999 -9999 -9999 -9999 -9999 -9999 -9999 -9999 -9999 -9999 -9999 -9999 -9999 -9999 -9999 -9999 -9999 -9999 -9999 -9999 -9999 -9999 -9999 -9999 -9999 28.3 28.5 28.5 28.5 28.4 28.4 28.3 28.5 28.7 29.1 30 29.7 29.1 29.8 30.2 30.1 30.2 29.8 29.5 29.5 29.2 30 30.2 29.4 29.9 30 29.7 29.8 30.2 29.7 28.9 28.5 28.4 28.1 27.8 30.2 30.9 31.6 31.6 31.4 30.7 30.8 31 30.2 28.5 24.8 25 24.8 25.1 27.5
-9999 -9999 -9999 -9999 -9999 -9999 -9999 -9999 -9999 -9999 -9999 -9999 -9999 -9999 -9999 -9999 -9999 -9999 -9999 -9999 -9999 -9999 -9999 -9999 -9999 -9999 -9999 -9999 -9999 28.5 28.5 28.5 28.5 28.5 28.5 28.7 28.6 28.2 28.4 28.5 30.4 29.8 29.4 30 29.8 29.6 29.8 29.8 29.7 29.1 28.9 30.2 30.4 30.3 30.3 30.6 30.5 29.5 29.1 28.9 28.6 28 27.9 28 29.2 30.5 30.3 31.7 31.3 30.3 30.6 29.6 28.3 30.6 28.2 24.4 24.9 24.8 25.3
-9999 -9999 -9999 -9999 -9999 -9999 -9999 -9999 -9999 -9999 -9999 -9999 -9999 -9999 -9999 -9999 -9999 -9999 -9999 -9999 -9999 -9999 -9999 -9999 -9999 -9999 -9999 -9999 -9999 28.46667 28.5 28.5 28.4 28.4 28.5 28.8 29 28.6 27.9 29 30 30.4 30.4 29.8 29.4 29.3 29 29.2 28.9 29.6 29.4 29.7 30.6 30.6 30.6 30.5 29.9 30.4 29.3 28.4 28.6 28.9 29.4 29.8 30.1 30.2 30.5 31.6 31.5 30.4 29.7 30 28.4 26.7 30.2 27 27.6 24.9 25.3
-9999 -9999 -9999 -9999 -9999 -9999 -9999 -9999 -9999 -9999 -9999 -9999 -9999 -9999 -9999 -9999 -9999 -9999 -9999 -9999 -9999 -9999 -9999 -9999 -9999 -9999 -9999 -9999 -9999 28 28.4 28.4 28.4 28.4 28.5 28.7 28.9 29 28.7 29 29.8 30.1 30.5 29.8 29.9 29.3 29.1 28.4 28.3 28.9 30.3 30 30.7 30.5 30.2 29 30.3 27.9 29.5 29.6 28.6 28.1 28.7 29.4 28.4 28.9 30.1 31.5 31.6 31.2 30.6 28 28.8 27.8 26.6 29.8 26.7 25.1 25.3
-9999 -9999 -9999 -9999 -9999 -9999 -9999 -9999 -9999 -9999 -9999 -9999 -9999 -9999 -9999 -9999 -9999 -9999 -9999 -9999 -9999 -9999 -9999 -9999 -9999 -9999 -9999 -9999 -9999 27.5 27.6 28.4 28.4 28.3 28.5 28.7 28.9 29.1 29.1 28.5 29.2 30 30.3 30.4 30.6 30.6 30.2 29 28.8 27.9 29.1 30.5 30.5 30.3 30 29.5 27.6 29.7 27.5 28.6 29.8 28.7 28.7 28.7 27.8 26.1 30 31.3 31.7 31.3 30.4 28.9 26.9 28.1 28.2 27.3 28.3 24.9 24
-9999 -9999 -9999 -9999 -9999 -9999 -9999 -9999 -9999 -9999 -9999 -9999 -9999 -9999 -9999 -9999 -9999 -9999 -9999 -9999 -9999 -9999 -9999 -9999 -9999 -9999 -9999 -9999 -9999 27.5 27.5 28.3 28.3 28.3 28.4 28.7 28.8 29 29.2 29.3 29 29.4 29.9 30.3 30.3 30.4 30.7 30.6 30 29.6 28.7 30.1 30.7 29.6 29.8 29.3 28.8 29.1 28.4 28.5 28.4 29.4 28.7 28.2 29.1 29.1 29.3 31.2 31.6 31.2 30.8 29.7 26.2 25.3 28.3 26.1 27.4 27.4 24.4
-9999 -9999 -9999 -9999 -9999 -9999 -9999 -9999 -9999 -9999 -9999 -9999 -9999 -9999 -9999 -9999 -9999 -9999 -9999 -9999 -9999 -9999 -9999 -9999 -9999 -9999 -9999 -9999 27.4 27.425 27.4 27.4 28.2 28.3 28.4 28.6 28.8 29 29.1 29.3 29.5 29.6 29.9 30 30 30.3 30.5 30.7 30.9 30.5 30 29.3 30.3 30.6 28.8 29.1 28.2 30 30.6 30.6 29.9 28 28.8 28.1 29.1 29.5 29.3 30.5 31.6 31.6 31.3 30.6 29.1 28.2 27.6 29.4 29.3 26.3 25.1
-9999 -9999 -9999 -9999 -9999 -9999 -9999 -9999 -9999 -9999 -9999 -9999 -9999 -9999 -9999 -9999 -9999 -9999 -9999 -9999 -9999 -9999 -9999 -9999 -9999 -9999 -9999 -9999 27.4 27.4 27.4 27.3 28.2 28.3 28.4 28.6 28.8 28.7 29 29.2 29.4 29.7 29.8 29.8 29.9 30 30.1 30.2 30.6 30.9 30.8 30.2 30.4 30.8 30.4 29.9 29.2 30.2 30.8 31 30.8 30 27.7 28.3 28.1 27.8 27.9 30.2 31.5 31.3 31.3 31.2 30.6 30.2 30.7 29.2 29.1 28.9 26.3
-9999 -9999 -9999 -9999 -9999 -9999 -9999 -9999 -9999 -9999 -9999 -9999 -9999 -9999 -9999 -9999 -9999 -9999 -9999 -9999 -9999 -9999 -9999 -9999 -9999 -9999 -9999 -9999 27.36667 27.4 27.3 27.3 27.3 28.2 28.5 28.6 28.8 28.4 28.9 29.1 29.3 29.3 29.6 29.7 29.8 30 30.1 30.1 30.3 30.5 30.5 30.7 30.7 30.6 30.2 29.5 29.4 30.2 30.8 31.1 30.8 30.5 30.1 28.3 28.2 27.9 28.7 30.5 31.3 31.5 31.6 31.4 31.3 30.5 27.7 29.3 29.1 27 25.2
-9999 -9999 -9999 -9999 -9999 -9999 -9999 -9999 -9999 -9999 -9999 -9999 -9999 -9999 -9999 -9999 -9999 -9999 -9999 -9999 -9999 -9999 -9999 -9999 -9999 -9999 -9999 27.3 27.325 27.3 27.3 27.3 27.3 27.7 28.5 28.7 28.8 28.3 27.9 29 29.2 29.3 29.3 29.5 29.7 29.9 29.9 30 30.2 30.3 30.7 30.4 30.6 30.8 30.7 30.6 29.3 30.8 31.2 31 31 30.9 30.6 30.1 27.3 28 28.6 29.2 30.9 31.4 31.4 31.2 30.9 29.7 29.6 26.8 28.4 28.3 25.1
-9999 -9999 -9999 -9999 -9999 -9999 -9999 -9999 -9999 -9999 -9999 -9999 -9999 -9999 -9999 -9999 -9999 -9999 -9999 -9999 -9999 -9999 -9999 -9999 -9999 -9999 -9999 27.3 27.3 27.3 27.3 27.3 27.5 27.9 28.6 28.7 28.7 28.7 28.7 28.6 28.5 28.9 29 29.4 29.6 29.8 29.9 30 30.1 30.3 30.5 30.7 30.7 30.7 31 30.8 31.1 31.1 31.2 31.2 31 31 30.8 30.6 29.8 28.3 27.8 29.1 30.7 31.4 31.4 31.4 30.4 29.5 29.4 27.4 26.7 26.3 25.3
-9999 -9999 -9999 -9999 -9999 -9999 -9999 -9999 -9999 -9999 -9999 -9999 -9999 -9999 -9999 -9999 -9999 -9999 -9999 -9999 -9999 -9999 -9999 -9999 -9999 -9999 27.25 27.3 27.3 27.3 27.2 27.2 27.5 27.9 28.2 28.7 28.8 28.7 27.9 28.2 28.9 28.6 28 27.9 29.2 29.8 30 30.1 30.2 30.4 30.3 30.6 30.3 30.4 30.2 30.4 30.8 30.9 31 31.2 31.1 31 31 30.8 30.7 30 29 30 30 31.3 31.4 31.4 30.2 30.1 28.9 27.7 28.1 27.7 26.8
-9999 -9999 -9999 -9999 -9999 -9999 -9999 -9999 -9999 -9999 -9999 -9999 -9999 -9999 -9999 -9999 -9999 -9999 -9999 -9999 -9999 -9999 -9999 -9999 -9999 27.1 27.175 27.2 27.2 27.3 27.2 27.3 27.6 27.9 28.2 28.4 28.9 28.9 29 29.1 29.2 29 28.8 28.6 28.4 29.7 29.8 30 30.3 30.2 30.3 30.3 29.9 27.4 27.8 26.9 30.6 30.9 30.9 31.2 31.1 31.2 31 31 30.8 30.5 28.6 27.4 29.4 31 31.4 31.4 30.8 29.2 29.4 28.6 28.7 28.3 26.8
-9999 -9999 -9999 -9999 -9999 -9999 -9999 -9999 -9999 -9999 -9999 -9999 -9999 -9999 -9999 -9999 -9999 -9999 -9999 -9999 -9999 -9999 -9999 -9999 -9999 27.1 27.1 27.1 27.2 27.1 27.2 27.5 27.9 28 28.3 28.4 28.6 29 28.7 28.7 29.1 28.8 29 28.8 28.8 29.5 29.8 30.1 30 30.1 30.4 30.4 29.8 28.4 29.6 29.8 30.3 30.6 30.8 30.8 30.9 31.1 31.1 31.1 31 30.6 30.2 27.7 28.9 30.6 31.4 31.3 31 29.2 28.7 28.1 26 27.5 28.2
-9999 -9999 -9999 -9999 -9999 -9999 -9999 -9999 -9999 -9999 -9999 -9999 -9999 -9999 -9999 -9999 -9999 -9999 -9999 -9999 -9999 -9999 -9999 -9999 27 27.05 27.1 27.1 27.1 27.1 27.2 27.6 27.9 28.2 28.4 28.5 28.4 27.9 28.6 26.6 26.7 28.7 28.6 29.1 28.8 29.5 29.9 30 28.9 29.3 30.2 30.3 30.1 29 28.8 29.4 30.3 30.6 30.7 30.8 30.9 31.1 31.1 31.1 31 31 30.8 29.5 27.7 28.8 31.2 31.4 31.2 29.7 28.9 27.5 26.4 24.8 26.6
-9999 -9999 -9999 -9999 -9999 -9999 -9999 -9999 -9999 -9999 -9999 -9999 -9999 -9999 -9999 -9999 -9999 -9999 -9999 -9999 -9999 -9999 -9999 26.85 26.9 27 27 27 27 27 27.3 27.7 28 28.2 28.4 28.5 28.5 27.5 28.3 28.6 27.6 26.2 28.6 29.2 29.3 29.3 29.4 29.9 29.7 28.8 29.8 30.3 30.2 29.6 24.9 28.8 29.8 30.4 30.7 30.8 30.8 30.9 31.3 31.1 31 31.1 30.9 30.6 28.5 28.5 30.8 31.3 31.3 30.6 29.3 26.7 27.2 26.8 24.5
-9999 -9999 -9999 -9999 -9999 -9999 -9999 25.8 25.8 -9999 -9999 -9999 -9999 -9999 -9999 -9999 -9999 -9999 -9999 -9999 -9999 -9999 26.775 26.8 26.9 26.9 26.9 26.9 26.9 27.1 27.5 27.8 28 28.2 28.4 28.5 28.7 28.8 28.7 28.8 28 26.9 25.4 28.3 29.2 29.5 29.7 29.7 29.7 29.5 29.5 30.4 30.3 30 28.9 28.3 29.5 30.4 30.6 30.7 30.8 31 30.9 31.2 31.2 31.2 31 30.8 30.4 28.4 29.6 31.3 31.2 30.6 29.6 28.4 25 25.8 24.6
-9999 -9999 -9999 -9999 25.6 25.63333 25.7 25.8 25.76667 -9999 -9999 -9999 -9999 -9999 -9999 -9999 -9999 -9999 -9999 -9999 -9999 26.7 26.8 26.8 26.9 26.9 26.9 26.9 27 27.3 27.6 27.9 28.1 28.3 28.5 28.6 28.7 28.8 28.9 28.7 29 28.9 28.3 25 26.3 28.9 29 27.8 29.2 28.7 28.6 30 30.3 30.1 29.7 27.1 28.3 30.2 30.6 30.7 30.8 30.9 31 31 31 31 31 30.9 30.8 29.6 28.4 31 31.2 31.2 28.9 29.5 29.1 28.5 27
-9999 -9999 -9999 25.5 25.6 25.6 25.7 25.7 25.8 25.66667 25.9 -9999 -9999 -9999 -9999 -9999 -9999 -9999 -9999 -9999 26.66667 26.7 26.7 26.8 26.8 26.8 26.8 27 27.3 27.6 27.8 28 28.2 28.4 28.6 28.6 28.7 28.8 29 29 29 29.1 28.1 25.4 27.1 29.1 28.7 29.6 29.1 27.3 26.5 29.4 30.3 28.8 25.7 24.4 27.1 30.2 30.6 30.7 30.9 30.8 30.9 31 31.1 31 31 31 30.9 30.4 26.8 29.5 31.2 31.2 29.8 30.5 28.6 28.2 28.4
-9999 -9999 -9999 25.46667 25.4 25.5 25.2 25.3 25.3 25.9 25.46667 25.5 -9999 -9999 -9999 -9999 -9999 -9999 -9999 26.6 26.625 26.6 26.7 26.7 26.8 26.8 26.9 27.3 27.5 27.7 27.9 28.2 28.3 28.5 28.6 28.7 28.8 28.9 28.9 29.1 29.2 29.3 28.9 27.4 28.7 29.6 29.2 29.7 28.7 26.9 26.4 25.9 27.8 29.5 27.2 24.8 26.8 30.3 30.8 30.7 30.7 30.7 30.7 31 31.1 31.1 31 31 30.9 30.5 29 28.5 31.1 31.1 29.6 25.2 28.7 27.7 26.4
-9999 -9999 -9999 25.43333 25.4 25.6 25.6 25.6 25.5 25 25.5 25.6 25.9 -9999 -9999 -9999 -9999 26.4 26.45 26.5 26.6 26.6 26.7 26.7 26.7 27.1 27.2 27.5 27.7 27.9 28.1 28.3 28.4 28.5 28.7 28.8 28.8 28.9 29 29.1 29.3 29.3 29.3 28.6 29.5 29.3 27.9 26.8 29.5 27.5 27.3 26.4 27.6 25.4 26.7 25.5 28.9 30.3 30.6 30.6 30.7 30.7 30.7 30.9 31 31.1 31.1 31 30.9 30.7 30.3 28.2 30.9 31 30.4 27.6 25.6 26.2 28.5
-9999 -9999 -9999 25.46667 25.5 25.6 25.6 25.5 25.3 25.2 25.4 25.9 25.675 26 26.13333 26.2 26.26667 26.35 26.4 26.5 26.5 26.6 26.6 26.6 27 27.3 27.5 27.7 27.9 28 28.2 28.3 28.5 28.6 28.7 28.8 28.9 28.9 29 29.1 29.3 29.2 29.3 29.5 29.7 28 27.6 27.1 25.7 28.6 28.1 27.9 27.9 26.7 26.7 27.3 30 30.4 30.5 30.5 30.6 30.6 30.7 30.7 30.9 30.9 31.1 31 30.9 30.9 30.6 27.5 30.5 31.1 29.9 28 27.9 25.5 26.5
-9999 -9999 25.35 25.42 25.5 25.5 25.5 25.5 25.4 25.2 25 24.9 25.8 26.1 26.1 26.2 26.3 26.3 26.4 26.4 26.5 26.5 26.5 26.9 27.2 27.5 27.6 27.8 28 28.1 28.3 28.4 28.6 28.6 28.7 28.8 28.9 28.9 29.1 29.1 29.3 29.3 29.3 29.6 29.7 29.1 26.1 27.1 26.6 26.5 27 26.7 27.1 27.1 27 27.6 29.7 30.1 30.3 30.4 30.5 30.6 30.7 30.6 30.8 30.8 31 30.9 30.9 30.9 30.7 28.7 29.9 31 31 29.3 28.9 27.4 26.9
