Appendix_Data/App5-Higher-Order-Taxon-Info/SA_ASCII/max01.asc
NCOLS 472
NROWS 227
XLLCORNER 17.83333
YLLCORNER -34.83333
CELLSIZE 0.01666667
NODATA_VALUE -9999
[rows 140 to 174 of 227, columns 79 to 157 of 472]
31.2 31.2 31.3 31.3 31.2 27.4 25 29.1 26.6 26.9 28 28.9 29.2 29.3 29.3 29.3 29.2 28.8 28 26.4 26.5 26.3 27.2 26.8 27 24.9 24.2 22.9 22.9 25.1 24.3 24.3 27.8 28.1 29.2 28.8 27.9 27.1 27.2 27.4 27.6 27.3 27.5 27.8 28.3 28.5 28.5 28.6 28.6 28.9 28.9 29 29 29.1 29.1 29.1 29.1 29.1 29 28.7 28.7 28.2 27.1 27.6 27.1 28.2 28.3 28.7 28.7 28.8 28.6 28.3 27.9 27.9 28 28 28.1 28.2 28.3
30.7 31.2 30.2 31.3 30.1 30 28.7 28.6 28.7 27 24.3 26.2 27.8 29.1 29.2 29 28.8 28.8 27.4 26.4 26 24.3 23.5 26.5 29.1 25.5 24.6 23.6 23.8 26.5 26.2 28.6 29.3 29.8 29.3 28.7 28.9 27.9 27.6 27.7 27.4 27.4 27.8 27.9 28.1 28.3 28.2 28.5 28.6 28.7 28.7 28.8 28.9 28.9 28.9 28.9 29 29 29 29.1 28.9 28.7 27.9 28.3 28.6 28.8 29 28.8 28 26.6 26.5 26.2 26.7 26.8 25.9 25.8 26.2 27.1 28
30.7 30.1 31.2 31.2 31.3 29.7 29 29 26.8 26.9 27.6 27.2 25.1 27.5 28 27.4 26.5 26.7 25.8 24.6 24 23.2 24.1 24.2 29.3 25.9 24.4 25.7 24.8 27.3 28.6 30 29.9 29.8 28.7 29 28.1 26.5 27.1 27 27.2 27.1 27.3 27.4 27.6 27.7 27.9 28.2 28.4 28.4 28.4 28.5 28.6 28.7 28.8 28.8 28.8 28.9 28.8 28.8 29 29 28.7 27.1 27.6 28.6 29 27.7 28.3 27.5 26.8 27.9 27.6 26.9 26.4 26.7 27.5 27.7 27.8
30.2 31.1 30.1 30 31 27.9 23.2 25.5 26.6 23.1 26.5 26.7 27.2 25.4 25.7 24.4 24.4 24 23.5 23 22.7 24.6 25.3 29.6 26.2 26 25.8 26.2 28.8 29.6 29.9 30 29.7 29.3 29.1 27.6 27.7 26.4 26.8 27 26.8 26.8 27 26.8 26.7 27.1 27.4 28 28.1 28.3 28.4 28.4 28.5 28.5 28.6 28.6 28.6 28.3 27.6 28.1 28.2 28.6 28.9 28.9 29 29 29 29.1 29 29 28.6 28.6 28.4 28 27.4 27.3 26.8 26.3 27
30.8 31 31.1 31.1 30.9 27.3 23.2 21.5 23.2 22.4 22.9 23.7 26.4 23.4 23.3 22.9 23 24.1 22.7 23.7 24.5 28 29.8 28.7 24.6 26.9 27.7 29.7 30.1 30 30.1 29.8 29.6 29.1 27.9 28.1 26 26.1 26.4 26.6 26.5 26.5 26.7 26.5 27.1 27.2 27.5 26.9 27 26.9 27.9 28.2 28.3 28.4 28.4 28.4 28.4 27.1 27.4 28.5 28.7 28.7 28.8 28.8 28.6 28.6 28.2 28.7 28.9 29.2 28.9 28.6 27.6 27.2 28 27.4 27.9 27.9 27.9
30.9 31 31 31.1 30.8 28.1 26.9 26.1 25.4 22 24 26.3 24.9 23.8 22 22.3 25.8 23.5 27.4 24.3 26.4 28.4 28.8 25.3 27.9 29.8 30.2 30.2 30.2 30.1 29.9 29.5 29.2 28.7 27.9 27.3 25.9 25.7 26.1 26.3 26.1 25.9 26 26 25.9 26.1 26.9 27.3 27.5 27.8 27.7 27.5 28.1 28.1 28.2 28.2 28.2 28.2 28.2 28.1 28.2 28.1 28.5 28.4 27.5 26.4 27.9 28.2 28.5 29 29.1 28.9 28.5 28.5 28.7 28.6 28.6 28.5 28.7
29.5 29.4 29.9 30 29.6 29.1 29 28.3 26.1 21.7 22.6 23.2 22.9 22.6 23.1 25.9 28.8 29.9 29.2 29.4 29.6 26 30 29.2 30.1 29.9 29.9 29.7 29.4 28.3 28.6 27 26.5 25.4 25.7 25.9 25.1 25 25.2 25.9 25.2 25.3 25.4 25.4 25.9 25.9 26.6 27.1 27.4 27.7 27.7 27.8 27.9 28 28 27.9 27.8 27.4 28.1 27.8 27.5 28.3 28.3 28.1 27.7 26.8 27.8 28.4 28.6 28.8 28.9 29.1 29 28.9 28.9 29 28.9 28.7 28.9
29.1 30 30 30 29.8 29.6 29.1 27.6 24.6 23.3 23.2 22.6 25.1 23.9 23.3 22.5 23.4 24.5 25.7 27.1 29.4 29.9 30 30.1 29.7 28.8 27.1 27.8 25 24.7 24.5 24.4 24.3 24.3 24.4 24.4 24.6 24.9 25.2 25.2 25.2 25.6 25.4 25.4 25.4 25.9 26.5 26.8 26.4 26.9 27.4 27.6 27.7 27.7 27.5 26.6 27.2 27.3 27.6 27.2 27.8 28 27.4 27.6 27.2 27.4 28 28 28.5 28.7 28.6 28.5 28.7 29.1 29.3 29.3 29 29 28.8
27.5 29.9 30 30 29.9 29.8 29.4 27.9 26 23.3 27.2 26.3 26.3 23.8 21.9 22.6 24.8 24 25.6 27.6 26.8 27.5 29.2 28.3 28.2 24.3 25.3 23.1 23.2 23.2 24 24.3 24.4 24.2 24.2 24.4 24.2 24.6 25.1 25.5 25 25.5 25.8 25.8 25.8 25.3 26 26.4 26.8 27 26.1 27.1 27.4 27.3 27.3 25.9 26.9 27.3 26.9 27.6 27.9 27.5 27.5 26.8 27.3 27.6 28 28.2 28.4 28.5 28.3 28.6 28.9 28.9 30.9 29 29 29.3 29.1
29.7 28.7 28.7 30 30 30 29.7 28.1 27.9 23.6 27.8 28.9 25.1 24.3 22.6 24.9 26.3 25.5 23 26.1 27.6 29.3 28.7 26.9 24.1 24.1 22.4 23.2 24 24.6 24.6 25.2 24.8 26.9 24.9 25.8 24.8 25.7 25.3 25.4 25.7 25.1 25.8 25.7 25.6 25.6 25.3 26.5 25.9 25.2 26.7 26.7 26.3 27 27.2 27.1 27.3 27.5 27.7 27.7 27.6 27.1 27.5 27.5 27.8 28 28.1 28.3 28.4 28.5 28.5 28.7 28.7 28.6 28.7 28.1 28.8 28.8 29
26.7 24.7 29.3 29.7 30 30.1 30 27.3 29.5 29 29.4 27.6 23 25.6 25.4 27.9 28.5 27.7 23.9 25.1 28.9 29.7 25.9 24.8 23.3 24.2 22.5 23.1 23.2 25.6 27.1 28 28.5 28.2 28.1 26.1 25.6 24.9 24.7 24.7 25.3 25 25.8 25.7 25.6 25.5 26 25.2 25.3 26.4 26.4 26.5 26.6 26.8 27.1 27.2 27.2 27.5 27.4 27.4 27.1 27 27 27.3 27.7 27.8 28 28 28.1 28.4 28.5 28.5 28.4 28.5 28.5 28.5 28.7 28.9 28.8
25.4 27.6 29.5 29.8 29.9 30 30.1 30 29.9 29.8 29.7 29.4 28.2 28.6 29 29.2 29.2 28.4 28.2 29.2 30 30 28.9 27.8 28.9 24.2 24.7 25.9 24.4 25.5 26.4 26.8 28 28.3 27.5 28.5 26.9 25.5 27.2 26.2 25.4 25.3 25.5 25.6 24.9 25.4 25.4 25.1 25.6 25.2 25 26 26.3 26.3 26.8 27 27.2 27.2 26.9 26.7 25.7 24.7 26.2 27.1 27.5 27.4 27.8 27.9 28 28.1 28.2 27.8 28.2 28.2 28.3 28.7 28.4 28.5 28.6
22.6 28.4 29.3 29.7 28.9 29.9 30 30 29.9 29.8 29.8 29.8 28.9 28.3 28.8 29.6 29.3 28.9 28.8 28 28.1 30.1 29.8 29.2 29.1 28 26.8 25.8 24.3 23.5 25.4 27.8 28.2 26.9 27.4 27.8 27.9 27 25.9 25.3 24.8 24.6 24.9 25.3 25.4 25 24.9 24.9 24.7 24.7 24.5 24.6 24.5 25.3 25.5 26.5 26.7 26.8 24.8 24.5 24.8 25.7 26.7 26.9 26.7 27.1 27.3 27.3 27.6 27.9 28.1 28 28 28.2 28.5 28.3 28.2 28.6 28.5
26.1 28.8 29.3 29.5 29.5 29.4 29.9 29.9 29.9 29.9 29.9 30 29.9 29.9 29.8 29.7 28.9 29.8 29.3 29.9 30.1 30.2 29.4 28.6 28.6 28.3 29.3 28.4 26.2 25.4 24.4 29.6 27.2 26.9 27.4 26.8 26.7 27.3 26.6 25.4 25.5 24.5 24.3 24.5 24.8 24.9 24.9 24.5 24.5 24.7 24.9 24.9 25 25.7 26 26 25.9 25.7 24.5 24.9 24.9 25.2 24.6 24.8 24.7 24.8 24.6 24.8 27 27.7 27.9 27.7 27.9 27.9 28.1 28.3 28.3 28.4 28.2
21.7 28.1 29.2 29.3 28.8 28.1 29.7 29.8 29.9 29.9 30 30 30 30 29.9 29.9 29.9 29.8 30 30.2 30.1 30.2 30.2 30 29.8 29.7 29.6 29.6 29.7 29.9 29.1 28.3 25.5 24.2 24 25.3 26.3 26.8 27.1 26.9 26.7 26.6 26.1 25.2 24.6 25.4 26.2 27.2 27.6 27.7 29.1 27.2 26.5 26.7 27.4 27.2 25.3 24.4 24.2 24.4 24.4 24.7 25.2 25.3 25.3 25.7 24.5 25.3 27.2 27.3 27.5 27.5 27.8 27.9 27.9 27.9 28.1 28.1 28.1
25.8 28.6 29 29.1 28.9 25.2 29.5 29.7 29.8 29.9 29.9 30 30.1 30 30 29.9 30 30.1 30.1 30.2 30.2 30.2 30.3 30.2 30.1 30 30 30 30.2 29.9 29.4 28 26.4 24.6 23.6 23.4 23.7 25.8 26.4 26.7 26.9 26.2 26 26.1 26.3 26.5 27.3 28.5 28.3 28.1 29.4 29 27.9 28.3 28.6 27.3 25.4 24.6 24.4 24.6 24.6 25.3 25 24.9 26 25.7 25.9 26.6 27 26.7 27.1 27.2 27.5 27.6 27.5 27.9 27.9 27.9 27.9
24.5 25.3 25.2 28.1 28.8 29.2 29.4 29.6 29.7 29.8 29.9 29.9 30 30.1 30.1 30.1 30.1 30.2 30.2 30.2 30.2 30.3 30.2 30.2 30.2 30.2 30.2 30.2 30 29.7 29.4 28.3 28.2 27.6 27.7 27.1 25.2 23.6 25.5 26.2 26.4 26.4 25.3 24.4 25.3 27 28.1 28.8 29.1 27.7 29.5 29.6 28.7 29 29.4 28 29.5 29.3 28.2 25.7 24.9 24.7 25.6 26.1 26.1 25.7 26.5 27 26.3 26.6 26.8 26.1 26.6 26.9 27.4 27.3 27.6 27.5 27.7
21.2 22 23.4 25.2 23 26.5 29.3 29.5 29.5 29.6 29.7 29.8 29.8 29.9 29.9 30 30.1 30.1 30.2 30.2 30.2 30.2 30.2 30.2 30.2 30.2 30.2 30.1 30 29.8 29.6 29.3 29.1 28.5 28.4 27.5 27.6 25.2 23.3 25.1 26.1 26.4 25.7 26.7 27.3 27.5 27.5 28.2 29.1 28.7 27.9 28.2 29.6 28 29.6 29.8 30.3 29.7 28.2 28.1 27 27.1 25.9 25.7 26 26 26.1 26.2 26.1 25.5 26.7 26.6 26.9 26.6 26.8 27 27.5 27.3 27.1
22.6 25.3 28.7 28.5 28.9 28.1 29.2 29.3 29.4 29.5 29.5 29.6 29.7 29.8 29.9 29.9 30 30 30.1 30.1 30.2 30.1 29.9 29.8 30 30 29.9 29.9 29.8 29.1 29.3 29.2 29.6 29.6 28.5 28 27.9 28.6 25.6 23.3 24.6 25.6 25.7 26 26.8 28.3 28.2 28.9 29.3 29.5 29.9 30 29.5 29 30.5 30.6 30.6 30.5 28.2 26.6 25.6 25.3 25.2 26.3 27.3 27.2 27.9 26 26.1 26.4 26.7 26.4 27.4 26.8 27.3 27.3 27.3 27.1 27.7
26.2 26.4 27 22.4 27.6 28.9 29.1 29 29.1 29.4 29.4 29.5 29 28.2 28.8 29.8 29.9 29.9 30.1 30.2 30.2 30.2 30 29.5 29.5 29.6 29.5 29.6 29.7 29.4 29 29.3 29.6 29.8 29.7 29.5 29.1 27.8 28.9 26.2 25.1 23.7 23.2 23.6 25.7 25.1 26.7 27.1 25.6 28.5 28.3 29.1 30 30.2 30.3 30.8 30.1 30.7 29.3 26.8 26.1 26 26 26.2 27.4 28.6 28.8 28.9 27 25.5 25.9 27.2 27.6 26.8 26.7 27.4 28.1 26.9 28.5
26.3 26.7 22 22.3 25.8 26.7 28.5 26.2 28.6 27.2 29.2 28.9 25.2 28 27.6 29.8 29.8 29.7 29.8 29.8 30 29.8 30 29.6 29.3 28.8 29.2 29.1 29.4 29.3 29.4 29.7 29.7 29.3 29.9 29.9 29.1 29.6 29.2 29.3 28.3 25.8 26.6 25.7 25.8 24.6 25.3 25.9 24.2 24 24.3 24.6 26.6 28.4 29.9 30.4 30.5 30.1 29.4 29.4 28.4 28.2 28.7 29.2 28.6 28.4 29.4 29.3 28.8 27.2 26.9 26.8 27.3 27.9 28.1 28 28.3 28.4 28.1
20.4 19.9 19.9 22 25.2 26.7 24.5 26.9 25.4 27 29.2 26.4 22.4 27.6 29 29.7 29.8 29.1 28.3 30 30.1 30 30.2 30.2 30.2 29.9 30.1 30.2 29.5 29.5 29.5 29.2 29.7 30 30.1 30.1 29.9 30.1 29 28.9 27.7 27.5 29.7 29.7 29.2 28.5 29 29.4 28.5 28.4 26.8 25.2 24.3 24.8 28.4 29 30.6 30.3 30.1 30 29.6 29.5 29.7 29.3 28.4 29.1 28.7 27.9 28.9 27.6 27.1 27 27.5 27.5 27.7 27.6 27.8 28.1 27.2
21.5 19.7 19.8 21.2 22.6 22.8 22.7 23.8 22.5 25.7 28.7 25.9 27.8 28.2 29.4 29.6 29.8 29.9 29.9 30 30 30.1 30.1 30.2 30.2 29.8 30.5 30.3 30.2 30.2 30.3 30.2 29.9 29.1 29.8 30.1 30.2 29.2 29.3 28.6 26 27.4 29.6 29.6 29.8 29.5 29.6 29.1 29.3 29.2 30.2 29.5 28.6 28.4 24.8 26.6 27.6 30.4 30.3 30.4 30 29.6 29.2 28.8 29.7 29.1 28.1 29 28.4 28.2 28.3 28 27.3 26.9 26.6 27.1 27.1 27.1 27.1
23.4 21.1 19.8 20.6 21.1 21.1 21.7 21.4 21.1 26.1 28.5 26.6 26.3 28.7 29.5 29.7 29.6 28.9 29.8 29.9 30 30 30 30 30 30.1 30.1 30.2 30.2 30.2 30.3 30.3 29.8 29.7 29.1 28.8 30.1 30.3 30.3 29.8 30.3 29.5 29.5 30.5 29.9 30.4 30.2 30.4 29.3 30.4 30.1 29.6 29.7 30.1 29.3 28.4 30.4 30.5 30.5 30.3 30.4 30.2 30.1 30.2 29 29 29 29 28.7 28.3 28 27.2 25.9 25.8 25.6 25.4 25.8 26.3 26.9
22.6 24.5 22.9 20.4 20 19.5 20.8 23.4 26.9 28.5 27.8 23.8 26.6 28.9 29.4 29.4 29.1 29.7 29.8 29.8 29.8 29.8 29.8 29.8 29.6 29.5 29.8 29.7 29.5 29.8 28.7 30.3 28.6 26.9 26.4 28.4 29.9 30.4 30.3 29.7 30.4 30.6 30.5 30.7 30.6 30.5 30.5 30.7 30.4 30.6 30.4 30.4 30.1 30.3 29.9 29 30.4 30 30.3 30.1 30.2 30.2 29.2 29.2 29 29 28.6 28.5 28 27.1 28.6 27.5 27.8 25.6 25.1 25.7 25.7 26.2 26.2
20.2 22.3 24.9 25.1 21.2 23.1 24.2 28.1 26.3 26.8 21.6 25.8 26.8 29.1 29.4 29.5 29.5 29.4 29.5 29.7 29.5 29.5 29.2 29.4 29.5 29.1 28.6 29.3 28.8 29.3 28.6 30.1 30.1 29.5 29.6 29.8 30.1 30.4 30.4 29.4 30.6 30.8 30.8 30.3 30.6 30.7 30.6 30.6 30.6 30.7 30.5 30.4 30.4 30.3 30.4 29.1 29.5 29.3 27.5 29.7 29.6 30 30.1 30 30.4 29.8 29.1 29.5 28.5 29.6 29.6 28.8 28.8 28 27.2 25.7 25.4 25.5 26.3
19.8 20.5 21.5 24.4 27.1 26.7 27.3 25.1 23.5 21.8 23.7 25.2 28.2 29.1 28.5 29.4 29.3 29 29.2 29.5 29 28.4 28.4 28.2 29.3 28.4 28.8 28 28.6 25.7 28.8 29.8 30.2 30.1 30 29.7 30.3 30.4 30.1 29.8 30.5 30.6 30.6 30.8 30.7 30.7 30.8 30.8 30.8 30.7 30.7 30.5 30.6 30.6 30.7 30.5 30 29.1 26.4 26.2 28.1 29.9 30.3 29.9 29.8 30.2 30.3 30.3 29.8 29.2 29.6 29.3 29.1 28.6 27.6 26.9 25.4 25.4 25.6
22.9 19.5 20.3 22.8 26.2 26.3 22.9 22.2 22.3 22 21.9 24.9 28.6 28.8 29 29 28.3 28.3 28.8 29 29 27.1 27.9 29.1 29.1 28 26.2 28.6 29.1 28.6 29.4 29.7 30.1 30.1 30.2 30.2 30.2 29.6 29.3 30.1 30.2 30.2 30.2 30.7 30.7 30.8 30.7 30.9 30.8 30.8 30.7 30.7 30.7 30.6 30.5 30.3 30.2 29.9 30.1 28.9 24.5 26.1 28 30.2 30 30 29.7 29.4 29.1 29.4 28.5 29.2 29.5 28.6 27.7 27.9 26.7 26.2 26.6
25.5 22.2 20.5 22.8 23.2 24.3 22.3 21 19.9 22.8 25.3 27.7 28.6 26.9 28.8 28.8 26.7 28.3 29.1 27.8 27.1 26.9 28.4 27.7 28.7 26.5 28.5 28.7 28.9 28.8 28.8 28.9 29.8 30 30 29.9 29.4 29.6 29.7 29.8 29.7 29.7 30.4 30.5 30.4 30.3 30.2 30.6 30.7 30.8 30.8 30.6 30.5 30.4 30.2 30 29.8 29.8 29.9 30.2 29.1 24.9 27.2 29.1 29.7 29.7 29.6 30 29.5 28.9 28.9 29.1 29.4 28.5 27.8 28.4 27.4 26.6 26.7
21.4 20.7 21.1 22.4 22.9 21.3 21.9 23 20.9 24.2 25.2 27.5 28.7 28.8 28.8 28.8 28.8 28.9 28.6 27.6 27 27.7 27.6 27.9 28.4 28.2 27.8 28.2 28.2 28.8 29.3 29.6 29.6 29.8 30.3 29.8 29.9 28.3 28.3 28.4 29.6 29.8 30.3 30.2 29.7 30 30.3 30.1 30 29.4 30 30.6 29.8 30.1 29.7 30.1 30 29.8 30 29.8 29.7 29.6 27.6 25.4 29.1 29.3 29.3 29.6 29.5 29.8 29.6 29 29 29.1 28.9 28.5 27.6 26.8 26.8
24.3 21.1 20.4 22.3 21.3 23.8 22.7 25.6 22.5 21.2 24 28.1 28.6 28.7 28.5 28.5 28.4 28.7 28.7 28.3 27.5 27.5 27.3 27.8 27.6 27.3 27.3 27.7 28.4 29.1 29.5 29.7 29.6 29.5 29.5 29.3 28.3 27.5 27.6 29.1 29.8 30.1 30.2 30.1 29.8 29.7 29.8 29.7 28.1 29.4 29.9 30 29 29.6 29.7 29.6 30.2 30.1 29.7 29.8 29.6 29.5 29.9 26.8 24.6 26.1 26.7 28.6 28.8 28.9 29.2 28.9 28.9 29.1 29.1 29.1 28.2 27.5 27
25.1 25.9 24.1 21.9 19.7 21.7 25.6 26.1 24.5 25.1 26.1 28.1 28.5 28.5 28.5 27.9 28.4 28.1 28.5 28.1 27.1 27 26.7 27 27.3 28 28.6 28.5 29.1 29.4 29.4 29.3 29.1 29.1 28 27.1 26.9 28.4 29.3 29.5 29.8 29.8 29.9 30 29.8 29.3 29.2 29.1 30.1 30.4 30.6 29.5 30.2 29.3 29.5 29.8 29.9 30 29.8 29.8 29.6 29.3 29.7 29.9 29.3 29.2 28.8 26.9 27.2 28.2 28.7 28.8 28.9 28.9 28.5 28.7 28.7 28.5 27.6
26.8 25.9 23.8 21.1 20.6 23.2 25.5 26.3 22.9 23.3 27.5 28 28 26 26.2 26.7 27 26.8 27.9 26.5 25.6 24.1 24.3 24.5 26 27 28.3 29 29 29.2 29 28.9 29 29.1 26.7 26.7 27.8 28.9 28.3 29.1 29.2 29.9 29.7 29.6 29.7 29.4 28.7 29.8 30.3 29.7 30.2 30.4 30.4 30 30.1 30 30.2 30.1 29.9 29.8 29.7 29.5 29.3 29.8 29.8 29.5 27.3 25.2 24.7 26.1 28.5 25.2 26.9 27.9 28.4 28.4 28.6 27.7 27.2
25.8 25.3 23.9 23.5 21.1 21.3 24 26.1 25.7 27.1 27.2 26.3 26.8 25.6 24.7 24.5 24.8 27 25.9 24 24.1 23.2 23.9 24.5 24.9 26.9 28.7 28.8 28.7 28.8 28.8 28.8 28.6 28.7 28.3 27.4 28.3 28.2 28.8 29.5 29.6 29.5 29.3 29.3 28.9 29.1 30.1 30.2 30.1 29.5 30.1 30.3 30.2 30.2 30.2 30.2 30.1 30.1 30.1 29.9 29.9 29.6 29.6 29.8 29.4 29.4 29.6 28.4 27.9 23.2 22.6 23.2 24 25 25.5 24.1 24.8 24.6 25.5
27.4 25.4 25.5 25.2 22.2 19.8 22.1 25.4 27.3 27.7 26.4 23.1 22.8 23.4 23.4 23.1 24.3 25.3 23.3 23.1 21.3 21.6 22.1 24.4 27.8 28.5 28.9 28.8 28.7 28.8 28 28 28 27.4 28.2 28.2 27.7 28.2 29.2 29.2 29.4 29.2 29.2 29.3 29.7 29.6 29.8 29.2 30 29.4 30 30.1 29.9 30 30 29.7 29.8 30 29.8 30 29.7 30 29.7 29.8 29.7 29.3 29.1 29.5 29.3 28.5 26.7 27.3 25.6 28.7 24.1 23.6 25.5 23 22.7
