Appendix_Data/App5-Higher-Order-Taxon-Info/SA_ASCII/max01.asc
NCOLS 472
NROWS 227
XLLCORNER 17.83333
YLLCORNER -34.83333
CELLSIZE 0.01666667
NODATA_VALUE -9999
[rows 140 to 174 of 227, columns 237 to 315 of 472]
29.2 29.5 29 30 29.9 30.3 31.2 31.2 30.8 30.9 31 31.2 31.3 31.6 31.7 31.5 31.3 31.1 31 30.8 31 31.2 31.3 31.3 31.6 31.8 31.1 31.7 31.3 31.6 31.3 31.3 31 30.6 30.3 29.2 29 28.5 27.9 27.4 27.2 28.3 28.3 28.5 28.4 29 28.7 28.4 28.6 28.4 28.2 27.9 27.5 27.9 28.1 27.7 28.9 28.8 29 29.3 29.7 29.5 29.8 29.9 30 30 30 30.1 30 30.2 30.1 29.9 29.7 29.7 29.2 28.5 28.4 29.3 30.3
31 31 30.8 30.9 31.3 31.4 32 31.6 31.3 31.2 31 30.8 31.7 31.5 31.3 30.9 30.9 30.4 30.4 30.1 30.2 30.1 30 30.1 30.4 31.1 31.7 31.7 31.9 31.6 31 31.1 31 30.7 31 30.8 30.4 30.1 29.6 28.4 28 27.9 28.8 27.4 28.6 31.5 30 30.2 29.2 27.6 24.7 27.9 24.1 22.3 24.3 23.7 27.1 27.5 27.1 28 28.1 27.9 28 28.4 29.1 29.6 30 29.8 29.7 29.8 28.3 27.8 28.2 28.2 29.6 29.5 30.1 30.9 31
32.4 32 31.7 31.5 32 31.8 31.8 31.5 31.4 31.6 31.5 31.8 32 31.5 30.9 30.7 29.4 29.5 30.4 30.4 29.8 30.7 30.8 30.3 30.9 31.4 31.8 31.6 31.6 31 31 30.9 30.8 30.8 30.6 30.2 30.4 30.9 31 30.6 30.3 30 29.8 29.8 29.5 30.1 30.6 29.2 28.7 28.6 28.7 29.2 28.7 28.2 29.3 28.4 28.9 28.9 29 29 29.3 29.2 29.9 28.7 28.6 28.6 30.3 28.9 29.1 29.4 29 30.1 29.9 30.2 30.8 31 30.8 31.1 31.3
32.2 31.9 31.7 31.5 31.6 31.8 32 31.8 31.4 31.7 31.4 31.9 32.1 31.1 30.4 30.4 30.8 30.6 30.8 30.5 30.8 30.7 30.6 30.3 30.7 30.5 30.8 31.7 31.1 31.2 31.3 30.9 31 31.3 30.6 30.7 31 31.2 31.6 30.9 31.2 31 30.8 30.6 31 31.6 30.8 30.5 30.2 30 30 30.2 30.3 30.4 30.4 30.6 30.7 31 30.8 30.4 30.6 30.4 30.6 30.3 30.7 30.2 30.8 30.1 30.7 31 31.3 31.3 31 31 31 31.3 31 31.2 31.1
31.9 31.8 31.6 31.4 31.6 31.7 32.4 31.8 31.6 31.2 31.8 32 32.1 31.5 31.6 31.2 31.5 31.1 31.1 30.8 31.4 31.1 31.6 30.9 30.7 30.7 31.1 32 32.1 31.3 31.3 31 31.4 31.5 31.2 31 31.2 31 31.4 31.6 31.7 31.2 30.8 31.3 31.1 32 31.5 31.3 30.9 31 30.5 31 31.2 31.2 31.1 31.3 31.3 31.1 31.3 31 31 31 31 31.2 31.4 31.5 31.5 31.6 31.6 31.5 31.6 31.5 31 31.1 31.3 31.4 31.4 31.1 30.8
31.8 31.6 31.2 31 31.1 32.3 32.3 31.3 31.8 31.9 31.9 32.2 32.1 32 32.4 32 31.8 31.6 31.4 31.1 31.5 31.6 31.7 31.1 31.7 31.4 31.9 32.1 31.7 31.7 31.5 30.8 31.5 31.4 31.6 31.3 31.8 31 31.3 31.5 31.8 31.7 31.6 31.3 31.6 31.7 31.7 31.5 31.6 31.6 31.6 31.7 31.5 31.5 31.6 31.7 31.7 31.7 31.7 31.8 31.8 31.8 31.7 31.7 31.7 31.6 31.6 31.5 31.2 31.2 31.2 31.5 31.4 31.4 31.3 31.1 30.9 30.8 30.9
31.9 32.3 32.2 32.3 32.4 32.4 32.2 32.2 31.6 32.1 32.3 32 32.6 32.7 32.4 31.6 31.9 31.8 31.9 32 32.2 31.8 31.7 31.8 32 32 32.2 32.3 32 31.5 31.8 31.5 31.6 31.9 31.6 31.5 31.5 31.4 30.5 31.2 31.7 31.9 32 31.7 31.7 32.1 31.8 32 31.8 31.7 31.7 31.8 31.6 31.8 31.9 31.9 31.9 31.9 31.9 31.7 31.7 31.5 31.3 31.1 31.4 30.9 31.3 31.4 31 31.1 31.2 31.4 31.2 31.1 30.7 30.8 30.6 30.5 30.7
32.5 32.6 32.4 32.7 32.6 32.4 32.5 32.3 32.1 32.4 31.9 31.9 32.4 32.6 32.6 32.4 32.2 32 32 32.3 32.2 32 31.9 31.7 32 32.3 32.3 32.3 32 32 31.8 31.7 31.7 31.3 31.9 32 31.8 31.8 31.2 31.7 31.7 32 31.9 32 32 32.1 32.1 31.6 32 32 31.9 31.9 31.9 31.9 31.9 31.8 31.6 31.3 31.4 31.2 31.6 31.2 31 31.2 31 31 30.7 31.2 31.1 31.1 30.8 31.1 31.2 30.5 30.8 30.3 30.2 30.1 30
32.8 32.7 32.7 32.7 32.9 32.8 32.7 32.6 32.5 32.6 32.5 32.4 32.3 32.5 32.7 32.5 32.4 32.3 32.2 32.3 32.3 32.2 32.1 32.2 32 32.3 32.4 31.8 32.2 32.2 32.2 32.1 31.9 31.6 31.7 31.5 32.1 32.1 32 31.9 32.2 32.3 32.2 32.2 32.2 32 31.8 31.1 31.8 31.5 31.7 31.8 31.6 31.8 31.4 31.6 30.9 30.9 30.6 31.3 31.4 31.4 31.4 31.4 31.2 31.1 31.1 31 30.9 31 30.7 31.1 31.1 30.8 30.5 30.2 30.1 30 30.1
32.9 32.9 32.9 32.8 32.8 33 32.9 32.8 32.5 32.7 32.8 32.6 32.6 32.3 32.6 32.8 32.7 32.4 32.4 32.3 32.4 32.3 32.1 32.1 32.3 32.5 32.5 32.4 32.3 32.3 32.4 32.2 32.1 32.2 32.2 32.1 32.2 32.3 32.2 32.3 32 32.1 31.9 31.8 31.6 31.6 31.4 31.5 31.7 31.1 31.2 31.4 31.5 31.6 31.1 31.5 31.3 31.4 31.3 31 31 30.9 31.1 31 31.1 30.9 30.6 30.4 30.7 30.5 30.7 31 30.4 30.3 30.4 30 30 30.1 30.3
33 33 32.9 32.5 32.8 32.9 33 32.9 32.8 32.8 32.9 32.8 32.7 32.5 32.4 32.6 32.8 32.6 32.5 32.5 32.5 32.4 32.3 32.4 32.5 32.5 32.3 32.3 32.3 32.3 32.5 32.4 32.4 32.4 32.4 32.3 32.3 32.3 32.3 32.1 31.8 31.1 30.9 30.9 31 31.4 31.6 31.6 31.4 31.4 31.3 31.3 31.5 31.3 31.6 31.2 30.6 31.3 31.1 30.8 31 30.3 30.9 30.6 30.6 30.7 30.3 30 29.9 30 30.3 30.1 30.2 30.3 30.4 30.1 29.9 30.1 30.1
33.1 33.1 33 32.9 33 33 33.1 32.9 32.9 32.9 32.9 32.9 32.8 32.7 32.7 32.6 32.9 32.7 32.7 32.6 32.6 32.5 32.4 32.5 32.6 32.4 32.2 32.3 32.5 32.5 32.6 32.5 32.5 32.5 32.5 32.4 32.4 32.3 32.2 32.1 31.5 30.8 30.6 30.6 30.9 30.1 30.4 30.8 30.5 30.6 30.4 30.9 31.2 30.8 30.5 30.4 30.6 30.3 30.3 30.3 30 30 29.1 28.5 27.9 28.9 29 28.1 28.5 28.8 30.1 28.8 29.2 30 29.8 30 29.8 29.9 30
33.2 33.1 33.1 33.1 33.1 33 33.1 33 33 33.1 32.9 32.9 32.9 32.9 32.9 32.8 33 32.8 32.7 32.7 32.7 32.6 32.6 32.6 32.6 32.6 32.5 32.5 32.6 32.6 32.6 32.5 32.5 32.4 32.3 32.2 32.3 32 31.7 31.8 31.4 31.8 31 30.6 30.8 30.1 29.8 30.5 30.2 29.6 29.4 30.1 30.3 30.1 30.2 30.1 29.5 29.5 30.8 28.6 30.1 29.1 29.2 27.9 27.8 27.7 28.7 27.2 27.7 28.7 29.3 28.9 29 29.2 29.5 29.9 30.2 30.2 30.2
33.3 33.2 33.2 33.2 33.2 33.2 33.1 33.1 33.1 33.1 33.1 33.1 33 33 33 32.9 32.8 32.8 32.8 32.7 32.7 32.7 32.6 32.6 32.6 32.7 32.7 32.7 32.6 32.6 32.5 32.5 32.4 32.3 32.1 32.2 32.1 32.1 31.8 31.6 31.4 31.6 31.4 30.4 29.7 30.4 29.8 29.2 29.9 29.3 29.4 29.6 30.5 30.1 29.6 29.4 29.7 28.3 29.2 28.9 27.6 29 29.9 27.7 27.8 28.2 28.2 26.7 27 27.3 27.4 28.6 29.1 29.5 30.2 30.1 30.5 30.4 30.2
33.3 33.3 33.3 33.3 33.2 33.2 33.2 33.1 33.1 33.1 32.9 32.8 32.8 32.7 32.5 32.9 32.9 32.9 32.8 32.8 32.8 32.8 32.7 32.7 32.7 32.7 32.2 32.4 32.6 32.6 32.5 32.5 32.5 32.3 32.5 32.1 32.3 32.2 31.9 31.4 31.1 31.2 31.3 31.1 30.3 30.3 29.8 29.3 30.2 29.8 29.5 29.3 29.9 29.8 29.8 28.5 28.5 27.9 29 28.6 28.1 27 29.3 28.3 27.7 27.8 24.8 27 27.9 28.5 29.5 29.2 29.2 29.9 30.3 30.4 30.6 30.3 30.2
33.2 33.2 33.1 33 33 33 33 32.9 32.8 32.8 32.6 32.4 32.2 32.1 32.2 32.5 32.8 32.9 32.8 32.8 32.8 32.8 32.8 32.7 32.3 32.4 32.3 32.1 32.2 32.1 32.2 32.5 32.1 32.1 32 32.1 32.1 32.2 31.9 30.7 31.4 31.5 31.1 31.5 31.1 31.2 31.2 31.1 30.6 30.3 29.4 29.4 28.9 29.3 29.2 29.2 28.8 29.1 27.4 27.3 28.5 26.8 27.5 25 28.6 28.6 28.8 28 29.1 29.2 29 29.3 29.1 30.4 30.7 30.7 30.2 29.4 29.4
32.8 32.8 32.9 32.8 32.7 32.8 32.3 32.5 32.5 32.6 32.4 32.3 31.6 31.6 31.7 32.4 32.7 32.7 32.7 32.8 32.7 32.6 32.6 32.5 32.4 32.5 32.5 32.2 31.4 31.8 32.3 32.2 31.9 32.2 32.1 31.9 32.1 32 31.8 31.8 31.9 32 31.7 31.8 31.5 31.5 31.1 30.3 29.8 29.6 29.2 29.5 30.1 29.4 30.4 29.5 29.7 28.9 28.9 28.2 29.3 28.7 28.7 28.8 29.1 29 29.6 29.6 29.4 29.7 29.6 29.6 29.6 29.7 29.8 29.8 29.5 29.6 29.6
32.4 32.5 32 32.3 32.2 32.3 32.2 31.7 32 32.1 32.1 32.2 31.5 32 32.3 32.7 32.7 32.6 32.5 32.6 32.5 32.6 32.5 32.4 32.1 32 32.2 32.4 32.2 32.1 32.2 32.1 32 31.9 31.8 31.6 31.8 31.8 32.2 32 31.9 31.6 31.9 31.8 31.8 31.5 31.5 30.8 30.4 30.5 30.3 30.6 29.4 29.9 29.6 29.6 29.3 29.4 29.7 29.3 29.6 29.6 29.6 29.8 29.6 29.7 29.7 30.2 30 30 29.8 30 29.8 29.9 29.8 29.6 29.4 29.4 29.3
31 31.8 31 31.2 31.4 31 31.2 31.1 30.8 30.6 31 31.7 31.4 32.1 32.3 32.7 32.5 32.6 32.2 32 32.3 30.9 31.3 31.1 31 30.6 30.7 31 30.7 30.6 30.7 30.7 31.1 30.6 30.4 30.3 30.5 30.4 30.8 30.5 30.4 30.3 30.3 30.4 30.2 30.5 30.2 30.1 30 30.1 29.9 30 29.9 30.1 29.8 29.9 29.8 29.8 29.9 29.9 30.2 29.8 30 30.1 29.8 30.2 30.2 29.9 29.8 29.8 29.8 29.8 29.7 29.7 29.5 29.4 29.5 29 28.8
29.7 31.5 31 30.9 30.9 30.7 31.3 30.6 30 29.8 30.6 30.9 31.1 31.5 32.4 32 32.2 30.9 30.7 30.8 30.8 31.2 30.9 30.8 30.6 30.4 30.4 30.6 30.8 30.6 30.4 30.5 30.5 30.8 30.6 30.4 30.2 30.4 30.6 30.7 30.5 30.3 30.3 30.2 30.1 30.1 30.3 30.3 30.1 30.2 30.2 30 30 29.9 30 30.1 30 30.3 30.2 30.3 30.2 30.3 30.3 30.1 30 29.9 29.6 29.6 29.7 29.4 29.5 29.3 29.3 29.1 29 28.8 29.3 28.7 28.8
29.5 30.3 30.1 30.9 31.3 30.5 30.4 29.4 29 29.2 29.8 30.5 30.6 30.8 30.8 31 30.8 30.7 30.7 30.7 30.8 30.9 30.7 30.7 30.6 30.3 30.5 30.6 30.5 30.5 30.4 30.4 30.4 30.4 30.5 30.4 30.4 30.2 30.3 30.2 30.2 30.2 30.3 30.3 30.2 30.1 30.1 30.1 30 30.1 30 30 30.1 30.4 30.3 30.3 30.1 30.1 30 30.1 29.8 30 30 29.6 29.4 29.1 29.1 28.8 28.6 28.7 28.6 28.5 28.7 28.8 28.8 28.9 29 29 29
31.3 31.3 31.1 32 30.6 30.4 30.5 30.3 30 30.1 30.4 30.6 30.5 30.5 30.7 30.5 30.4 30.5 30.6 30.6 30.6 30.8 30.5 30.6 30.8 30.7 30.5 30.4 30.4 30.4 30.5 30.3 30.2 30.3 30.5 30.2 30.4 30.2 30.2 30 30.2 30.1 30.2 30.3 30.1 30.1 30 30 30 30.1 30 30.1 29.9 29.9 29.9 29.8 29.8 29.8 29.7 29.6 29.4 29.6 29.5 29.4 29 29.3 29.2 29.1 29.5 29.5 29.4 28.8 29.1 29 28.3 28.2 28 28 28
31.5 31 31.6 31.6 31.3 31.4 31.3 30.9 30.8 30.6 30.5 30.2 30.3 30.3 30.6 30.6 30.3 30.4 30.5 30.5 30.6 30.7 30.7 30.5 30.5 30.6 30.6 30.4 30.3 30.3 30.3 30.4 30.1 30.2 30.3 30.2 30.2 30.3 30.2 30.1 30.1 30 30 30.2 30.1 30 29.8 29.8 29.8 29.7 29.7 29.9 29.8 29.7 29.7 29.7 29.5 29.4 29.4 29.5 29.6 29.7 29.7 29.7 29.7 29.6 29.5 29.7 29.8 29.8 29.9 30 30 30.1 30.1 29.9 29.9 29.4 29.9
31.1 31.3 31.5 31.1 31.2 31 30.9 31.1 30.9 30.8 30.6 30.4 30.4 30.4 30.5 30.5 30.3 30.2 30.1 30.2 30.3 30.4 30.6 30.5 30.4 30.5 30.5 30.3 30.3 30.2 30.2 30.3 30.3 30.1 30.1 30 30 30 30 29.8 29.7 29.7 29.8 29.9 29.9 29.3 28.8 28.7 28.9 28.9 29.2 29.6 29.6 29.5 29.5 29.7 29.5 29.6 29.6 29.4 29.4 29.4 29.5 29 29.2 29.4 29.4 29.3 29.1 29.5 29.4 29.4 29.5 29.4 29.5 29.9 30.1 30.1 29.7
30.9 30.9 31.2 31.3 31.1 30.8 30.9 30.7 30.7 30.5 30.2 30 30 30.2 29.6 29.9 29.8 29.7 29.4 29.9 30.1 30.5 30.3 30.4 30.3 30.3 30.3 30.4 30 30.2 30 30 30.1 29.6 29.4 29.3 29.4 29 29.9 29.1 27.9 28.4 29.1 29.3 29.7 29.8 29.7 29.7 29.7 29.7 29.6 29.5 29.4 29.3 28.9 29.4 29.4 29.2 29.1 29.2 29.2 29.3 29.2 28.8 28.3 27.2 27.7 28.8 28.5 28.5 28.8 28.9 28.8 28.5 29 29 29.3 29.6 29.6
31.2 31.1 30.6 31.1 30.6 30.6 30.4 30.7 30 29.6 29.1 29.7 30.1 30.2 30.1 29.7 28.9 29.4 29.7 30.1 30.2 30.1 30.2 30.1 30.2 30.1 30.2 30.1 30 30 29.8 29.7 29.9 30 29.9 29.8 29.6 29.2 29.3 29.5 29.6 29.6 29.7 29.7 29.7 29.7 29.6 29.7 29.7 29.6 29.5 29.3 29 28 28.8 28.6 28 28.3 27.3 27.5 28.2 28.8 27.7 27.6 27.3 26.9 27.2 27.1 27.2 27.5 26.4 27.8 28.3 28.7 29.3 29.6 29.2 28.7 27.5
31 30.6 30.5 30.5 29.9 29.2 29 30.1 30.3 29.5 29.3 29.4 30 29.7 30 30 29.9 29.7 29.1 29.7 29.6 29.7 29.9 29.1 30 29.7 29.2 29.7 29.9 29.1 29.7 29.2 29.5 29.8 28.6 29.6 29.5 29.5 29.7 29.7 29.7 29.6 29.6 29.6 29.4 29.3 29.3 29.6 29.4 28.7 28.6 28.9 29.6 29.6 29.6 29.3 29.3 29.7 28.2 28.2 26.9 27 27 26.8 27.5 27.9 28 28.3 28 27.9 27.8 27.5 28.1 28 29.8 28 28.3 28.4 27.6
29.9 29.8 28.9 29.7 30 30.4 29.7 28.9 29.1 28.9 29.1 29.8 29.4 28.5 29.8 29.8 29.4 28.7 28.8 28 28.8 29.7 29.8 29.7 29.2 29 29.4 29.9 29.6 29.1 29.3 29.5 29.7 29.8 29.5 29 28.8 29.5 29.2 29.5 29.2 28.9 28.5 28.6 28.6 28.8 28.2 28.5 29.4 29.8 29.2 28.9 29.8 30.1 29.2 28.2 27.6 28.4 28.2 27.2 27.2 28.1 27.9 27.1 27.4 27.2 26.9 28 28.5 27.6 27.1 26.6 26.8 27.1 27.5 27.8 28.4 27.6 27.9
30.5 30.6 30.4 30.9 30.8 30.6 30.2 30.5 30.1 29.6 29.4 28.5 28.7 28.9 29.3 29.7 29.2 29.9 30 28.9 27.8 27.2 27.1 27.7 27.8 27.6 27.1 28 27.7 27.8 27.1 27.4 27.7 28 27.8 27.2 27.2 27.2 27.6 27.7 27.4 28.1 29 28.6 27.5 27.9 28.3 28.4 27.7 27.9 28 27.5 28.1 28.5 28.2 27.7 27.8 28.4 28.2 28 27.4 28.2 28.5 28.3 28.1 27.9 28.2 28.2 28.4 28.2 27.6 27.5 27.1 27.7 28.2 28 28.3 27.5 27.5
30.7 30.4 30.1 30.6 30.4 30.5 30.4 29.9 30.1 29.6 30.1 30 29.7 29.7 28.4 28.3 27.8 29.5 30.4 27.4 27.1 27.8 28 27.7 27.4 27.3 26.4 27.4 27.4 26.6 27.1 27.3 27.5 27.6 27.6 27.6 27.5 27.6 27.4 27.4 27.1 27.8 27.8 28 27.3 26.8 27.6 27.8 27.9 28.2 27.8 27.5 28.2 28.3 28.1 27.8 27.7 28.5 28.3 28.2 27.9 28.1 28.4 28.7 28.5 28.2 28.3 28.6 28.7 28.3 28.1 28.4 28 28.2 28.7 28.4 28.5 28.5 28.2
29.7 30.5 30 29.6 29.3 29.9 29.5 30.1 30.3 28.3 28.4 28.2 28.5 27.8 30.1 29.7 29.3 28.6 28.6 28.3 27.6 27.8 28.2 28 28.1 27.4 26 27.2 28.3 28.2 27.4 26.7 27.3 27 27 26.5 27.5 28.3 27.6 26.6 26.5 27.7 27.6 28.2 27.7 27 27 27.8 28.3 27.8 27.8 27.5 28.1 28.4 28.3 28.2 28 28.1 28.4 28.3 28.6 28.5 28.6 28.6 28.6 28 28.4 28.7 28.4 28.3 28.1 27.9 27.8 27.8 28.5 28.2 27.8 28.1 28
29.2 29.6 30.2 30.4 30 30.4 29.5 27.9 28.4 28.7 28.6 28.8 27.8 27.9 28.3 28.7 28.4 28.6 28.1 27.4 27.3 27.7 28.5 28.3 27.7 26.8 27.7 27.9 28.3 28.1 28.2 28.1 28.2 28.2 28.1 28 28.1 28.4 27.8 27.5 26.8 27.4 28.2 27 28.2 27.6 27.6 27.1 27.8 28 27.2 27.9 27.9 28.1 28.4 28.3 28.3 28.4 28.2 28.5 28.6 28.6 28.6 28.7 28.7 28.7 28.6 28.5 28.5 28.2 28 28.1 27.5 28.3 28 27.5 28.4 27.8 27.3
29.3 29.1 28 28.2 28.8 28.4 28.3 28.5 28.3 28.5 28.8 28.9 28.6 28.6 28.6 28.7 28.9 28.8 28.4 27.8 28.1 28 28.5 28.1 28.3 28.4 28.4 28.5 28.3 28.5 28.4 28.4 28.5 28.5 28.4 28.4 28.5 28.4 28.3 28.1 28.1 28.1 28.1 27.8 28 27.9 28.1 27.6 27.4 28.5 28.2 28.3 28.3 28.3 28.4 28.5 28.4 28.3 28.5 28.6 28.7 28.5 28.6 28.6 28.6 28.6 28.6 28.6 28.5 28.4 28.3 28.3 28.3 28.5 28.2 28.3 28 27.2 26.9
29.3 29.2 29.1 29 29.2 29 28.9 28.8 28.8 28.8 29 28.8 28.7 28.8 28.7 28.7 28.8 28.6 29 28.5 28.5 28.4 28.3 28.7 28.5 28.4 28.4 28.3 28.3 28.3 28.4 28.5 28.5 28.5 28.5 28.5 28.6 28.5 28.5 28.4 28.4 28.4 28.4 28.5 28.4 28.2 28.4 28.2 28 28.3 28.3 28.3 28.3 28.3 28.4 28.3 28.4 28.4 28.4 28.5 28.6 28.6 28.5 28.8 28.5 28.8 28.5 28.7 28.4 28.4 28.3 28.3 28.3 28.6 28.4 28.3 28 27.8 28
29.4 29.1 29.1 29.2 29 28.7 28.9 29 28.9 29 28.9 28.8 28.6 28.7 28.7 28.5 28.5 28.6 28.6 28.7 28.7 28.5 28.5 28.5 28.4 28.4 28.4 28.4 28.4 28.4 28.5 28.5 28.5 28.5 28.5 28.5 28.5 28.5 28.5 28.4 28.4 28.3 28.3 28.4 28.3 28.4 28.2 28.2 28.4 28.2 28.3 28.2 28.3 28.3 28.2 28.3 28.4 28.7 28.4 28.4 28.6 28.4 28.6 28.6 28.4 28.4 28.8 28.5 28.4 28.3 28.2 28.3 28.3 28.6 28.2 28.2 28.3 27.9 28
