Appendix_Data/App5-Higher-Order-Taxon-Info/SA_ASCII/ph2.asc
NCOLS 472
NROWS 227
XLLCORNER 17.83333
YLLCORNER -34.83333
CELLSIZE 0.01666667
NODATA_VALUE -9999
[rows 144 to 179 of 227, columns 328 to 409 of 472]
98 72 95 98 98 89 97 60 41 35 28 11 0 0 0 0 0 0 2 12 36 97 100 26 0 0 4 8 5 9 5 0 0 0 0 0 3 35 60 93 100 100 100 100 100 100 99 96 100 100 100 100 100 100 100 100 100 100 100 100 100 100 100 100 100 100 100 100 100 100 100 100 100 100 100 100 100 100 100 100 100 100
100 100 80 73 80 77 95 67 82 47 96 98 64 37 46 46 29 17 2 0 0 17 22 0 0 0 0 0 0 0 0 4 5 5 9 7 1 0 0 2 24 46 66 42 63 65 49 44 80 100 100 100 100 100 100 100 100 100 100 100 100 100 100 100 100 100 100 100 100 100 100 100 100 100 100 100 100 100 100 100 100 73
100 100 100 91 100 99 91 98 98 76 22 45 72 79 98 100 92 57 17 2 0 0 0 0 0 4 16 11 12 16 5 8 0 1 4 2 7 6 8 7 8 17 24 46 70 82 34 60 85 93 85 81 77 64 73 82 97 94 60 68 100 100 100 100 100 98 81 64 55 68 66 61 61 51 43 65 67 59 60 50 70 64
100 100 100 85 68 42 35 26 11 16 9 0 67 81 100 74 51 21 4 0 8 6 10 12 23 14 18 15 18 18 23 32 22 5 2 9 15 4 7 0 1 3 10 10 13 14 8 31 42 28 37 55 68 64 35 27 10 18 66 95 100 100 100 99 71 5 36 95 100 100 100 97 81 64 56 55 53 52 47 41 44 39
71 51 15 0 2 0 0 0 0 4 5 0 24 74 74 59 5 10 6 21 14 16 37 33 17 16 61 53 0 3 0 0 0 0 0 1 12 0 0 2 7 0 0 0 0 3 8 7 6 1 4 0 0 0 0 0 0 0 1 54 63 93 54 15 0 41 100 100 100 100 70 21 3 0 0 0 0 0 0 0 0 0
0 0 7 6 0 0 0 0 11 27 0 58 35 23 25 33 0 18 17 28 19 1 0 2 6 0 0 1 0 6 1 5 0 0 0 1 11 6 25 11 10 13 0 5 3 0 0 0 1 8 9 6 0 0 0 0 0 0 0 7 13 11 1 21 88 91 100 100 100 100 100 100 87 76 54 22 12 4 0 0 0 0
53 73 88 7 0 0 0 0 7 4 8 10 26 9 0 5 1 22 35 34 22 54 32 24 34 5 9 20 1 0 0 0 0 9 10 0 7 32 12 22 11 39 68 55 54 11 6 1 0 0 0 3 13 11 14 13 10 9 8 3 44 64 81 96 100 100 100 93 80 74 74 75 79 93 100 100 100 96 70 47 25 2
100 88 75 21 0 0 0 9 11 4 9 0 0 0 0 0 0 0 0 2 8 11 20 18 14 10 12 6 8 18 17 23 11 26 15 33 4 0 0 0 0 0 8 37 69 55 94 89 17 22 12 15 26 1 5 0 0 0 0 0 0 0 0 1 11 21 8 0 0 0 0 0 0 0 10 25 41 58 58 27 38 53
11 0 0 5 10 15 10 0 0 0 0 0 0 0 0 0 0 0 0 0 0 0 0 0 0 0 0 4 8 10 7 7 9 3 2 2 0 0 0 0 0 0 0 0 0 3 2 25 60 0 0 0 21 68 41 39 0 0 2 1 0 0 0 0 0 1 11 2 4 8 11 0 0 0 0 0 0 0 0 0 0 0
0 0 9 3 0 0 0 0 0 0 0 0 0 0 0 0 0 0 0 0 0 0 0 0 0 0 0 0 0 0 0 0 1 9 9 9 7 7 1 0 0 0 0 8 10 10 1 0 13 0 0 0 0 30 31 4 0 13 5 5 23 0 0 0 0 0 13 16 0 0 0 0 0 0 0 0 0 0 0 0 0 0
0 0 0 0 0 0 0 0 0 0 0 0 0 0 0 0 0 2 0 0 2 0 0 0 0 0 0 0 0 0 0 0 0 0 0 0 0 0 6 7 9 9 6 16 1 0 18 23 12 5 0 0 0 0 0 13 22 0 10 9 8 22 0 0 0 8 1 0 0 0 0 6 16 13 6 7 0 0 2 1 0 0
0 0 11 38 57 65 63 54 40 26 12 1 0 0 0 0 0 6 1 8 6 6 6 5 8 6 10 7 6 5 4 0 0 0 0 0 0 0 0 0 0 0 2 8 15 0 8 0 0 6 9 10 1 0 0 22 17 0 28 15 21 18 24 4 24 35 54 41 4 1 0 0 5 2 11 5 12 25 18 7 0 0
63 86 90 85 63 46 50 59 72 86 97 96 79 61 41 26 5 0 0 1 7 5 5 9 10 6 5 1 0 0 5 9 7 7 9 4 0 0 0 0 0 0 0 0 0 0 0 0 0 0 0 0 9 10 9 6 2 0 25 6 7 7 24 25 10 14 14 6 7 0 2 0 0 0 0 40 70 96 35 8 0 0
15 3 0 0 0 0 0 0 0 0 0 12 14 10 28 3 20 54 55 47 28 13 0 0 0 0 0 6 6 10 10 10 7 0 0 3 8 10 8 10 10 10 10 9 9 6 0 0 1 0 0 0 0 0 1 10 10 7 0 0 0 19 7 26 16 0 10 17 32 21 12 7 7 1 0 6 38 21 4 0 0 0
0 0 0 0 0 0 0 0 0 0 0 1 3 0 0 0 2 1 0 22 53 65 69 21 0 4 0 8 12 0 4 4 1 5 8 8 9 7 9 10 10 5 1 0 0 1 10 15 41 33 15 11 10 10 2 0 0 4 11 13 31 23 0 9 0 7 14 28 14 6 9 4 0 0 0 0 0 7 0 0 0 0
0 0 0 5 7 21 4 0 0 0 0 0 0 4 8 1 0 9 10 22 37 1 16 21 0 4 0 1 17 10 5 0 3 9 1 4 0 0 0 0 0 2 8 11 9 8 6 0 10 9 17 30 7 4 8 9 11 5 0 0 8 1 4 10 11 9 3 9 10 2 4 6 1 0 0 0 0 0 0 0 17 55
34 18 32 32 2 11 0 23 0 0 0 4 9 3 0 0 0 0 2 0 0 7 9 7 0 10 0 14 22 15 13 5 22 12 42 4 0 7 14 0 0 3 5 1 3 0 2 8 9 12 8 16 2 8 1 0 0 6 11 3 0 8 15 17 5 0 12 10 5 0 0 0 0 0 0 21 3 0 14 62 99 100
0 0 0 0 0 0 0 0 0 0 0 0 0 13 39 0 0 0 0 0 0 5 0 9 1 0 0 7 0 1 29 14 7 24 46 39 32 0 0 23 24 38 6 17 23 3 9 11 21 10 14 10 14 16 4 0 0 0 0 26 25 7 11 0 3 4 1 0 4 9 7 8 0 0 9 7 39 31 56 36 46 57
0 0 0 0 0 0 0 0 0 0 5 7 16 22 41 35 23 40 35 20 5 0 0 0 0 0 0 0 0 10 13 10 12 12 14 10 52 69 2 11 6 11 5 15 22 37 17 11 24 11 8 11 5 1 0 0 0 0 0 0 13 7 13 15 11 29 10 7 0 0 0 1 5 7 1 0 0 32 84 81 95 73
0 0 0 0 0 0 0 0 0 0 0 0 2 37 60 21 16 25 45 63 11 8 8 5 5 9 8 4 0 12 17 2 2 2 8 6 17 3 3 0 0 2 13 21 27 30 39 13 14 12 25 21 16 19 13 10 10 0 0 6 0 5 0 13 9 7 14 19 6 1 0 0 0 13 13 9 19 2 3 26 85 100
0 0 0 0 0 0 0 0 0 0 0 0 0 0 3 10 11 10 9 6 0 0 0 25 50 37 21 11 12 7 10 12 17 15 17 3 0 0 11 3 12 14 48 18 14 13 49 15 0 0 0 0 5 5 13 17 11 7 8 4 0 2 7 12 28 0 3 0 0 0 0 0 0 0 9 13 7 9 8 8 3 52
0 0 0 0 0 0 0 0 0 0 0 0 0 0 0 0 0 0 0 5 5 7 12 5 10 23 23 29 23 32 32 9 16 9 9 22 18 10 14 3 1 10 1 6 7 2 7 27 8 9 4 0 0 0 1 6 9 23 11 16 6 5 5 0 0 0 6 14 0 0 0 0 0 0 0 0 6 0 0 1 7 3
0 0 0 0 0 0 0 0 0 0 5 8 2 0 0 0 0 0 0 0 0 0 0 0 9 10 4 7 7 0 1 11 25 40 45 25 18 11 11 17 14 26 18 9 7 7 8 1 0 12 29 14 10 2 0 0 4 26 13 8 3 0 6 11 5 0 0 0 0 0 0 0 0 0 0 0 6 0 0 0 0 4
15 0 0 0 0 0 0 0 0 0 6 0 6 6 8 8 5 0 0 0 0 0 0 0 0 0 0 0 0 6 10 7 7 10 7 2 22 36 34 29 14 9 6 4 2 0 0 6 10 9 14 14 30 32 15 15 5 25 16 0 5 8 9 1 5 10 3 0 0 0 0 0 0 0 0 0 0 0 0 0 0 0
43 47 25 4 0 0 0 0 0 0 2 8 14 11 9 11 11 17 9 0 0 0 0 0 0 0 0 0 0 0 0 0 0 0 0 5 8 7 8 8 21 17 1 2 12 10 8 7 1 0 0 0 13 24 21 43 35 3 0 0 0 0 0 7 9 2 7 5 0 0 0 0 0 0 0 0 0 16 0 0 0 0
0 0 2 6 0 0 0 0 0 0 0 0 0 0 0 0 0 0 0 0 0 0 0 0 0 0 0 0 0 0 0 0 0 0 0 0 0 0 0 0 6 9 12 11 12 18 25 18 10 9 11 7 0 0 0 3 21 7 15 10 2 11 33 42 11 7 11 7 12 0 0 0 0 0 0 0 0 4 1 0 0 0
0 0 0 0 0 0 0 0 0 0 0 0 0 0 0 0 0 0 0 0 0 0 0 0 0 0 0 0 0 0 0 0 0 0 0 0 0 0 0 0 0 0 0 0 2 11 10 9 15 25 20 15 12 9 9 4 0 0 0 0 6 7 6 5 35 43 10 12 12 8 3 0 0 0 0 0 0 0 0 0 0 0
20 22 2 7 0 0 0 0 0 0 0 0 0 0 0 0 0 0 0 0 0 0 0 0 0 0 0 0 0 0 0 0 0 0 0 0 0 0 0 0 0 0 0 0 0 0 0 0 3 9 8 8 19 5 23 20 12 9 9 5 0 0 0 5 7 6 26 28 10 12 21 0 0 0 15 0 0 0 0 0 0 0
0 3 23 20 2 0 0 0 0 0 0 0 0 0 0 2 5 7 9 7 5 7 7 4 5 7 1 0 0 0 0 0 0 0 0 0 0 0 0 0 0 0 0 0 0 0 0 0 0 0 0 0 4 9 8 12 36 32 38 25 11 10 11 3 0 3 9 12 21 23 12 0 0 0 6 0 0 0 0 0 0 0
0 0 0 1 19 36 32 9 0 0 0 2 9 7 8 4 5 26 28 29 31 34 37 37 35 32 21 11 7 6 7 5 2 0 0 0 0 0 0 0 0 0 0 0 0 0 0 0 0 0 0 0 0 0 0 0 3 13 9 28 33 27 20 7 9 20 6 0 8 9 18 33 36 23 24 8 0 0 0 0 0 0
0 0 0 0 0 0 23 70 88 63 32 4 0 0 0 43 27 7 7 6 7 6 7 10 10 16 31 46 49 56 59 45 28 11 6 6 7 3 0 0 0 0 0 0 0 0 0 0 0 0 0 0 0 0 0 0 0 0 0 0 8 12 14 35 27 31 23 9 10 10 13 18 1 29 69 90 40 1 0 0 0 0
91 85 63 35 9 0 0 0 17 65 88 97 80 70 64 64 1 0 0 11 13 14 9 8 8 5 5 2 7 8 12 29 44 55 56 53 41 24 13 8 6 11 13 11 9 1 0 0 0 0 0 0 0 0 0 0 0 0 0 0 0 0 0 3 8 7 15 28 42 31 16 9 0 0 0 13 70 87 43 15 0 0
56 50 60 71 82 83 71 53 15 0 0 12 45 76 -9999 -9999 -9999 -9999 -9999 -9999 -9999 -9999 -9999 0 0 0 2 10 7 6 5 6 2 6 7 5 18 40 57 56 57 52 44 33 24 18 12 12 10 7 8 7 1 0 0 0 0 0 0 0 0 0 0 0 0 0 1 12 10 0 1 27 27 39 45 28 10 66 100 100 84 50
71 89 81 71 78 85 72 38 -9999 -9999 -9999 -9999 -9999 -9999 -9999 -9999 -9999 -9999 -9999 -9999 -9999 -9999 -9999 -9999 -9999 -9999 -9999 -9999 0 0 0 0 8 7 10 8 6 6 5 7 10 15 26 39 49 61 61 60 63 64 52 37 28 21 15 9 9 10 4 0 0 0 0 0 0 0 0 6 32 26 8 0 0 0 6 27 58 97 100 100 100 100
51 60 99 100 87 0 -9999 -9999 -9999 -9999 -9999 -9999 -9999 -9999 -9999 -9999 -9999 -9999 -9999 -9999 -9999 -9999 -9999 -9999 -9999 -9999 -9999 -9999 -9999 -9999 -9999 -9999 -9999 -9999 0 0 0 24 23 14 14 12 9 9 12 14 8 8 10 11 27 41 25 17 19 17 7 8 18 21 11 11 5 0 0 0 0 0 0 0 5 11 10 1 23 49 35 22 94 100 100 100
9 9 32 50 21 -9999 -9999 -9999 -9999 -9999 -9999 -9999 -9999 -9999 -9999 -9999 -9999 -9999 -9999 -9999 -9999 -9999 -9999 -9999 -9999 -9999 -9999 -9999 -9999 -9999 -9999 -9999 -9999 -9999 -9999 -9999 -9999 -9999 -9999 -9999 -9999 -9999 -9999 -9999 0 17 23 16 10 11 9 7 5 6 7 12 20 18 13 10 8 8 13 13 10 9 0 0 0 0 0 0 0 8 12 7 20 49 90 100 100 100
