Appendix_Data/App5-Higher-Order-Taxon-Info/SA_ASCII/ph2.asc
NCOLS 472
NROWS 227
XLLCORNER 17.83333
YLLCORNER -34.83333
CELLSIZE 0.01666667
NODATA_VALUE -9999
[rows 180 to 215 of 227, columns 82 to 163 of 472]
100 100 62 100 87 9 0 0 12 50 14 57 72 68 55 62 42 83 89 84 68 53 71 16 6 59 84 66 46 44 64 63 53 43 69 74 59 35 0 2 14 0 0 0 2 11 9 12 13 6 0 0 17 21 24 2 6 63 63 34 17 25 43 61 32 100 75 100 83 80 86 81 73 69 87 52 43 97 52 16 73 24
66 88 91 99 34 0 0 26 23 40 94 86 92 100 100 100 100 94 63 86 92 88 94 97 61 47 41 68 86 80 67 43 54 61 82 89 89 81 4 0 12 18 0 0 0 0 0 0 4 15 0 0 27 26 72 49 9 2 23 31 42 38 64 26 72 79 58 82 81 66 100 93 84 91 74 78 65 21 7 25 4 62
87 98 90 51 4 9 15 57 69 100 92 98 100 100 100 100 98 91 98 100 100 100 100 100 100 100 89 47 51 63 100 73 90 81 57 75 50 47 13 2 0 0 1 13 0 0 2 8 8 32 30 0 1 0 12 11 31 0 0 0 0 0 15 60 65 52 53 53 97 64 100 98 100 100 100 88 66 70 44 14 47 90
56 20 20 30 52 87 81 76 97 78 99 100 100 100 96 81 68 96 100 100 100 100 100 100 100 100 100 100 93 37 85 89 55 63 62 86 47 81 22 49 3 7 9 8 8 6 27 55 32 0 0 29 49 0 12 6 23 70 85 16 31 37 11 12 31 83 71 82 16 52 100 100 100 100 100 100 96 84 34 41 100 100
55 86 87 88 80 100 82 86 78 100 100 100 100 100 97 100 100 100 98 66 88 99 72 88 100 100 88 84 87 91 83 65 76 100 67 47 42 73 61 7 0 0 12 13 4 0 9 11 1 58 83 98 93 15 38 87 92 91 100 100 82 100 100 61 0 4 33 88 53 3 80 100 100 100 100 98 80 56 1 33 81 100
45 40 70 71 100 100 100 100 100 100 100 100 100 100 100 100 87 70 64 62 59 80 63 56 66 89 98 100 100 100 100 100 100 100 97 99 92 83 68 22 18 60 91 16 4 19 30 1 5 94 100 100 91 79 76 100 100 100 100 94 76 100 100 60 37 70 82 82 51 5 72 100 100 100 98 65 68 90 67 69 100 100
0 64 55 99 100 100 100 100 100 100 85 88 89 84 76 68 20 0 0 2 2 0 14 52 70 50 100 100 100 100 100 100 100 100 100 100 32 7 45 67 86 6 0 7 0 0 3 32 67 100 100 97 83 100 64 88 100 100 96 71 95 100 100 85 93 100 84 97 61 92 100 100 99 96 82 97 84 97 74 100 100 100
5 71 97 100 100 100 100 100 84 77 76 81 80 58 47 19 11 0 0 0 0 0 8 86 80 31 100 100 100 100 100 100 100 100 100 94 48 34 32 34 28 44 49 65 94 80 92 92 98 100 100 100 97 81 80 86 94 100 100 80 100 100 99 69 100 95 71 100 100 100 100 100 95 88 94 100 99 83 68 88 99 100
48 91 100 100 100 98 66 64 88 100 100 100 100 78 10 9 7 11 12 9 8 10 20 53 27 70 100 100 100 100 100 100 100 100 100 100 100 100 100 100 100 100 97 100 100 100 100 100 100 100 100 100 93 100 79 96 97 100 100 100 100 100 77 99 100 87 97 100 100 100 100 100 100 100 100 100 100 100 67 24 50 100
71 100 100 100 92 32 70 84 100 100 100 79 29 19 27 40 43 45 47 49 65 74 99 96 98 100 100 100 100 100 100 100 100 100 100 99 100 100 100 100 100 100 100 100 100 100 100 100 100 88 100 100 100 100 100 95 100 100 100 100 100 100 80 100 100 100 100 91 100 100 100 100 100 100 99 99 100 100 90 34 88 100
72 100 100 87 79 73 43 75 59 66 60 91 94 96 100 100 78 96 100 100 100 76 48 68 39 56 92 100 100 100 100 100 100 100 100 96 100 100 100 100 100 100 100 100 100 100 100 100 100 70 90 100 100 100 100 100 100 100 100 100 100 100 97 100 97 100 100 90 85 99 73 80 71 76 79 94 100 100 80 61 87 100
58 72 76 66 42 67 100 72 64 100 97 100 89 97 73 42 72 100 100 100 100 100 100 100 60 37 74 100 100 100 100 100 100 100 100 100 100 100 100 100 100 100 100 100 100 100 100 100 100 96 100 100 100 100 100 100 100 100 100 100 100 100 100 100 97 84 85 81 92 72 99 88 96 75 100 100 100 100 85 100 100 100
51 76 23 8 43 90 85 33 80 100 100 100 93 57 70 99 97 62 56 80 54 65 99 97 100 95 83 100 100 100 100 100 100 100 100 100 100 100 100 100 100 100 100 100 100 100 100 100 100 100 100 100 100 100 100 100 100 100 100 100 100 100 100 100 100 100 100 89 98 100 100 99 100 77 100 100 100 100 77 90 60 63
50 18 55 67 74 79 66 54 65 64 41 14 25 8 4 13 42 82 96 62 49 76 23 5 55 82 100 100 100 100 100 100 100 100 100 100 100 100 100 100 100 100 100 100 100 100 100 100 100 100 100 100 100 100 100 100 100 100 100 100 100 100 100 100 100 100 100 100 100 100 100 100 100 87 93 100 100 100 100 94 97 55
1 22 8 9 1 0 0 0 15 40 56 61 45 73 78 85 76 54 44 95 100 100 93 29 90 100 100 100 100 100 100 100 100 100 100 100 100 100 100 100 100 100 100 100 100 100 100 100 100 100 100 100 100 100 100 100 100 100 100 100 100 100 100 100 100 100 100 100 100 100 100 100 100 99 88 100 100 100 100 100 100 73
11 8 8 8 6 10 15 10 5 0 0 1 8 7 7 2 15 77 78 46 89 100 83 97 100 100 100 100 100 100 100 100 100 100 100 100 100 100 100 100 100 100 100 100 100 100 100 100 100 100 100 100 100 100 100 100 100 100 100 100 100 100 100 100 100 100 100 100 100 100 100 100 100 98 100 100 100 100 100 100 100 100
0 0 0 9 28 42 95 48 38 17 24 4 2 19 49 39 31 7 25 95 37 62 100 100 100 100 100 100 100 100 100 100 100 100 100 100 100 100 100 100 100 100 100 100 100 100 100 100 100 100 100 100 100 100 100 100 100 100 100 100 100 100 100 100 100 100 100 100 100 100 98 100 100 100 100 84 80 89 97 100 100 100
57 66 80 95 93 15 25 54 99 98 78 63 61 58 58 83 71 54 34 65 26 59 96 100 100 100 100 100 100 100 100 100 100 100 100 100 100 100 100 100 100 100 100 100 100 100 100 100 100 100 100 100 100 100 100 100 100 100 100 100 100 100 100 100 100 100 100 100 100 100 75 86 100 100 97 89 93 80 87 49 74 96
58 57 77 48 29 0 0 5 26 4 0 0 6 4 25 35 15 61 93 100 83 91 86 98 100 89 100 99 98 94 100 100 100 67 68 82 96 100 94 86 96 100 100 100 100 100 100 100 100 100 100 100 100 100 100 100 100 100 100 100 100 100 100 100 100 100 100 100 100 100 100 77 99 100 100 100 100 100 86 9 7 12
15 85 44 0 3 10 15 5 6 7 9 11 7 8 2 0 0 0 7 25 27 11 3 13 26 65 40 18 29 42 99 69 6 0 2 2 34 100 76 100 75 82 100 100 100 100 100 100 100 100 100 100 100 100 100 100 100 100 100 100 100 100 100 100 100 100 99 90 85 73 53 48 39 35 41 42 28 15 9 0 6 13
45 29 0 0 8 0 0 0 0 18 13 27 27 18 5 8 8 7 7 9 9 14 14 16 33 47 32 32 28 24 36 65 22 0 2 0 2 45 64 100 100 89 100 100 100 100 100 100 100 100 100 100 100 100 100 100 100 100 96 91 97 98 96 96 83 70 39 1 5 0 0 0 0 0 0 0 0 0 0 0 0 0
0 0 0 0 0 0 0 0 0 0 0 1 21 43 47 77 77 32 16 57 73 42 8 8 7 8 8 6 7 11 9 8 35 59 91 74 62 48 36 51 65 78 100 91 100 100 100 100 100 100 100 100 100 100 100 98 74 86 74 62 66 73 56 7 1 5 26 13 25 0 0 0 0 0 0 0 0 0 0 0 0 0
0 0 -9999 -9999 -9999 0 0 0 0 0 0 0 2 19 69 93 83 89 94 100 74 8 1 1 24 46 1 0 0 9 0 1 24 93 100 100 100 100 100 100 84 42 19 18 74 87 98 100 100 100 100 100 100 100 100 100 91 68 82 94 99 53 3 0 0 0 0 0 0 0 0 0 0 0 0 0 0 0 0 0 0 0
-9999 -9999 -9999 -9999 -9999 -9999 0 0 0 0 0 0 0 0 10 8 56 54 68 74 21 0 33 91 93 56 50 29 0 6 0 9 11 14 30 29 37 58 79 90 97 80 93 48 1 12 68 81 99 100 100 100 100 100 100 100 99 76 71 87 42 0 0 0 0 0 0 0 0 0 0 0 0 0 0 0 0 0 0 0 0 0
-9999 -9999 -9999 -9999 -9999 -9999 -9999 0 0 0 0 0 0 0 0 0 0 0 0 5 0 0 42 84 100 97 95 66 8 9 10 2 0 4 9 13 34 18 20 15 23 84 73 30 1 17 87 78 96 100 100 100 100 100 100 100 100 96 90 84 1 0 0 0 0 0 0 0 0 0 0 0 0 0 0 0 0 0 0 0 0 0
-9999 -9999 -9999 -9999 -9999 -9999 -9999 -9999 0 0 0 0 0 0 0 0 0 0 0 0 4 6 78 80 100 64 6 7 9 0 12 19 30 0 7 8 8 10 19 42 76 94 86 54 54 39 29 79 100 100 100 100 100 96 93 100 100 83 47 5 0 0 0 0 0 0 0 0 0 0 0 0 0 0 0 0 0 0 0 -9999 -9999 -9999
-9999 -9999 -9999 -9999 -9999 -9999 -9999 -9999 -9999 0 0 0 0 0 0 0 0 0 6 8 1 1 55 84 26 1 7 9 0 4 46 85 28 7 3 0 0 4 11 10 1 5 31 51 73 72 73 85 94 100 100 100 94 64 24 38 16 0 0 0 0 0 0 0 0 0 0 0 0 0 0 0 0 0 0 0 0 -9999 -9999 -9999 -9999 -9999
-9999 -9999 -9999 -9999 -9999 -9999 -9999 -9999 -9999 0 0 0 0 0 0 0 0 0 0 0 6 43 91 81 67 8 0 0 0 33 64 12 0 0 0 0 0 0 0 0 5 6 9 10 8 18 29 71 92 97 99 62 3 0 0 0 0 0 0 0 0 0 48 20 0 0 0 0 0 0 0 0 0 0 0 -9999 -9999 -9999 -9999 -9999 -9999 -9999
-9999 -9999 -9999 -9999 -9999 -9999 -9999 -9999 -9999 0 0 0 0 0 0 0 5 3 0 0 1 1 3 12 7 9 4 2 31 84 72 69 74 64 50 26 12 0 0 0 0 0 3 12 1 1 8 6 19 44 11 3 0 0 27 9 0 0 0 0 0 7 33 18 11 0 0 0 0 0 0 0 0 0 -9999 -9999 -9999 -9999 -9999 -9999 -9999 -9999
-9999 -9999 -9999 -9999 -9999 -9999 -9999 -9999 0 0 0 0 0 0 0 0 26 61 8 6 10 6 10 9 1 0 5 59 89 92 89 80 67 99 100 94 65 95 82 52 40 71 78 73 78 22 0 5 9 0 0 32 40 64 96 74 49 28 45 34 10 18 48 62 5 7 15 45 6 0 0 0 0 -9999 -9999 -9999 -9999 -9999 -9999 -9999 -9999 -9999
-9999 -9999 -9999 -9999 -9999 -9999 -9999 -9999 0 0 0 0 1 0 0 23 29 10 1 0 0 0 0 34 30 49 61 93 96 100 100 98 81 49 46 63 60 76 44 75 95 100 100 98 59 75 32 0 0 0 0 0 42 93 64 95 90 73 94 94 31 78 4 14 0 1 8 0 0 0 6 10 0 -9999 -9999 -9999 -9999 -9999 -9999 -9999 -9999 -9999
-9999 -9999 -9999 -9999 -9999 -9999 -9999 0 0 0 4 6 7 0 0 0 2 59 43 7 3 39 56 69 91 84 87 71 4 12 31 52 66 6 0 2 56 76 68 32 11 26 53 85 100 66 52 0 0 0 0 0 0 0 63 83 100 100 92 75 86 98 17 0 0 0 0 0 0 0 0 -9999 -9999 -9999 -9999 -9999 -9999 -9999 -9999 -9999 -9999 -9999
-9999 -9999 -9999 -9999 -9999 -9999 -9999 0 0 1 3 0 0 0 0 0 0 0 0 22 86 91 88 65 97 91 42 4 0 0 0 0 10 68 61 37 59 33 28 57 3 1 19 62 42 6 0 0 0 0 0 0 0 52 71 85 90 53 61 100 62 71 55 32 7 0 0 0 0 -9999 -9999 -9999 -9999 -9999 -9999 -9999 -9999 -9999 -9999 -9999 -9999 -9999
-9999 -9999 -9999 -9999 -9999 0 0 0 0 0 0 0 0 0 0 0 0 0 0 0 38 40 7 0 23 6 0 0 0 0 0 0 31 92 82 56 41 70 98 51 60 79 80 7 48 9 21 43 70 9 0 0 14 95 92 73 93 98 78 93 49 0 0 0 0 0 0 0 -9999 -9999 -9999 -9999 -9999 -9999 -9999 -9999 -9999 -9999 -9999 -9999 -9999 -9999
-9999 -9999 -9999 -9999 -9999 0 0 0 0 -9999 -9999 -9999 -9999 0 0 0 0 0 0 0 0 0 10 9 7 0 0 0 0 0 0 0 0 0 9 76 89 29 60 15 61 52 78 20 2 0 0 5 23 0 0 0 0 1 0 0 43 91 79 97 15 0 0 0 0 0 -9999 -9999 -9999 -9999 -9999 -9999 -9999 -9999 -9999 -9999 -9999 -9999 -9999 -9999 -9999 -9999
-9999 -9999 -9999 -9999 -9999 -9999 -9999 -9999 -9999 -9999 -9999 -9999 -9999 -9999 0 0 0 0 0 0 0 0 0 0 4 8 8 7 0 0 0 0 0 0 11 93 39 35 92 91 54 61 43 5 0 0 0 0 0 0 0 0 0 0 0 0 0 24 32 5 0 0 0 -9999 -9999 -9999 -9999 -9999 -9999 -9999 -9999 -9999 -9999 -9999 -9999 -9999 -9999 -9999 -9999 -9999 -9999 -9999
