Appendix_Data/App5-Higher-Order-Taxon-Info/SA_ASCII/ph2.asc
NCOLS 472
NROWS 227
XLLCORNER 17.83333
YLLCORNER -34.83333
CELLSIZE 0.01666667
NODATA_VALUE -9999
[rows 108 to 143 of 227, columns 328 to 409 of 472]
-9999 -9999 -9999 -9999 -9999 -9999 -9999 -9999 -9999 -9999 -9999 -9999 -9999 -9999 -9999 -9999 -9999 -9999 -9999 -9999 -9999 -9999 -9999 -9999 -9999 -9999 -9999 -9999 -9999 -9999 -9999 -9999 -9999 -9999 -9999 -9999 -9999 -9999 -9999 -9999 -9999 -9999 -9999 -9999 -9999 -9999 -9999 -9999 -9999 -9999 -9999 -9999 -9999 -9999 -9999 -9999 -9999 -9999 -9999 -9999 -9999 -9999 -9999 -9999 -9999 -9999 -9999 -9999 -9999 -9999 -9999 -9999 -9999 -9999 -9999 -9999 -9999 -9999 -9999 -9999 -9999 -9999
-9999 -9999 -9999 -9999 -9999 -9999 -9999 -9999 -9999 -9999 -9999 -9999 -9999 -9999 -9999 -9999 -9999 -9999 -9999 -9999 -9999 -9999 -9999 -9999 -9999 -9999 -9999 -9999 -9999 -9999 -9999 -9999 -9999 -9999 -9999 -9999 -9999 -9999 -9999 -9999 -9999 -9999 -9999 -9999 -9999 -9999 -9999 -9999 -9999 -9999 -9999 -9999 -9999 -9999 -9999 -9999 -9999 -9999 -9999 -9999 -9999 -9999 -9999 -9999 -9999 -9999 -9999 -9999 -9999 -9999 -9999 -9999 -9999 -9999 -9999 -9999 -9999 -9999 -9999 -9999 -9999 -9999
-9999 -9999 -9999 -9999 -9999 -9999 -9999 -9999 -9999 -9999 -9999 -9999 -9999 -9999 -9999 -9999 -9999 -9999 -9999 -9999 -9999 -9999 -9999 -9999 -9999 -9999 -9999 -9999 -9999 -9999 -9999 -9999 -9999 -9999 -9999 -9999 -9999 -9999 -9999 -9999 -9999 -9999 -9999 -9999 -9999 -9999 -9999 -9999 -9999 -9999 -9999 -9999 -9999 -9999 -9999 -9999 -9999 -9999 -9999 -9999 -9999 -9999 -9999 -9999 -9999 -9999 -9999 -9999 -9999 -9999 -9999 -9999 -9999 -9999 -9999 -9999 -9999 -9999 -9999 -9999 -9999 -9999
-9999 -9999 -9999 -9999 -9999 -9999 -9999 -9999 -9999 -9999 -9999 -9999 -9999 -9999 -9999 -9999 -9999 -9999 -9999 -9999 -9999 -9999 -9999 -9999 -9999 -9999 -9999 -9999 -9999 -9999 -9999 -9999 -9999 -9999 -9999 -9999 -9999 -9999 -9999 -9999 -9999 -9999 -9999 -9999 -9999 -9999 -9999 -9999 -9999 -9999 -9999 -9999 -9999 -9999 -9999 -9999 -9999 -9999 -9999 -9999 -9999 -9999 -9999 -9999 -9999 -9999 -9999 -9999 -9999 -9999 -9999 -9999 -9999 -9999 -9999 -9999 -9999 -9999 -9999 -9999 -9999 -9999
-9999 -9999 -9999 -9999 -9999 -9999 -9999 -9999 -9999 -9999 -9999 -9999 -9999 -9999 -9999 -9999 -9999 -9999 -9999 -9999 -9999 -9999 -9999 -9999 -9999 -9999 -9999 -9999 -9999 -9999 -9999 -9999 -9999 -9999 -9999 -9999 -9999 -9999 -9999 -9999 -9999 -9999 -9999 -9999 -9999 -9999 -9999 -9999 -9999 -9999 -9999 -9999 -9999 -9999 -9999 -9999 -9999 -9999 -9999 -9999 -9999 -9999 -9999 -9999 -9999 -9999 -9999 -9999 -9999 -9999 -9999 -9999 -9999 -9999 -9999 -9999 -9999 -9999 -9999 -9999 -9999 -9999
-9999 -9999 -9999 -9999 -9999 -9999 -9999 -9999 -9999 -9999 -9999 -9999 -9999 -9999 -9999 -9999 -9999 -9999 -9999 -9999 -9999 -9999 -9999 -9999 -9999 -9999 -9999 -9999 -9999 -9999 -9999 -9999 -9999 -9999 -9999 -9999 -9999 -9999 -9999 -9999 -9999 -9999 -9999 -9999 -9999 -9999 -9999 -9999 -9999 -9999 -9999 -9999 -9999 -9999 -9999 -9999 -9999 -9999 -9999 -9999 -9999 -9999 -9999 -9999 -9999 -9999 -9999 -9999 -9999 -9999 -9999 -9999 -9999 -9999 -9999 -9999 -9999 -9999 -9999 -9999 -9999 -9999
-9999 -9999 -9999 -9999 -9999 -9999 -9999 -9999 -9999 -9999 -9999 -9999 -9999 -9999 -9999 -9999 -9999 -9999 -9999 -9999 -9999 -9999 -9999 -9999 -9999 -9999 -9999 -9999 -9999 -9999 -9999 -9999 -9999 -9999 -9999 -9999 -9999 -9999 -9999 -9999 -9999 -9999 -9999 -9999 -9999 -9999 -9999 -9999 -9999 -9999 -9999 -9999 -9999 -9999 -9999 -9999 -9999 -9999 -9999 -9999 -9999 -9999 -9999 -9999 -9999 -9999 -9999 -9999 -9999 -9999 -9999 -9999 -9999 -9999 -9999 -9999 -9999 -9999 -9999 -9999 -9999 -9999
-9999 -9999 -9999 -9999 -9999 -9999 -9999 -9999 -9999 -9999 -9999 -9999 -9999 -9999 -9999 -9999 -9999 -9999 -9999 -9999 -9999 -9999 -9999 -9999 -9999 -9999 -9999 -9999 -9999 -9999 -9999 -9999 -9999 -9999 -9999 -9999 -9999 -9999 -9999 -9999 -9999 -9999 -9999 -9999 -9999 -9999 -9999 -9999 -9999 -9999 -9999 -9999 -9999 -9999 -9999 -9999 -9999 -9999 -9999 -9999 -9999 -9999 -9999 -9999 -9999 -9999 -9999 -9999 -9999 -9999 -9999 -9999 -9999 -9999 -9999 -9999 -9999 -9999 -9999 -9999 -9999 -9999
-9999 -9999 -9999 -9999 -9999 -9999 -9999 -9999 -9999 -9999 -9999 -9999 -9999 -9999 -9999 -9999 -9999 -9999 -9999 -9999 -9999 -9999 -9999 -9999 -9999 -9999 -9999 -9999 -9999 -9999 -9999 -9999 -9999 -9999 -9999 -9999 -9999 -9999 -9999 -9999 -9999 -9999 -9999 -9999 -9999 -9999 -9999 -9999 -9999 -9999 -9999 -9999 -9999 -9999 -9999 -9999 -9999 -9999 -9999 -9999 -9999 -9999 -9999 -9999 -9999 -9999 -9999 -9999 -9999 -9999 -9999 -9999 -9999 -9999 -9999 -9999 -9999 -9999 -9999 -9999 -9999 -9999
-9999 -9999 -9999 -9999 -9999 -9999 -9999 -9999 -9999 -9999 -9999 -9999 -9999 -9999 -9999 -9999 -9999 -9999 -9999 -9999 -9999 -9999 -9999 -9999 -9999 -9999 -9999 -9999 -9999 -9999 -9999 -9999 -9999 -9999 -9999 -9999 -9999 -9999 -9999 -9999 -9999 -9999 -9999 -9999 -9999 -9999 -9999 -9999 -9999 -9999 -9999 -9999 -9999 -9999 -9999 -9999 -9999 -9999 -9999 -9999 -9999 -9999 -9999 -9999 -9999 -9999 -9999 -9999 -9999 -9999 -9999 -9999 -9999 -9999 -9999 -9999 -9999 -9999 -9999 -9999 -9999 -9999
-9999 -9999 -9999 -9999 100 100 100 52 12 42 61 75 93 72 48 41 7 0 0 0 0 0 12 23 31 23 19 19 2 0 2 11 34 14 1 0 11 58 63 58 83 85 -9999 -9999 -9999 -9999 -9999 -9999 -9999 -9999 -9999 -9999 -9999 -9999 -9999 -9999 -9999 -9999 -9999 -9999 -9999 -9999 -9999 -9999 -9999 -9999 -9999 -9999 -9999 -9999 -9999 -9999 -9999 -9999 -9999 -9999 -9999 -9999 -9999 -9999 -9999 -9999
-9999 -9999 -9999 -9999 49 52 43 58 57 100 90 44 25 12 0 0 0 0 16 9 30 77 39 60 73 66 56 45 33 8 0 0 0 36 14 37 2 57 90 76 27 77 -9999 -9999 -9999 -9999 -9999 -9999 -9999 -9999 -9999 -9999 -9999 -9999 -9999 -9999 -9999 -9999 -9999 -9999 -9999 -9999 -9999 -9999 -9999 -9999 -9999 -9999 -9999 -9999 -9999 -9999 -9999 -9999 -9999 -9999 -9999 -9999 -9999 -9999 -9999 -9999
-9999 -9999 -9999 -9999 98 80 74 67 93 81 56 28 23 20 39 19 0 2 16 3 8 2 3 13 2 3 7 26 25 41 25 24 23 15 1 5 46 100 74 13 19 65 -9999 -9999 -9999 -9999 -9999 -9999 -9999 -9999 -9999 -9999 -9999 -9999 -9999 -9999 -9999 -9999 -9999 -9999 -9999 -9999 -9999 -9999 -9999 -9999 -9999 -9999 -9999 -9999 -9999 -9999 -9999 -9999 -9999 -9999 -9999 -9999 -9999 -9999 -9999 -9999
-9999 -9999 -9999 -9999 100 97 100 99 85 72 34 44 47 11 22 25 14 20 18 13 17 11 14 11 15 1 4 1 1 0 0 1 19 24 37 37 15 25 22 30 3 50 -9999 -9999 -9999 -9999 -9999 -9999 -9999 -9999 -9999 -9999 -9999 -9999 -9999 -9999 -9999 -9999 -9999 -9999 -9999 -9999 -9999 -9999 -9999 -9999 -9999 -9999 -9999 -9999 -9999 -9999 -9999 -9999 -9999 -9999 -9999 -9999 -9999 -9999 -9999 -9999
100 100 100 100 89 80 58 49 72 91 90 47 52 48 62 62 32 12 8 0 17 40 40 37 29 48 72 72 65 54 67 48 40 52 35 56 35 46 24 26 39 52 -9999 -9999 -9999 -9999 -9999 -9999 -9999 -9999 -9999 -9999 -9999 -9999 -9999 -9999 -9999 -9999 -9999 -9999 -9999 -9999 -9999 -9999 -9999 -9999 -9999 -9999 -9999 -9999 -9999 -9999 -9999 -9999 -9999 -9999 -9999 -9999 -9999 -9999 -9999 -9999
100 100 100 100 100 100 91 100 97 70 55 62 64 47 53 66 55 25 0 9 11 15 14 19 19 21 28 58 69 75 47 27 13 1 15 2 1 33 59 51 6 0 -9999 -9999 -9999 -9999 -9999 -9999 -9999 -9999 -9999 -9999 -9999 -9999 -9999 -9999 -9999 -9999 -9999 -9999 -9999 -9999 -9999 -9999 -9999 -9999 -9999 -9999 -9999 -9999 -9999 -9999 -9999 -9999 -9999 -9999 -9999 -9999 -9999 -9999 -9999 -9999
65 72 97 99 70 78 94 97 58 33 38 15 0 7 5 18 58 47 59 50 35 30 19 1 23 2 0 3 34 28 25 42 37 47 52 68 75 61 49 33 11 1 -9999 -9999 -9999 -9999 -9999 -9999 -9999 -9999 -9999 -9999 -9999 -9999 -9999 -9999 -9999 -9999 -9999 -9999 -9999 -9999 -9999 -9999 -9999 -9999 -9999 -9999 -9999 -9999 -9999 -9999 -9999 -9999 -9999 -9999 -9999 -9999 -9999 -9999 -9999 -9999
84 62 69 72 69 95 28 36 52 50 44 70 42 28 31 43 46 32 31 44 56 51 41 28 60 74 57 37 41 61 58 40 28 24 3 10 26 46 73 96 100 69 -9999 -9999 -9999 -9999 -9999 -9999 -9999 -9999 -9999 -9999 -9999 -9999 -9999 -9999 -9999 -9999 -9999 -9999 -9999 -9999 -9999 -9999 -9999 -9999 -9999 -9999 -9999 -9999 -9999 -9999 -9999 -9999 -9999 -9999 -9999 -9999 -9999 -9999 -9999 -9999
94 100 100 69 57 86 56 99 100 99 89 48 51 44 40 44 35 19 20 36 70 73 56 14 37 65 45 95 53 65 46 67 77 71 66 51 44 38 31 20 22 20 -9999 -9999 -9999 -9999 -9999 -9999 -9999 -9999 -9999 -9999 -9999 -9999 -9999 -9999 -9999 -9999 -9999 -9999 -9999 -9999 -9999 -9999 -9999 -9999 -9999 -9999 -9999 -9999 -9999 -9999 -9999 -9999 -9999 -9999 -9999 -9999 -9999 -9999 -9999 -9999
97 96 100 83 37 31 55 75 78 62 80 73 69 90 78 82 90 93 87 52 50 29 26 18 37 53 53 56 65 49 69 59 41 25 32 49 59 78 84 94 87 65 -9999 -9999 -9999 -9999 -9999 -9999 -9999 -9999 -9999 -9999 -9999 -9999 -9999 -9999 -9999 -9999 -9999 -9999 -9999 -9999 -9999 -9999 -9999 -9999 -9999 -9999 -9999 -9999 -9999 -9999 -9999 -9999 -9999 -9999 -9999 -9999 -9999 -9999 -9999 -9999
63 25 61 41 52 32 64 88 95 98 100 100 96 70 85 100 100 94 81 35 98 77 38 45 100 100 96 88 76 57 56 42 46 49 39 32 12 15 28 40 68 60 -9999 -9999 -9999 -9999 -9999 -9999 -9999 -9999 -9999 -9999 -9999 -9999 -9999 -9999 -9999 -9999 -9999 -9999 -9999 -9999 -9999 -9999 -9999 -9999 -9999 -9999 -9999 -9999 -9999 -9999 -9999 -9999 -9999 -9999 -9999 -9999 -9999 -9999 -9999 -9999
13 24 51 63 54 76 64 52 34 37 81 100 70 99 100 96 75 90 100 92 94 8 62 71 79 100 100 84 82 51 55 98 75 28 17 1 0 0 0 2 13 38 -9999 -9999 -9999 -9999 -9999 -9999 -9999 -9999 -9999 -9999 -9999 -9999 -9999 -9999 -9999 -9999 -9999 -9999 -9999 -9999 -9999 -9999 -9999 -9999 -9999 -9999 -9999 -9999 -9999 -9999 -9999 -9999 -9999 -9999 -9999 -9999 -9999 -9999 -9999 -9999
82 89 95 98 96 81 52 2 21 74 100 53 74 100 100 85 100 100 100 100 87 47 100 100 100 100 100 86 97 86 76 97 100 100 87 63 49 32 13 1 18 28 -9999 -9999 -9999 -9999 -9999 -9999 -9999 -9999 -9999 -9999 -9999 -9999 -9999 -9999 -9999 -9999 -9999 -9999 -9999 -9999 -9999 -9999 -9999 -9999 -9999 -9999 -9999 -9999 -9999 -9999 -9999 -9999 -9999 -9999 -9999 -9999 -9999 -9999 -9999 -9999
42 56 53 57 46 48 69 88 100 100 100 58 79 91 46 100 100 100 100 100 68 49 100 100 100 89 96 100 100 100 100 100 100 100 99 100 100 100 100 99 82 84 68 87 75 59 65 77 84 67 42 63 85 40 94 61 70 96 59 93 100 100 100 100 100 100 100 100 100 88 68 59 64 74 94 100 100 100 100 100 100 100
100 100 100 100 100 100 100 100 100 100 100 85 100 90 79 100 100 100 96 51 96 76 100 100 76 57 85 100 100 100 100 100 100 100 92 79 85 94 97 91 89 70 44 99 95 96 100 100 100 100 98 61 30 24 21 50 81 53 42 90 100 100 100 100 100 100 100 100 100 100 100 100 100 95 70 60 67 71 88 100 100 100
100 100 100 100 100 100 100 100 100 100 100 100 100 81 83 100 100 100 65 23 56 73 100 93 80 98 98 100 100 100 100 100 100 100 90 8 33 81 83 63 70 78 94 100 100 91 91 100 100 100 100 100 100 99 89 68 59 42 20 2 45 68 60 71 100 100 100 100 100 100 100 100 100 97 95 95 85 53 46 51 69 77
100 100 100 100 100 100 100 100 100 100 100 100 100 100 89 100 100 100 78 59 74 72 88 86 87 91 100 100 100 100 100 100 94 79 29 26 100 100 100 100 100 100 100 100 100 100 100 100 100 100 100 97 80 99 100 100 100 100 100 89 52 30 26 39 67 50 33 28 38 43 42 56 37 4 1 9 19 20 24 26 49 96
100 100 100 100 100 100 100 100 100 100 100 100 100 100 100 100 100 100 83 62 56 51 61 62 61 61 66 90 100 100 100 100 98 89 55 23 100 100 100 100 100 100 100 100 100 100 100 100 100 100 100 100 98 97 98 100 100 100 100 100 100 100 53 82 57 56 50 41 23 33 40 47 39 45 33 24 27 23 31 30 27 40
100 100 100 100 100 100 100 100 100 100 100 100 100 100 100 100 100 100 100 100 78 60 47 35 59 87 100 100 100 100 100 100 100 94 42 31 100 100 100 100 100 100 100 100 100 100 100 100 100 100 91 63 84 85 100 100 100 100 100 100 100 100 33 100 100 100 100 76 50 49 47 23 13 37 46 69 74 64 62 62 56 54
100 100 100 100 100 100 100 100 100 100 100 100 100 100 100 100 100 99 91 61 44 52 69 86 84 94 100 100 100 100 100 100 100 97 73 100 100 100 100 100 100 100 100 100 100 100 100 100 100 100 100 100 100 93 74 73 78 91 100 100 98 77 18 99 90 51 71 100 100 100 93 99 94 84 75 56 35 47 69 68 88 100
99 100 100 100 100 100 100 94 75 70 60 51 23 22 63 80 71 57 42 18 9 0 8 23 32 45 81 100 100 100 100 100 92 70 100 100 100 99 72 70 77 73 99 100 100 100 100 100 100 100 100 100 100 100 100 100 100 100 100 100 100 99 24 71 48 88 51 79 100 100 92 78 100 100 100 100 100 100 98 69 64 73
10 25 34 45 72 94 97 76 72 74 85 99 98 97 93 100 100 94 80 69 40 19 17 17 11 10 28 89 100 100 82 77 50 91 100 95 79 67 79 99 100 100 100 100 100 100 100 100 100 100 100 100 100 100 100 100 100 100 100 100 100 100 94 75 99 100 97 69 43 100 100 64 100 100 100 80 60 33 41 55 95 100
14 36 64 85 71 52 46 40 18 30 77 78 78 84 93 100 100 100 100 99 76 88 84 85 82 85 83 95 88 77 29 58 91 84 57 79 100 100 100 100 100 100 100 100 100 100 100 100 100 100 100 100 100 100 100 100 100 100 100 100 100 100 100 100 100 100 100 100 29 81 99 40 87 100 95 80 89 100 94 78 79 82
26 14 4 0 21 51 81 81 74 78 84 97 99 79 79 91 100 100 100 100 100 100 100 84 78 65 28 8 12 18 65 98 86 56 84 100 100 100 100 100 100 100 100 100 100 100 100 100 100 100 100 100 100 100 100 100 100 100 100 100 100 100 100 100 100 100 100 100 99 44 43 50 37 39 34 50 30 66 98 51 24 80
0 0 0 1 27 33 10 0 1 0 0 0 1 0 11 51 100 100 100 100 100 100 98 62 81 30 11 62 67 23 32 54 84 100 100 100 100 100 100 100 100 100 100 100 100 100 100 100 100 100 100 100 100 100 100 100 100 100 100 100 100 100 100 100 100 100 100 100 100 86 87 100 99 92 100 100 94 34 30 53 89 41
8 46 37 8 7 7 16 12 29 2 0 0 0 0 0 0 28 80 98 100 100 98 86 74 11 0 0 0 0 0 0 0 9 16 47 78 98 100 100 100 100 100 100 100 100 100 100 100 100 100 100 100 100 100 100 100 100 100 100 100 100 100 100 100 100 100 100 100 100 100 100 100 100 100 100 100 100 100 100 100 100 100
