Appendix_Data/App5-Higher-Order-Taxon-Info/SA_ASCII/ph2.asc
NCOLS 472
NROWS 227
XLLCORNER 17.83333
YLLCORNER -34.83333
CELLSIZE 0.01666667
NODATA_VALUE -9999
[rows 108 to 143 of 227, columns 0 to 81 of 472]
-9999 -9999 5 19 73 93 95 100 100 100 100 100 100 83 2 29 95 100 100 100 100 73 15 0 0 0 0 0 0 28 95 100 69 33 29 46 32 37 91 52 16 94 68 21 9 72 98 85 44 15 1 13 4 18 96 100 79 85 66 12 100 100 100 98 16 42 92 100 100 100 100 49 12 0 0 11 6 18 0 32 0 15
-9999 54 0 3 73 99 100 100 100 100 100 100 100 51 0 37 87 98 100 100 100 78 36 22 0 0 0 0 0 3 8 84 60 66 51 52 77 30 38 40 5 25 42 75 36 19 59 98 98 51 27 0 22 5 88 100 100 93 93 82 100 100 100 100 100 100 100 100 100 100 100 38 12 0 0 5 8 12 0 28 51 1
-9999 22 0 1 95 100 100 100 100 100 100 100 61 1 0 63 49 90 63 100 48 0 35 90 52 24 0 0 0 0 0 17 58 83 19 21 52 48 92 24 42 35 75 85 59 81 7 18 96 87 66 28 22 0 79 100 100 82 98 100 100 100 100 100 100 100 100 100 100 100 100 32 12 0 0 3 13 0 0 18 65 3
-9999 49 1 1 63 100 84 100 100 100 97 30 0 0 0 65 39 52 40 99 6 0 20 87 20 16 31 21 15 9 0 0 0 17 30 3 35 19 53 65 67 55 50 78 100 100 77 73 100 91 48 50 31 1 75 100 100 87 99 100 96 94 100 100 100 100 100 100 100 100 100 16 12 0 0 0 10 0 0 0 30 19
-9999 -9999 15 2 53 89 28 40 62 58 48 43 0 0 0 79 97 50 90 74 0 0 0 0 0 0 0 4 63 23 38 12 71 30 8 15 20 30 85 52 11 13 47 100 100 100 100 100 100 100 100 90 78 37 62 100 100 99 100 97 100 91 100 100 100 100 100 100 100 100 96 10 10 0 0 0 12 0 0 0 2 0
-9999 -9999 64 10 51 100 100 28 0 10 2 0 0 0 9 88 42 31 87 9 0 0 0 0 0 0 0 0 0 3 17 36 31 33 31 47 47 61 68 78 69 97 100 100 100 100 100 92 86 91 100 100 100 72 100 100 100 88 100 100 100 100 100 100 100 100 100 100 100 100 100 14 12 0 0 0 11 0 1 0 0 0
-9999 -9999 74 0 41 100 100 99 13 0 1 2 0 0 0 5 0 45 14 0 0 0 0 0 0 0 0 0 0 0 5 41 33 40 16 1 23 55 28 88 100 100 100 100 100 100 100 89 99 95 92 100 100 100 100 100 100 100 100 97 100 100 100 100 100 100 100 100 100 100 100 19 11 0 0 0 12 0 8 0 8 8
-9999 100 39 0 29 97 58 30 0 0 0 3 0 0 0 0 0 4 0 0 0 0 0 0 0 0 0 0 0 0 0 0 34 48 37 33 89 76 30 99 100 100 100 100 98 100 100 100 100 100 100 100 100 100 100 100 100 100 100 99 99 100 100 100 100 100 100 100 100 100 100 24 12 0 0 0 4 9 11 0 20 21
-9999 100 26 0 20 49 50 17 0 0 0 0 0 0 6 13 24 0 0 0 0 0 0 0 0 0 0 0 0 0 0 15 9 50 100 59 6 12 14 86 100 100 100 100 96 100 100 100 100 100 100 100 100 100 100 100 100 100 100 100 96 100 100 100 100 100 100 100 100 100 98 27 9 0 0 0 0 14 12 0 17 0
-9999 -9999 -9999 0 55 57 45 100 -9999 -9999 0 0 1 3 5 2 12 46 19 0 0 0 0 0 0 0 0 0 0 0 0 30 10 20 67 20 50 80 82 66 100 100 100 100 100 100 100 100 100 100 100 100 100 100 100 100 100 100 94 100 100 100 100 100 100 100 100 100 91 47 78 35 11 0 0 0 0 14 18 0 14 0
-9999 -9999 100 81 99 77 23 35 -9999 -9999 -9999 2 2 15 3 0 8 25 15 0 0 0 0 0 0 0 0 0 0 0 1 10 0 0 0 37 72 65 100 83 97 100 100 100 100 100 100 100 100 100 100 100 100 100 100 100 100 100 96 88 100 100 100 100 100 100 100 91 71 70 58 40 8 14 0 0 0 14 23 0 12 0
-9999 -9999 -9999 100 100 95 -9999 -9999 -9999 -9999 -9999 54 54 58 98 66 25 1 5 25 0 0 0 0 0 0 0 0 0 0 28 42 0 0 0 1 97 100 100 100 97 93 100 100 100 100 100 100 100 100 100 100 95 98 100 100 100 100 100 100 100 100 100 100 100 100 100 91 96 59 27 31 11 18 0 0 24 10 22 2 11 0
-9999 -9999 -9999 -9999 -9999 -9999 -9999 100 56 82 -9999 40 93 100 87 100 51 0 7 3 0 0 0 0 0 0 0 0 0 0 44 20 0 0 1 58 95 78 83 65 97 98 100 100 100 100 100 100 100 100 100 100 100 100 100 100 100 94 100 85 87 95 100 100 100 100 100 100 80 89 79 51 14 25 0 0 4 15 16 7 11 0
-9999 -9999 -9999 -9999 -9999 -9999 -9999 100 15 36 -9999 15 97 86 41 67 10 0 0 0 0 0 0 0 0 0 0 0 0 0 10 0 0 16 47 84 100 100 81 72 92 100 100 100 100 100 100 100 100 100 100 100 100 100 100 100 100 96 100 82 100 100 100 100 100 100 100 100 100 91 49 29 17 26 0 1 21 8 12 11 11 4
-9999 -9999 -9999 -9999 -9999 -9999 100 43 32 86 100 63 94 75 44 6 0 0 0 0 0 0 0 0 0 0 0 0 0 0 4 8 0 20 89 89 86 80 93 100 100 100 100 100 100 100 100 100 100 100 100 100 100 100 100 100 100 100 100 92 94 100 100 100 100 100 100 100 100 56 2 60 18 24 0 9 7 0 3 0 0 14
-9999 -9999 -9999 -9999 -9999 -9999 100 33 20 27 62 73 5 14 14 25 12 22 2 0 0 0 0 0 0 0 0 0 0 0 0 0 0 5 38 56 80 88 87 98 99 100 100 100 100 100 100 100 100 100 100 100 100 100 100 100 100 100 100 97 69 100 76 100 100 100 100 100 98 10 1 45 31 12 17 23 3 0 3 0 0 15
-9999 -9999 -9999 -9999 -9999 -9999 -9999 61 50 18 65 98 0 0 0 0 13 12 0 0 0 0 0 0 0 0 0 0 0 0 0 0 0 29 87 72 85 98 82 89 97 100 100 100 100 100 100 100 100 100 100 100 100 100 100 100 100 100 100 100 93 85 49 67 100 100 100 100 69 64 70 44 16 0 21 13 0 0 12 25 0 13
-9999 -9999 -9999 -9999 -9999 -9999 -9999 -9999 100 65 1 0 0 0 0 0 0 0 0 0 0 0 0 0 0 0 0 0 0 0 0 5 56 70 68 73 63 74 97 100 100 100 100 100 100 100 100 100 100 100 100 100 100 100 100 100 100 100 100 100 100 80 64 96 100 100 97 53 50 62 39 62 21 0 31 19 0 0 24 49 19 1
-9999 -9999 -9999 -9999 -9999 -9999 -9999 -9999 -9999 -9999 0 0 0 0 0 0 0 0 0 0 0 0 0 0 0 0 0 0 0 0 0 12 66 92 83 54 74 100 100 100 100 100 100 100 100 100 100 100 100 100 100 100 100 100 100 100 100 100 100 100 64 77 98 96 100 89 44 68 88 53 18 27 0 0 13 0 0 0 40 54 23 0
-9999 -9999 -9999 -9999 -9999 -9999 -9999 -9999 -9999 -9999 -9999 -9999 0 0 0 0 0 0 0 0 0 0 0 0 0 0 0 0 0 0 0 34 80 92 48 89 89 42 93 100 100 100 100 86 100 100 100 100 100 100 100 100 100 100 100 100 100 100 100 100 97 59 53 99 88 49 66 100 100 89 28 24 0 0 0 0 1 33 68 40 36 3
-9999 -9999 -9999 -9999 -9999 -9999 -9999 -9999 -9999 -9999 -9999 -9999 -9999 0 0 0 0 0 0 0 0 1 2 0 0 0 0 0 0 2 49 93 100 51 70 92 100 61 84 100 100 100 100 83 100 100 100 100 100 100 100 100 100 100 100 100 100 100 100 100 100 57 64 52 94 57 75 100 100 90 62 9 0 0 0 1 13 47 36 52 93 12
-9999 -9999 -9999 -9999 -9999 -9999 -9999 -9999 -9999 -9999 -9999 -9999 -9999 -9999 0 0 0 0 0 0 0 0 24 2 0 0 0 1 43 88 100 100 100 62 89 100 100 100 73 53 78 99 99 100 99 95 84 100 100 100 100 100 100 100 100 100 100 100 100 94 81 70 44 32 71 47 44 62 59 80 92 54 2 0 0 0 21 2 15 11 78 10
-9999 -9999 -9999 -9999 -9999 -9999 -9999 -9999 -9999 -9999 -9999 -9999 -9999 -9999 -9999 0 0 0 0 0 0 0 0 0 0 0 8 38 100 100 100 100 100 96 47 99 100 93 96 56 100 96 56 78 66 17 30 84 100 100 100 100 100 100 100 100 100 100 100 100 95 100 83 38 58 61 46 94 79 66 50 68 16 0 1 37 6 72 48 55 74 5
-9999 -9999 -9999 -9999 -9999 -9999 -9999 -9999 -9999 -9999 -9999 -9999 -9999 -9999 -9999 -9999 0 0 0 0 0 0 11 0 26 0 56 23 100 100 100 100 100 100 42 47 58 74 95 95 100 100 94 32 36 85 64 69 100 100 100 100 100 100 100 100 94 100 100 100 100 100 100 88 78 52 41 100 100 59 14 89 30 0 38 60 66 95 64 79 80 3
-9999 -9999 -9999 -9999 -9999 -9999 -9999 -9999 -9999 -9999 -9999 -9999 -9999 -9999 -9999 -9999 0 0 0 0 0 0 0 3 22 8 77 90 100 100 100 100 100 100 62 24 19 0 15 26 98 100 100 67 1 11 9 48 100 100 100 100 100 100 100 100 100 100 96 100 100 100 100 100 100 98 41 66 100 100 69 35 66 2 46 39 82 81 71 83 71 4
-9999 -9999 -9999 -9999 -9999 -9999 -9999 -9999 -9999 -9999 -9999 -9999 -9999 -9999 -9999 -9999 -9999 0 0 0 0 0 0 59 94 94 100 100 100 100 100 100 100 100 100 38 14 52 21 0 90 100 100 97 64 78 19 38 100 95 100 100 100 100 100 100 100 100 97 100 100 100 100 100 100 91 54 37 68 100 100 51 27 14 92 79 69 83 82 82 74 36
-9999 -9999 -9999 -9999 -9999 -9999 -9999 -9999 -9999 -9999 -9999 -9999 -9999 -9999 -9999 -9999 -9999 -9999 0 0 0 0 0 24 99 100 100 100 100 100 100 100 100 100 82 64 16 42 26 47 34 79 99 98 100 100 100 100 100 100 100 100 100 100 100 100 100 100 100 100 97 85 98 95 91 100 90 34 9 66 100 99 81 9 30 66 98 99 79 45 72 63
-9999 -9999 -9999 -9999 -9999 -9999 -9999 -9999 -9999 -9999 -9999 -9999 -9999 -9999 -9999 -9999 -9999 -9999 0 0 0 0 0 0 69 100 100 100 100 100 100 100 100 100 100 98 60 0 4 17 39 63 99 96 93 100 100 100 100 100 100 100 100 100 100 100 100 100 100 100 99 77 97 95 96 100 100 100 31 54 100 100 99 6 0 51 76 100 100 90 79 80
-9999 -9999 -9999 -9999 -9999 -9999 -9999 -9999 -9999 -9999 -9999 -9999 -9999 -9999 -9999 -9999 -9999 -9999 -9999 1 0 0 8 0 21 94 100 100 100 100 100 100 100 100 100 100 100 52 6 0 0 37 62 98 100 100 100 100 100 100 100 100 100 100 100 100 100 100 98 83 99 100 100 100 100 85 100 100 54 85 60 64 100 47 17 12 80 100 100 100 77 82
-9999 -9999 -9999 -9999 -9999 -9999 -9999 -9999 -9999 -9999 -9999 -9999 -9999 -9999 -9999 -9999 -9999 -9999 43 4 0 0 1 0 11 87 100 100 100 100 100 100 100 100 100 100 100 100 77 2 0 46 100 100 69 71 100 100 100 100 100 100 100 100 100 100 100 100 99 26 37 97 81 85 100 100 100 87 45 86 85 91 100 54 10 21 65 98 95 83 71 77
-9999 -9999 -9999 -9999 -9999 -9999 -9999 -9999 -9999 -9999 -9999 -9999 -9999 -9999 -9999 -9999 -9999 -9999 90 6 0 0 0 0 0 43 97 100 100 100 100 100 100 100 100 100 100 59 91 16 0 40 80 75 93 70 100 100 100 100 100 100 100 100 100 100 100 100 100 97 37 39 92 100 100 71 71 96 91 52 100 100 100 74 8 0 28 84 89 71 60 68
-9999 -9999 -9999 -9999 -9999 -9999 -9999 -9999 -9999 -9999 -9999 -9999 -9999 -9999 -9999 -9999 -9999 -9999 -9999 -9999 0 0 0 0 0 0 19 73 100 100 100 100 100 100 100 100 100 63 34 65 3 0 0 46 66 100 100 100 100 100 100 100 100 100 100 100 100 100 100 100 99 40 67 100 83 0 0 4 44 70 100 100 100 45 10 0 10 70 100 100 100 87
-9999 -9999 -9999 -9999 -9999 -9999 -9999 -9999 -9999 -9999 -9999 -9999 -9999 -9999 -9999 -9999 -9999 -9999 -9999 -9999 -9999 -9999 0 0 0 0 0 9 39 99 100 100 100 100 100 100 100 94 100 100 34 0 0 65 100 100 100 100 100 100 100 100 100 100 100 100 100 100 100 100 100 100 80 99 86 9 0 0 51 66 86 100 100 26 11 0 7 36 100 100 100 84
-9999 -9999 -9999 -9999 -9999 -9999 -9999 -9999 -9999 -9999 -9999 -9999 -9999 -9999 -9999 -9999 -9999 -9999 -9999 -9999 -9999 -9999 -9999 0 0 0 4 74 51 88 100 100 100 100 100 100 100 100 100 100 84 0 0 5 32 95 100 100 100 100 100 100 100 100 100 100 100 100 100 100 100 100 94 97 100 99 52 50 77 100 21 77 100 28 11 0 0 14 85 99 90 16
-9999 -9999 -9999 -9999 -9999 -9999 -9999 -9999 -9999 -9999 -9999 -9999 -9999 -9999 -9999 -9999 -9999 -9999 -9999 -9999 -9999 -9999 -9999 -9999 0 0 0 1 0 26 82 100 100 100 100 100 100 100 100 88 63 0 0 0 0 6 65 96 98 100 100 100 100 100 100 100 100 100 100 100 100 100 100 100 100 100 87 38 75 100 80 85 100 34 11 0 0 2 58 17 2 0
-9999 -9999 -9999 -9999 -9999 -9999 -9999 -9999 -9999 -9999 -9999 -9999 -9999 -9999 -9999 -9999 -9999 -9999 -9999 -9999 -9999 -9999 -9999 -9999 -9999 0 0 0 0 0 3 61 74 99 100 100 100 100 100 93 53 13 0 0 0 11 18 100 100 100 100 100 100 100 100 100 100 100 100 100 100 100 100 100 100 100 68 92 94 100 100 100 100 92 17 0 0 0 23 23 0 0
