Appendix_Data/App5-Higher-Order-Taxon-Info/SA_ASCII/smdsum.asc
NCOLS 472
NROWS 227
XLLCORNER 17.83333
YLLCORNER -34.83333
CELLSIZE 0.01666667
NODATA_VALUE -9999
[rows 136 to 169 of 227, columns 77 to 153 of 472]
9.176001 9.057 9.391 9.634 11.231 12.771 13.435 19.447 13.76 12.259 10.103 9.043 8.346 8.498 8.682 8.157001 8.030001 7.816 7.425 7.483 7.633 7.692 7.275 7.127 7.566 8.961 9.908 11.414 10.406 10.167 10.826 11.124 13.176 14.543 15.083 13.209 14.647 13.433 12.989 12.693 12.605 12.812 12.812 12.842 12.872 13.201 12.96 12.813 13.406 13.819 13.258 13.583 13.879 13.411 13.109 13.696 13.88 13.852 13.911 14.006 13.353 13.383 13.8 14.22 14.429 14.367 14.217 14.067 13.86 13.494 13.286 13.32 13.218 14.083 13.87 14.559 14.347
9.113 9.625999 9.296 9.48 11.019 12.647 14.434 20.463 13.293 12.513 10.006 9.309999 8.222 8.16 7.948 7.853 7.786 8.202 7.903 7.752 7.841 7.903 7.872 7.898 8.343 8.485 9.17 9.343 10.716 13.123 13.692 12.46 16.761 16.933 11.983 10.647 14.895 13.466 13.14 13.052 12.964 13.052 13.052 12.994 13.259 13.584 13.196 13.169 12.838 13.189 13.047 13.616 13.496 13.372 13.436 13.888 13.735 14.157 13.857 13.709 13.174 13.411 14.666 14.807 14.682 15.1 14.472 14.712 14.384 14.36 14.095 14.21 13.918 14.388 14.657 14.794 14.135
9.439 9.231 9.175 9.207 10.414 12.493 12.676 20.21 13.918 13.107 10.062 8.944 8.881 8.698 8.306 8.148 8.136 8.228 8.408 8.349 8.199 8.110001 8.110001 8.077 8.224 8.877 9.858 8.602 11.966 14.792 15.714 12.766 19.468 17.83 11.072 14.981 15.338 13.913 13.469 13.469 13.025 12.906 12.906 13.143 13.231 13.617 13.172 13.053 12.785 12.814 12.993 13.467 14.001 13.408 13.972 14.3 14.121 14.449 14.213 13.945 13.53 13.797 15.104 15.162 14.597 14.774 14.416 14.267 14.918 14.827 14.559 14.767 14.618 14.912 15.296 14.703 14.022
10.334 9.587 9.383 9.386 10.382 11.948 12.101 15.685 17.402 12.767 10.628 9.512 9.299 9.266 9.773 8.956 8.439 8.527 8.882 9.184999 9.066 9.157 9.485 8.648 8.973 10.075 10.935 9.502 13.523 12.061 17.603 18.916 23.325 18.978 17.699 14.989 11.379 14.6 13.946 14.303 14.246 13.354 13.354 13.503 13.53 13.471 13.559 13.025 12.787 13.142 13.024 13.409 13.29 13.202 13.201 12.994 14.094 13.231 13.441 13.766 14.599 14.538 14.924 15.101 15.664 15.129 14.239 14.03 14.325 14.413 15.301 14.678 13.699 13.936 14.705 13.845 14.645
12.306 10.305 9.589 9.595 9.688 10.682 11.526 13.752 15.379 11.075 12.309 11.433 10.56 10.015 9.38 8.656 8.591 8.556 9.082 8.941999 9.156 10.115 9.637 9.038 7.959 8.645 8.613 11.626 14.159 19.408 20.12 11.44 15.232 16.518 9.982 9.506 7.446 7.985 13.623 13.922 13.536 13.239 13.239 13.238 13.088 13.057 12.907 12.937 13.025 12.966 13.084 12.847 13.321 13.174 13.144 13.232 13.292 13.262 13.143 13.231 14.034 14.389 14.419 14.745 15.338 14.743 15.336 14.12 14.06 13.999 13.731 13.108 13.434 13.434 13.817 13.756 13.312
13.436 10.75 10.395 9.925 9.24 10.139 11.827 11.732 12.034 11.552 11.191 11.52 14.041 12.355 10.43 9.317 9.132 9.456 9.572 9.186 9.908 10.239 10.447 12.036 14.667 8.799 7.659 10.946 13.003 16.672 17.089 10.492 11.958 9.39 8.256001 7.957 7.868 8.259 7.451 7.992 13.031 13.094 13.094 13.123 12.851 12.938 12.998 13.028 13.265 12.936 12.966 12.847 13.439 13.293 13.262 13.469 13.469 13.411 13.143 13.232 13.381 13.411 14.004 14.359 15.012 14.685 14.268 13.883 13.911 13.999 14.798 15.154 15.182 15.002 15.237 14.881 15.353
14.356 12.389 10.693 10.952 8.966 10.012 10.524 11.998 11.938 12.089 13.261 12.658 11.546 12.325 13.79 11.295 10.721 11.318 12.034 11.078 11.589 11.95 13.541 15.729 13.598 12.937 7.632 10.294 14.265 11.332 13.512 10.347 9.305 6.852 6.854 7.063 7.661 7.42 7.842 8.924 7.908 12.894 12.894 13.005 13.122 13.148 13.177 13.326 13.353 13.352 13.324 13.531 14.184 13.916 13.56 13.442 13.5 13.648 13.945 13.827 14.122 13.617 13.292 13.499 14.478 15.04 15.04 14.238 13.703 15.156 15.065 15.184 15.3 14.439 14.883 15.148 15.353
15.031 13.817 12.003 10.516 10.647 10.298 10.908 13.853 21.122 15.901 13.467 19.714 12.595 12.144 11.21 13.428 12.796 13.962 14.048 14.231 15.044 16.728 18.263 11.511 10.97 7.128 10.153 10.629 11.312 10.735 8.641 8.376 7.485 6.555 7.064 7.186 7.484 8.712 8.235 9.045 8.118 13.395 13.395 13.302 13.361 13.595 13.804 13.712 13.651 13.413 13.382 13.412 13.709 13.709 13.618 13.648 13.5 13.648 14.125 14.538 14.626 14.538 14.45 13.973 13.499 13.587 13.32 13.29 13.615 13.348 13.554 14.353 14.767 14.707 14.588 14.616 15.027
16.93 18.766 13.163 10.897 10.244 10.811 11.865 15.591 21.836 19.139 20.251 22.773 19.588 16.134 11.811 16.58 16.846 18.404 18.017 14.538 19.314 15.057 12.9 8.847 7.285 8.424 12.173 9.556 9.34 7.776 6.906 6.792 8.152 7.096 7.335 7.605 8.443 7.933 9.734 9.255 8.327 13.663 13.663 13.748 13.509 13.984 13.505 13.593 13.593 14.069 13.978 14.008 14.126 13.828 13.679 13.648 13.648 13.857 14.064 14.51 14.389 13.766 13.499 13.587 13.468 14.003 14.359 14.061 14.593 14.207 13.733 13.168 14.411 14.679 15.445 15.445 14.762
18.053 16.041 13.127 12.06 10.18 10.481 11.294 14.747 15.29 15.924 15.566 24.272 14.964 11.902 12.741 14.152 21.472 20.121 12.142 16.106 10.586 13.415 11.167 8.675 7.683 10.298 8.427 7.222 6.861 6.25 6.71 6.485 5.951 7.362 7.603 7.993 8.294 8.625999 9.764 9.286 8.536 8.806 8.806 8.983 13.867 13.894 14.131 14.191 13.89 13.741 13.622 13.621 14.305 14.214 13.828 13.946 13.888 14.183 14.271 13.976 13.766 14.033 13.975 14.301 13.736 14.477 14.981 15.1 14.89 14.771 14.237 13.228 13.405 14.262 14.648 14.734 14.318
24.781 19.382 14.92 13.584 11.676 11.411 12.223 13.757 13.28 13.464 15.084 25.803 19.379 16.375 17.336 18.505 16.702 11.632 9.413 8.574 9.146 8.73 8.223001 9.319 6.757 7.507 6.597 7.073 7.458 7.777 8.007999 8.401 7.748 8.859 9.368999 10.54 10.092 9.343 10.273 10.064 9.164001 8.953 8.953 8.710999 9.068 13.984 14.133 14.251 14.041 13.832 13.682 13.591 13.949 13.977 13.976 14.064 14.362 14.45 14.301 14.717 13.796 14.479 14.717 13.884 14.152 14.507 14.835 15.011 14.862 14.565 13.912 13.407 13.672 13.435 13.879 14.469 14.646
24.136 24.904 15.278 13.015 11.676 11.322 11.445 11.718 12.293 16.226 21.51 25.264 23.762 25.803 15.806 17.755 19.226 24.091 18.75 14.071 11.101 9.182 7.384 5.334 5.313 6 6.93 8.066 10.82 9.431 13.34 13.521 13.946 14.849 15.302 15.036 13.749 14.17 12.072 10.363 9.495 8.263 8.263 8.409 7.81 7.212 13.12 14.072 13.862 13.743 14.129 13.831 13.533 13.323 13.235 13.739 13.888 13.888 13.59 13.56 13.025 12.906 12.964 13.262 13.322 13.796 13.914 13.766 13.528 13.914 12.845 12.429 12.517 12.635 13.435 12.487 12.159
23.734 20.886 17.733 12.988 12.065 11.321 10.248 10.97 11.993 15.656 18.48 24.126 13.556 14.727 13.915 16.825 27.514 24.15 14.727 15.543 11.432 8.67 9.218 7.447 6.848 7.778 8.313 14.226 11.691 21.689 21.376 20.416 16.108 14.494 13.836 15.908 15.551 14.113 13.813 11.025 9.675 7.814 7.814 8.468 8.464 9.392 9.092 13.685 14.25 14.071 14.485 13.682 14.603 13.77 13.383 13.472 13.858 13.918 13.441 13.383 12.669 12.817 12.845 13.231 13.322 13.203 13.261 13.261 13.142 13.023 12.519 12.341 12.341 12.28 12.487 12.782 13.049
18.706 17.791 13.732 14.849 13.959 11.055 9.830999 11.034 11.964 14.519 14.399 21.304 12.896 10.194 15.957 18.296 24.779 14.905 11.963 12.986 17.346 10.35 9.032 6.415 7.472 9.127 13.961 14.28 22.848 17.08 14.047 11.168 11.739 10.871 11.803 10.215 13.276 11.357 13.068 9.678 9.916 9.521 9.521 8.261 9.365 9.664 8.646 8.704 14.101 14.101 14.575 15.348 14.037 14.217 14.186 13.621 13.888 13.59 13.323 13.173 13.055 13.085 13.975 14.54 13.647 13.559 12.993 12.787 12.787 12.757 12.489 12.252 12.103 12.429 12.873 13.316 13.641
16.18 16.401 19.88 20.396 15.373 12.381 9.773 10.317 10.619 13.233 11.368 11.188 10.915 12.026 18.691 13.643 12.652 10.01 9.92 10.07 12.146 10.527 7.733 7.013 9.391 10.802 13.264 13.884 17.803 14.017 15.244 9.672 7.665 7.636 6.258 7.938 8.868 9.651 11.001 11.841 10.668 10.153 10.153 8.953 9.818 10.563 9.425 9.603 10.499 15.29 15.825 15.205 15.625 14.514 14.393 14.274 13.976 13.56 13.678 14.074 15.168 15.318 16.212 16.758 15.078 13.886 13.473 13.984 13.627 13.505 13.477 13.059 12.881 12.7 12.807 12.985 12.891
18.202 20.632 23.128 17.653 15.384 11.937 10.561 10.201 10.081 10.622 10.137 10.019 10.975 10.523 11.334 10.851 9.74 8.78 8.898 9.228 9.138 8.237 8.12 7.1 8.119 8.690001 8.059 11.896 11.624 10.903 13.9 13.724 10.245 8.085 7.427 8.329 8.479 7.672 8.932 10.314 9.621 11.265 11.265 10.754 9.941 11.015 9.905 10.772 11.786 12.533 13.162 13.308 14.589 13.129 17.66 15.678 15.234 14.307 14.248 15.258 17.109 17.946 13.339 12.425 10.023 14.36 14.367 14.48 14.604 14.545 14.517 13.471 12.783 12.905 12.607 12.842 12.245
21.84 23.553 29.018 17.575 15.335 12.188 12.284 11.17 9.842 9.93 8.969 8.907 9.568 9.444 9.413 9.292 8.689 7.966 7.997 7.966 8.084 8.236 8.056 6.795 7.305 8.085 8.234 9.014 9.193 10.21 12.844 15.454 13.181 7.067 8.717 9.528 7.64 8.241 8.302999 8.938 10.138 11.841 11.841 12.555 12.222 11.677 11.105 12.389 13.461 16.603 18.241 17.548 17.804 17.354 16.599 12.872 15.789 15.95 16.128 16.448 17.954 13.792 12.546 10.832 16.01 15.683 16.275 16.58 17.086 16.608 15.2 13.893 12.7 13.053 12.786 12.696 12.25
23.834 27.438 21.503 16.201 14.318 12.289 14.198 11.963 9.937 10.174 8.366 8.365 8.606 8.483 8.33 8.088 7.697 7.635 7.604 7.365 7.512 7.392 7.034 6.494 7.033 7.901 8.232 8.562 8.052999 8.923 10.899 12.697 14.109 6.107 9.408 9.92 7.251 8.845 8.849 8.7 9.782001 11.607 11.607 13.219 14.02 13.024 12.032 13.285 14.446 19.704 21.102 19.84 18.34 18.542 16.33 13.731 11.79 12.591 16.886 16.855 14.524 11.696 11.336 15.904 12.857 16.738 17.153 17.659 18.255 17.427 15.348 14.044 12.939 12.995 12.786 13.021 12.696
29.553 27.304 33.741 17.047 14.172 12.316 13.05 11.929 10.6 9.754 7.949 7.796 8.095 8.272 8.091 7.788 7.696 7.426 7.184 7.123 7.212 7.062 7.092 6.849 6.699 6.912 7.033 6.823 7.694 8.321 8.111 7.843 7.395 9.224 12.166 14.931 15.36 11.763 9.695 7.922 9.250999 10.199 10.199 10.732 11.774 13.445 14.578 12.898 11.967 10.887 10.975 11.149 7.029 14.456 15.882 12.419 12.119 12.353 16.966 18.9 19.287 15.356 13.422 11.547 12.202 11.012 15.994 16.352 17.719 16.919 14.395 13.949 13.413 13.529 13.291 13.051 13.109
29.869 30.743 22.452 15.698 14.653 13.275 14.301 16.982 12.104 9.995 8.04 7.226 6.954 6.951 6.89 7.128 7.277 7.126 6.703 6.637 6.791 6.822 6.82 6.549 6.422 6.85 6.822 6.854 7.064 7.213 7.093 7.514 8.472 9.975 12.343 15.588 19.234 20.457 16.719 10.285 8.691999 9.907001 9.907001 11.513 12.192 12.426 10.506 15.834 15.325 12.941 16.244 15.976 12.671 15.376 17.07 14.69 15.789 17.45 18.718 20.384 20.917 17.558 15.417 12.319 11.934 11.428 14.895 15.936 15.55 14.541 14.067 14.482 13.827 13.825 13.467 13.437 13.523
20.112 25.04 23.719 21.05 19.943 13.933 12.582 11.619 11.92 9.993999 8.191 7.649 7.286 7.161 7.009 6.828 6.526 6.437 6.375 6.642 6.732 6.76 6.521 6.222 6.191 6.345 6.166 6.164 6.047 6.135 6.403 6.974 8.023001 9.702 10.691 11.564 10.852 11.643 14.855 18.312 9.005 9.066999 9.066999 12.168 13.506 15.987 14.877 15.595 14.49 13.267 14.517 15.32 13.057 14.008 15.493 14.213 15.49 17.655 15.991 16.526 13.537 16.484 16.397 14.375 16.707 15.103 15.282 15.907 14.719 14.123 15.55 14.421 14.005 14.448 13.883 13.881 13.495
28.476 29.167 31.394 28.779 23.367 18.681 21.781 14.324 10.957 9.933001 8.282 8.266 8.008 8.062 7.94 7.666 7.754 7.424 6.855 6.554 6.612 6.79 6.612 6.585 6.492 6.432 6.254 6.104 5.897 6.257 6.493 7.004 7.692 8.591 9.639 10.597 10.848 12.69 11.772 15.925 22.275 12.223 12.223 13.008 16.786 15.179 14.226 14.462 15.324 14.637 13.356 15.321 15.616 14.723 14.305 15.224 14.065 14.951 14.269 16.464 17.534 16.943 16.409 15.34 15.727 16.292 15.994 16.529 16.173 16.589 16.053 15.519 14.361 14.419 13.823 13.793 13.763
29.837 37.177 26.491 20.028 14.739 13.868 13.538 13.747 11.254 9.781 9.24 9.032 8.966001 8.872 8.628 8.445 8.234 7.873 7.723 7.188 6.643 7.474 6.761 6.671 7.001 6.942 6.702 6.553 6.465 6.584 6.703 7.275 7.454 7.663 7.99 8.91 9.942 11.303 11.976 10.901 16.57 19.342 19.342 18.091 12.444 16.909 15.03 12.346 13.36 12.524 12.136 13.683 12.522 12.492 15.671 15.43 13.2 13.408 14.237 15.009 17.415 18.307 18.725 18.903 18.785 16.172 15.46 15.816 16.053 18.192 17.687 15.815 14.833 14.657 13.645 14.475 14.001
20.635 20.453 20.21 17.534 15.398 25.707 14.256 11.882 10.739 10.198 9.988 9.326 9.683001 9.319 9.555 9.582 9.191 8.051 7.871 7.9 7.208 7.356 7.296 6.85 7 7.12 7.06 7.001 6.823 6.733 6.853 7.004 6.975 7.244 7.334 8.321 8.656 9.529 10.946 13.835 11.855 22.895 22.895 27.933 31.592 29.111 18.989 21.581 17.501 15.923 19.838 9.814 10.974 13.563 13.325 13.323 13.616 13.229 14.946 14.562 16.851 18.843 19.289 19.619 18.192 17.688 16.32 15.222 14.598 15.489 17.091 17.923 16.288 14.387 13.706 14.564 14.208
20.635 20.453 20.21 17.534 15.398 25.707 14.256 11.882 10.739 10.198 9.988 9.326 9.683001 9.319 9.555 9.582 9.191 8.051 7.871 7.9 7.208 7.356 7.296 6.85 7 7.12 7.06 7.001 6.823 6.733 6.853 7.004 6.975 7.244 7.334 8.321 8.656 9.529 10.946 13.835 11.855 22.895 22.895 27.933 31.592 29.111 18.989 21.581 17.501 15.923 19.838 9.814 10.974 13.563 13.325 13.323 13.616 13.229 14.946 14.562 16.851 18.843 19.289 19.619 18.192 17.688 16.32 15.222 14.598 15.489 17.091 17.923 16.288 14.387 13.706 14.564 14.208
18.713 22.53 34.347 36.204 35.475 26.839 17.793 14.487 17.459 13.282 15.02 12.137 9.827 11.171 16.767 10.384 9.394 7.747 7.805 7.625 7.415 7.385 7.323 6.997 6.907 6.939 7.179 7.09 7.032 7.303 7.605 7.666 7.667 7.936 7.696 7.188 6.979 8.177999 8.927999 9.409 11.15 15.706 15.706 17.174 9.228 19.383 18.912 18.573 12.218 13.832 16.707 18.65 22.239 25.871 26.981 22.694 13.073 11.631 13.792 14.834 16.382 16.651 16.83 16.738 15.787 15.727 16.351 15.162 14.717 15.696 15.282 16.261 16.199 15.754 14.389 14.151 14.178
18.835 19.882 29.59 36.499 34.533 28.545 22.381 20.907 21.112 18.199 20.172 13.273 9.882999 12.037 10.505 10.143 9.211 7.924 7.445 7.234 7.173 7.112 7.172 6.398 6.608 6.699 6.909 7.388 6.582 6.975 7.304 7.185 7.337 7.67 8.118 9.017 8.027 7.368 7.757 9.795 11.323 18.848 18.848 17.018 13.004 17.832 15.399 13.747 13.234 16.351 18.778 16.711 16.323 17.539 18.004 15.272 23.194 17.606 14.888 9.559999 15.528 14.932 15.524 15.344 15.43 15.37 13.855 14.183 14.451 13.826 14.982 15.161 14.865 15.013 15.754 15.93 16.167
23.439 20.724 22.822 28.766 32.903 30.189 27.358 26.871 23.265 25.869 26.911 13.688 10.749 11.344 11.55 9.929999 9 7.505 7.621 7.38 7.2 6.931 7.199 6.695 6.846 7.057 7.356 6.97 6.942 7.244 7.335 7.517 6.589 7.162 8.061 8.689 8.927 9.675 8.534 9.193 10.899 12.308 12.308 11.917 17.472 15.386 16.16 15.056 15.831 16.516 15.006 16.61 18.272 18.629 17.205 14.323 15.358 15.174 11.414 9.151 14.647 15.115 14.306 14.542 14.599 14.627 15.191 14.716 14.627 14.687 14.954 15.458 15.815 17.062 17.803 17.418 17.326
34.487 29.746 23.181 19.268 23.074 31.862 31.279 32.703 27.123 18.306 13.508 11.409 10.597 14.424 11.695 9.419 8.250999 7.621 7.352 6.842 6.839 7.047 7.285 7.229 7.232 7.473 7.625 7.896 7.42 8.02 8.202 8.207 8.212999 6.328 8.965 10.219 10.935 10.453 10.061 8.499001 10.983 15.443 15.443 16.158 16.038 15.084 15.773 15.773 16.04 16.04 15.832 15.832 16.878 16.843 13.588 17.283 17.783 14.851 14.663 16.45 14.52 15.201 15.495 14.511 15.43 15.042 15.16 15.131 15.458 15.874 16.292 16.678 16.173 17.836 17.627 19.408 19.466
21.701 28.93 31.925 24.549 20.639 17.601 21.938 16.111 14.885 13.24 14.137 15.216 18.942 13.286 11.394 9.358 8.101 7.352 7.26 7.196 6.894 6.5 7.251 7.346 7.648 7.443 7.833 8.255 8.526 8.409 8.652 9.255 8.629 7.642 8.602 9.707001 9.674 9.643 9.249001 8.797 9.539 14.22 14.22 13.804 14.215 14.47 15.564 15.445 15.022 15.231 15.172 15.383 15.8 16.189 15.649 15.551 15.517 12.099 16.681 16.835 19.22 18.311 16.746 15.046 15.132 13.998 13.606 14.294 14.531 14.772 15.363 14.72 15.129 16.376 16.883 17.927 18.223
16.972 26.499 32.525 29.143 25.589 17.959 14.319 12.388 13.777 16.055 17.129 19.669 18.024 14.421 10.946 9.269 8.369 7.62 7.497 7.433 6.979 6.461 7.335 7.67 7.798 8.098 7.953 8.641 8.197001 8.917 8.56 9.551 8.897 8.387 8.269 8.537 8.805 9.401 8.621 9.459 10.382 14.071 14.071 14.457 14.873 14.69 14.077 14.432 14.314 14.251 14.279 15.325 15.593 15.2 14.9 14.866 14.859 15.284 16.053 16.617 18.155 19.35 19.585 17.469 15.976 14.452 14.152 14.57 14.121 14.57 14.747 15.224 14.899 15.158 15.452 17.092 18.282
16.452 18.85 21.522 31.872 28.888 19.158 15.134 13.238 17.674 20.311 21.148 18.771 18.759 13.789 10.796 8.881 8.25 7.919 7.765 7.493 7.338 7.186 7.489 8.18 8.065001 7.652 8.043 8.822 8.852 8.678 8.561 9.01 8.594 8.597 7.907 7.877 8.147 9.195 9.792 10.597 10.296 9.85 9.85 10.868 15.231 14.578 14.493 14.644 15.18 14.645 14.495 14.459 14.605 14.817 14.849 15.297 14.811 15.168 15.704 16.118 16.471 17.714 20.487 20.762 17.841 15.822 15.222 15.581 15.526 15.431 15.55 15.551 15.613 15.113 15.141 16.835 18.292
18.827 20.949 18.058 24.331 29.006 20.028 17.895 15.281 18.817 22.53 26.84 18.324 15.415 12.299 10.499 9.718 8.28 8.098001 7.915 7.465 7.373 7.998 8.268 8.123 8.007 8.429 8.49 9.6 8.704 8.707 8.468 8.89 9.583 9.433001 8.446 7.79 9.046 10.122 10.629 10.448 9.73 10.627 10.627 10.928 9.67 10.569 15.116 15.178 15.774 15.298 15.088 13.896 14.104 14.789 15.233 15.203 15.288 15.407 15.882 16.625 16.268 17.038 18.166 22.529 18.459 16.823 15.636 16.142 16.322 15.581 15.996 15.82 15.702 15.526 15.408 16.81 18.032
21.347 31.956 28.259 29.038 25.527 21.41 19.067 21.043 20.772 18.042 23.848 16.83 14.879 11.788 10.588 8.823 8.399 8.159 7.737 6.958 7.823 8.48 8.809 8.456 8.695 8.729 9.149 9.36 9.421 9.485 9.546 9.069 8.83 8.503 9.014 8.686 8.834 9.762 9.76 11.197 10.896 10.777 10.777 10.448 8.801001 10.091 10.959 14.879 15.088 11.71 12.071 11.95 15.656 14.728 15.8 15.352 11.459 10.677 9.748 15.167 16.683 18.078 18.197 18.224 20.154 21.37 16.915 16.856 16.769 15.225 15.82 14.839 15.169 15.526 15.441 15.684 16.671
