Appendix_Data/App5-Higher-Order-Taxon-Info/SA_ASCII/smdsum.asc
NCOLS 472
NROWS 227
XLLCORNER 17.83333
YLLCORNER -34.83333
CELLSIZE 0.01666667
NODATA_VALUE -9999
[rows 136 to 169 of 227, columns 231 to 307 of 472]
17.978 17.651 17.025 17.456 18.113 17.104 16.46 17.155 17.892 16.532 17.404 17.881 18.712 18.569 18.353 18.051 18.501 19.419 20.254 19.411 20.76 20.402 22.851 22.197 22.315 23.555 22.686 24.109 22.346 21.127 21.753 23.896 23.714 22.884 23.785 19.665 21.644 19.624 17.741 16.869 17.746 17.746 17.417 17.059 17.653 14.588 15.095 15.326 14.876 14.665 18.599 13.473 13.886 14.16 13.769 13.471 13.769 13.53 13.413 13.323 12.967 12.759 12.704 12.852 12.435 17.408 17.35 17.378 17.378 17.378 17.409 17.409 17.679 17.797 17.618 17.526 17.676
15.571 15.453 16.37 15.533 16.837 16.323 16.327 15.946 18.4 15.848 17.897 18.792 19.748 19.84 20.014 19.902 20.169 21.846 22.175 24.072 24.096 29.266 28.674 28.127 26.441 23.206 22.722 21.701 20.923 21.488 22.77 22.825 23.009 23.786 25.068 21.707 24.214 24.903 23.204 21.448 17.501 17.501 17.171 16.087 15.991 15.783 15.866 15.57 15.21 14.756 15.084 14.076 14.616 14.555 13.751 13.663 13.392 13.512 13.694 13.484 13.634 12.826 13.067 12.825 12.883 12.614 17.918 17.44 17.857 17.707 17.467 17.587 18.211 18.273 17.974 17.824 17.676
14.729 14.876 15.702 16.588 17.945 18.832 18.982 16.443 21.294 17.78 18.684 20.089 21.525 23.393 22.455 24.606 24.668 23.308 25.316 25.266 25.454 26.553 27.202 27.817 24.665 23.183 22.041 20.81 21.256 21.166 22.509 21.252 23.165 23.376 24.245 23.744 24.553 25.215 24.557 25.57 21.201 21.201 20.717 17.698 16.44 16.618 15.424 16.046 16.043 14.908 15.741 15.325 16.395 16.337 15.234 15.324 14.638 14.847 15.531 15.443 16.009 14.102 14.548 13.536 13.479 13.419 17.918 17.588 17.858 17.857 17.707 17.526 17.796 17.885 18.211 17.883 17.644
15.941 16.708 17.711 16.375 17.206 21.332 22.019 22.084 23.192 25.165 24.762 24.356 22.547 24.461 25.716 24.23 22.71 22.563 23.316 23.711 23.238 23.779 25.345 23.408 22.475 20.883 18.394 16.748 16.419 18.418 18.509 17.942 20.302 20.902 21.085 23.002 23.756 24.541 24.418 26.269 25.69 25.69 22.874 20.18 20.474 17.189 16.112 16.914 16.851 16.223 15.357 14.254 15.416 15.833 16.219 16.428 16.843 16.933 16.992 17.052 16.455 15.653 14.372 15.653 15.057 14.224 18.726 17.98 18.696 18.545 18.274 17.676 17.974 17.735 17.794 17.494 18.478
20.802 19.138 22.016 22.67 21.6 20.502 22.109 22.471 23.699 21.807 23.459 23.889 23.722 25.099 25.668 23.19 22.416 21.791 22.241 19.794 17.586 18.006 19.027 17.563 17.024 16.604 15.525 15.225 15.494 15.046 14.684 14.476 17.286 16.242 18.308 18.311 19.573 22.105 22.99 25.26 25.041 25.041 24.196 23.591 24.243 22.058 21.994 19.573 19.421 18.971 19.685 18.102 18.578 19.292 18.426 18.516 18.425 18.871 19.197 17.32 17.083 17.649 15.534 16.278 15.028 14.403 13.837 14.137 13.955 13.924 13.715 14.01 13.562 18.241 18.359 18.208 17.192
17.507 19.049 19.85 19.849 20.353 19.789 21.541 21.932 22.745 21.899 22.095 22.5 20.335 21.616 20.835 20.357 20.476 20.596 17.521 16.388 17.197 18.425 18.186 18.906 18.367 18.606 17.766 17.827 18.123 17.706 17.166 16.061 16.033 15.586 14.839 15.17 16.07 17.062 17.27 22.181 22.143 22.143 22.854 23.086 23.71 24.362 24.387 23.696 21.961 23.123 21.718 16.913 19.268 18.938 19.532 22.005 22.509 21.733 23.49 24.204 22.386 22.803 21.403 20.24 18.273 16.845 16.338 17.052 16.633 16.095 15.14 14.633 13.829 14.242 14.686 19.429 20.5
17.953 18.249 19.436 19.138 18.276 19.284 18.895 18.836 19.115 19.191 17.953 18.955 20.537 19.054 18.121 16.954 17.371 16.446 17.432 17.074 18.271 18.721 20.996 21.685 19.591 19.293 20.426 17.945 17.736 18.902 16.302 15.763 15.077 15.677 15.558 16.696 16.877 17.33 17.657 18.556 21.395 21.395 20.881 20.877 22.428 23.38 23.107 22.924 22.295 22.204 21.425 20.26 19.302 20.879 20.758 20.994 20.218 19.828 21.496 21.584 20.244 21.283 20.568 19.645 18.632 18.273 17.707 17.525 16.78 18.175 18.142 18.555 15.195 18.073 17.949 18.508 19.364
15.874 15.545 15.962 15.725 15.634 14.892 14.738 15.26 15.428 16.213 16.581 17.397 17.377 17.524 18.179 16.982 18.267 16.923 17.97 20.123 22.364 22.247 20.992 20.098 19.501 19.589 18.453 18.483 19.201 19.262 17.229 17.889 17.292 16.725 17.744 17.445 16.729 17.356 16.729 16.848 18.221 18.221 17.89 18.006 18.391 21.409 20.84 21.465 21.912 21.375 19.611 17.904 19.395 20.258 20.88 21.474 21.026 21.68 22.69 21.795 21.853 21.405 20.688 19.467 19.942 19.941 18.391 18.061 18.118 18.294 16.892 17.275 16.201 17.179 16.818 17.496 16.962
14 14.09 14.063 13.795 14.093 14.419 15.218 15.367 16.294 16.868 16.847 17.988 16.832 17.579 17.698 18.745 17.52 17.131 18.536 20.33 21.077 21.616 20.752 20.663 20.663 19.888 18.602 18.932 18.573 18.634 19.174 19.745 18.639 17.026 16.727 17.804 17.147 17.505 17.086 17.235 17.95 17.95 17.261 17.23 16.689 16.419 17.106 17.972 19.107 17.824 18.092 17.223 18.802 19.335 19.451 19.21 19.119 18.967 18.042 18.368 18.637 17.922 17.412 17.68 17.262 17.288 16.753 16.573 16.51 16.06 15.404 15.817 15.339 15.457 14.595 15.806 14.944
13.904 13.587 14.152 14.064 14.895 14.896 16.233 17.007 18.262 19.342 19.558 17.271 17.215 18.92 17.756 17.278 17.397 16.981 18.655 19.671 19.524 19.882 19.674 19.554 19.468 19.437 18.782 19.051 18.572 19.263 18.488 19.117 18.341 16.94 17.625 17.415 17.296 18.523 16.905 17.443 17.352 17.352 16.783 16.901 16.243 15.912 16.089 16.599 17.047 16.602 16.308 16.09 16.325 16.98 16.827 16.794 16.702 15.807 16.225 15.927 15.15 14.882 14.702 14.253 14.342 13.984 13.804 13.833 13.652 13.413 12.936 13.084 12.756 13.11 13.525 14.026 14.052
13.355 13.798 14.51 15.255 15.7 16.504 16.624 16.686 17.522 17.677 17.474 17.387 17.959 17.784 18.888 17.278 17.069 17.041 17.13 17.31 18.118 19.223 18.807 18.987 18.42 18.062 17.315 18.272 18.275 17.797 17.649 17.979 17.204 17.117 17.057 17.923 17.085 17.473 17.024 16.426 17.082 17.082 17.47 17.41 18.723 17.676 16.691 16.061 16.301 15.973 15.852 14.895 15.37 14.74 14.978 15.363 15.152 14.615 15.091 14.138 13.9 13.84 13.629 13.51 13.241 13.358 13.208 13.297 13.445 13.74 13.026 13.944 13.083 12.992 14.03 13.939 13.759
13.563 14.127 14.633 15.05 15.286 15.765 16.212 16.629 17.615 17.023 17.115 17.387 16.764 16.378 17.155 15.964 16.383 16.563 15.189 14.503 14.98 15.638 16.146 16.596 16.626 15.76 15.76 16.418 16.209 17.197 16.481 16.214 15.198 15.647 16.097 16.666 16.516 16.696 16.396 17.952 15.437 15.437 16.273 16.003 17.08 16.421 15.523 13.849 14 14.207 14.386 14.176 13.996 15.249 14.38 14.23 14.285 14.017 13.811 14.079 14.138 14.228 14.972 15.506 15.029 15.562 14.012 14.783 15.198 14.097 14.926 14.298 14.652 13.199 13.97 14.683 16.136
13.535 14.009 14.517 14.933 15.231 15.409 15.409 15.293 15.115 14.79 14.584 14.615 15.392 15.453 15.961 15.455 15.305 15.366 15.785 15.277 14.383 15.13 15.518 15.818 15.907 15.282 14.774 15.582 15.612 15.523 16.661 15.795 14.51 16.844 16.067 15.978 15.678 16.066 15.946 17.083 17.111 17.111 16.422 16.093 15.914 15.942 14.537 13.282 13.46 13.998 14.088 14.444 14.713 17.101 14.53 15.603 15.156 14.855 15.603 14.767 15.93 15.093 16.642 16.224 16.818 14.908 13.924 13.472 13.652 13.354 13.233 13.438 12.126 13.556 14.389 14.746 16.201
13.029 13.534 13.834 13.893 13.954 14.101 14.282 14.223 13.957 14.762 14.851 14.229 14.437 14.528 15.394 15.305 14.619 14.799 14.591 15.457 14.771 14.055 14.472 14.952 15.101 15.371 14.505 14.863 15.731 16.419 15.942 15.076 14.51 14.541 15.318 15.798 15.259 16.066 16.426 16.065 16.065 16.065 15.584 14.987 14.597 14.626 14.657 14.298 14.896 15.552 15.792 15.91 16.387 16.416 16.205 16.801 17.275 16.32 15.811 15.216 16.587 15.273 15.69 15.182 15.063 15.654 15.831 16.363 15.321 15.589 14.99 15.226 15.31 15.756 15.224 16.265 15.849
12.793 13.179 13.448 13.448 13.537 13.568 13.748 13.926 13.926 14.762 14.645 14.317 13.781 14.139 14.319 14.499 13.783 13.902 14.052 14.44 14.767 14.709 13.905 14.502 14.771 14.71 14.593 15.012 15.341 15.639 14.984 14.926 16.096 16.217 15.648 15.32 15.229 14.63 14.718 14.687 14.298 14.298 14.387 14.268 14.329 14.837 15.462 16.662 17.021 16.868 16.269 16.84 16.599 15.941 16.805 16.597 17.251 16.681 15.933 16.562 16.058 16.71 16.826 16.532 16.47 17.122 16.706 17.322 17.562 18.008 17.981 16.245 16.835 17.615 17.88 17.671 16.39
12.734 13.121 13.271 13.24 13.687 13.24 13.568 13.837 14.226 14.673 14.406 14.467 13.781 13.961 14.111 13.751 13.813 13.635 13.543 13.782 13.782 14.679 13.993 14.174 14.382 14.324 14.593 14.832 15.162 15.311 14.979 15.193 15.766 15.738 14.902 14.362 14.361 14.333 14.242 14.301 14.421 14.421 14.329 14.718 15.287 14.807 16.123 16.475 17.164 16.509 15.699 17.764 17.854 16.297 17.492 17.761 18.719 17.252 16.444 17.4 17.309 17.545 17.938 18.14 17.419 18.857 17.445 17.656 18.068 20.222 19.882 18.222 16.839 19.734 18.746 18.033 16.336
13.124 12.973 13.301 13.331 13.987 13.451 13.54 13.956 14.046 13.956 14.046 14.195 13.723 13.571 13.692 13.336 13.366 13.096 13.187 13.576 13.515 14.29 13.663 14.082 14.082 14.174 14.413 14.563 14.863 15.251 14.924 14.778 15.2 15.234 14.633 14.126 14.335 14.871 14.989 15.107 14.953 14.953 14.834 15.612 15.941 15.492 16.028 14.922 15.94 17.14 17.263 16.956 18.45 17.799 16.866 19.23 19.372 17.819 16.114 17.518 17.489 17.817 18.319 19.314 17.308 19.869 18.476 17.717 16.91 22.158 20.788 18.865 16.282 20.963 21.569 20.02 18.952
13.778 13.42 13.659 13.689 14.076 13.779 13.332 13.72 13.72 13.482 13.484 13.692 13.395 13.453 13.425 13.425 13.604 13.334 12.738 13.364 13.842 14.081 14.02 13.871 13.871 13.902 14.263 14.355 14.594 15.314 15.106 14.483 14.966 15.18 15.089 14.875 15.32 15.141 15.108 15.168 14.776 14.776 14.863 15.879 16.447 15.91 15.583 14.536 15.883 18.185 19.618 16.54 18.123 19.888 16.689 20.364 18.751 17.434 15.071 16.717 18.03 18.239 17.163 21.135 17.788 19.16 21.009 17.396 16.022 22.167 21.657 16.706 16.912 21.564 24.812 23.946 23.886
14.972 14.911 15.091 15.597 15.211 14.495 13.631 14.02 14.109 14.02 14.228 14.528 14.2 14.2 14.291 14.171 14.529 14.588 14.41 14.738 15.452 14.855 14.228 13.273 13.213 13.366 13.575 13.847 14.086 14.148 14.63 15.024 17.157 17.475 16.2 15.835 16.19 14.871 14.451 14.898 15.758 15.758 13.725 14.95 15.43 16.447 17.135 16.39 17.167 18.155 19.381 19.501 19.89 21.056 17.169 16.959 17.975 18.991 15.643 16.479 16.299 19.946 20.51 21.138 18.21 19.582 20.568 22.507 17.279 18.352 22.501 21.693 27.153 26.495 24.404 24.462 21.211
15.122 16.046 16.166 16.105 15.242 15.064 15.57 15.63 15.481 15.511 15.781 15.722 15.572 15.782 15.485 15.304 15.245 15.275 15.424 15.752 15.929 15.776 14.91 13.806 13.629 13.871 14.052 14.383 14.417 14.776 16.663 16.34 16.674 17.639 16.946 17.69 16.998 14.991 16.154 12.266 15.668 15.668 14.017 14.381 16.117 17.791 16.717 16.3 18.573 17.948 19.085 19.205 18.366 18.367 17.738 16.274 18.874 19.352 22.194 21.177 21.683 21.653 22.997 21.621 25.955 27.269 23.35 28.071 26.037 28.873 23.912 24.926 24.984 25.908 25.487 24.861 24.083
16.227 16.585 17.449 17.152 15.78 17.063 17.48 17.391 17.005 17.094 17.332 17.124 17.335 17.365 16.918 16.47 16.262 15.753 16.319 16.854 17.359 16.134 14.907 13.798 14.73 15.242 15.307 15.638 15.639 16.123 16.185 15.589 15.354 16.614 18.23 18.377 15.889 15.44 16.604 15.106 15.728 15.728 14.861 15.28 16.477 16.06 15.523 14.986 16.004 16.094 17.799 18.577 19.265 18.517 19.056 20.793 22.497 21.3 20.163 22.734 20.881 22.883 23.48 23.42 24.348 27.427 25.302 26.855 26.226 25.775 25.237 26.579 25.142 25.08 25.407 22.538 20.925
16.765 15.752 17.093 16.408 17.54 17.988 17.66 17.81 17.899 17.602 17.871 17.483 17.782 18.41 18.051 17.753 17.245 16.262 16.886 17.125 16.555 15.658 14.822 14.88 15.419 16.02 16.173 15.608 16 16.42 17.14 17.444 16.728 15.261 15.741 16.371 15.411 15.948 15.916 16.183 16.926 16.926 15.461 16.298 14.716 14.897 15.285 16.362 14.508 14.719 14.331 15.737 16.664 19.566 20.884 20.705 21.363 21.273 21.931 21.183 22.08 22.081 24.233 25.072 24.95 27.225 26.895 28.449 26.743 26.142 26.021 24.825 21.383 19.141 18.961 18.123 12.765
17.662 17.512 18.706 18.079 18.107 18.168 19.035 17.275 18.11 17.991 17.186 18.23 17.844 17.902 18.26 18.74 18.501 16.888 17.604 16.021 15.932 14.885 15.362 15.065 15.573 17.334 16.385 16.686 14.984 15.792 16.184 17.473 16.696 15.56 16.398 17.236 16.396 16.276 14.839 15.645 16.631 16.631 16.061 16.24 14.09 14.897 15.854 16.872 16.604 15.169 16.517 15.02 17.505 19.511 20.2 19.751 20.587 21.007 21.127 19.63 21.545 21.127 20.708 22.713 22.025 22.114 20.468 22.505 20.707 20.167 20.046 17.802 16.813 17.021 17.709 18.186 16.81
19.514 20.923 21.339 22.523 22.697 22.258 19.782 17.544 18.319 19.127 18.291 18.261 16.5 18.113 19.307 20.443 19.188 20.293 19.068 18.709 15.636 16.888 15.605 15.694 17.038 16.264 16.683 15.192 15.673 16.57 17.65 18.339 18.341 16.575 15.2 15.978 18.223 16.964 17.143 14.45 15.018 15.018 16.452 15.586 14.389 14.121 14.779 14.929 15.199 16.875 17.563 17.655 15.082 15.262 17.956 16.22 15.921 18.377 18.855 19.003 18.046 17.566 18.347 17.389 17.598 17.028 17.659 17.271 16.67 17.149 17.386 18.165 19.749 19.598 18.85 20.855 20.135
19.514 20.923 21.339 22.523 22.697 22.258 19.782 17.544 18.319 19.127 18.291 18.261 16.5 18.113 19.307 20.443 19.188 20.293 19.068 18.709 15.636 16.888 15.605 15.694 17.038 16.264 16.683 15.192 15.673 16.57 17.65 18.339 18.341 16.575 15.2 15.978 18.223 16.964 17.143 14.45 15.018 15.018 16.452 15.586 14.389 14.121 14.779 14.929 15.199 16.875 17.563 17.655 15.082 15.262 17.956 16.22 15.921 18.377 18.855 19.003 18.046 17.566 18.347 17.389 17.598 17.028 17.659 17.271 16.67 17.149 17.386 18.165 19.749 19.598 18.85 20.855 20.135
16.767 18.046 20.271 22.377 23.026 23.318 23.554 23.585 23.203 22.939 22.852 22.529 22.588 22.97 22.97 22.647 20.715 18.177 16.952 17.102 15.399 16.355 17.371 16.805 16.027 17.374 17.135 15.046 17.498 16.512 14.359 14.3 16.095 16.365 17.204 17.113 14.481 17.682 18.338 17.652 16.395 16.395 13.705 8.024 14.213 16.816 15.798 16.365 15.378 14.483 17.238 17.388 17.779 17.063 17.274 16.375 16.434 16.462 17.362 17.061 17.181 18.201 19.34 19.07 19.522 20.153 22.974 21.151 22.286 23.06 25.183 22.544 23.232 24.397 21.762 22.271 23.228
16.441 17.866 18.223 19.56 21.104 21.55 22.703 23.175 22.498 22.47 22.324 21.134 21.522 22.145 21.581 20.662 18.894 18.836 17.492 17.789 15.998 15.55 18.209 17.704 17.314 17.973 16.689 15.286 15.285 16.662 16.963 15.018 14.33 15.467 16.754 18.64 17.772 14.662 19.445 17.443 17.233 17.233 17.024 14.872 16.218 17.742 18.52 19.268 19.33 16.248 16.279 16.551 18.082 18.565 18.417 18.836 18.684 17.064 18.201 18.98 19.49 19.999 21.168 21.949 21.081 19.137 18.573 15.581 18.116 20.545 20.033 19.762 20.268 20.358 20.745 19.967 22.123
16.471 16.917 16.084 18.611 17.54 16.472 17.986 17.214 17.303 18.698 17.599 18.106 17.542 17.335 17.573 17.482 17.275 16.387 17.015 15.94 16.179 16.21 17.763 18.511 19.619 19.202 18.963 17.501 15.286 16.363 17.83 15.347 13.791 16.426 15.619 17.534 17.532 16.724 16.665 18.758 19.715 19.715 18.849 18.041 18.188 19.356 19.984 20.285 20.259 18.195 17.149 19.758 19.613 20.249 18.816 20.07 19.976 19.853 19.941 21.318 21.468 19.312 22.129 21.171 21.293 23.274 22.53 21.486 20.041 24.474 22.583 21.172 21.501 22.787 24.345 22.546 23.684
18.671 18.729 17.005 16.917 16.56 16.887 18.374 18.047 18.582 18.909 19.77 20.424 19.771 20.156 19.711 19.327 19.239 20.427 19.378 16.928 20.216 18.813 19.499 20.458 21.506 19.624 19.685 17.322 18.819 17.681 18.849 18.191 16.933 17.116 19.926 18.611 20.526 21.632 19.926 24.2 23.273 23.273 21.748 22.553 18.635 22.253 23.122 23.157 22.682 21.159 19.516 17.692 17.486 17.134 14.353 16.414 17.909 20.304 20.632 22.548 24.734 23.387 23.268 26.715 27.229 26.123 26.245 24.238 23.428 26.574 29.089 29.595 26.267 27.164 30.312 29.231 28.811
17.808 17.274 18.641 18.941 18.974 19.447 19.353 19.805 20.123 20.401 21.291 21.504 21.976 20.935 20.356 21.138 22.324 21.14 19.295 18.515 18.033 20.843 21.112 21.683 21.451 19.658 20.857 21.484 19.929 21.306 20.257 20.497 20.891 20.738 20.528 21.37 21.513 24.627 25.015 25.166 21.955 21.955 20.878 22.25 22.635 21.316 21.11 21.475 20.524 19.513 18.798 19.281 19.885 18.03 18.213 19.32 20.247 23.931 24.766 26.53 28.089 29.258 31.867 31.779 33.49 33.344 32.751 29.484 27.085 29.063 30.261 32.806 33.103 32.802 33.372 31.994 35.108
17.24 18.264 18.797 19.834 20.283 20.638 20.878 20.996 21.032 21.827 22.122 22.473 22.802 21.948 19.83 21.086 20.693 19.467 18.636 21.63 18.132 18.847 19.51 22.146 24.537 22.922 23.669 22.74 21.424 22.41 21.757 22.626 23.641 21.606 22.778 25.139 23.073 26.09 26.708 28.937 23.637 23.637 22.8 20.604 21.171 19.73 20.04 21.243 22.179 21.822 22.755 23.266 23.809 22.795 22.466 21.563 24.019 27.913 25.632 25.512 27.97 29.798 33.457 31.181 32.504 33.915 38.144 35.418 34.549 38.085 34.308 34.158 36.495 33.437 33.586 35.715 35.116
18.027 19.834 20.164 21.355 20.96 21.376 21.973 21.132 22.072 21.685 22.108 20.269 21.645 22.508 21.557 22.784 21.416 20.435 21.84 24.408 21.99 20.226 23.16 26.268 27.078 26.666 27.207 23.555 23.137 21.07 23.223 24.573 25.025 22.029 25.62 24.48 26.581 25.979 23.818 24.112 29.264 29.264 27.855 23.612 22.933 20.518 23.053 26.119 26.183 24.963 25.715 25.121 25.573 25.425 24.83 22.372 24.735 29.527 27.006 26.079 29.344 30.755 34.081 30.669 34.029 38.348 39.522 37.546 37.038 39.345 39.108 40.845 42.163 36.706 35.597 40.452 41.592
18.939 20.544 20.813 22.414 21.14 21.674 21.046 19.225 19.137 18.599 19.766 19.406 20.304 19.23 20.037 21.861 22.941 24.736 25.125 25.098 24.055 21.632 25.164 24.659 25.888 28.254 31.667 26.19 26.938 22.507 23.437 24.664 29.157 23.109 25.415 23.468 30.055 28.974 24.721 23.163 33.367 33.367 30.671 31.413 25.721 24.129 26.05 30.159 27.233 25.233 24.997 24.072 23.624 24.077 26.565 25.334 24.704 30.035 27.904 25.208 29.194 31.084 30.607 27.015 32.561 37.688 39.88 40.303 40.664 39.437 41.506 42.496 38.297 35.87 34.91 38.118 40.669
19.238 18.939 20.248 19.147 19.624 17.253 16.953 17.165 17.493 18.06 19.347 17.525 17.676 20.097 21.054 23.538 21.477 22.255 24.053 24.204 30.071 30.495 33.16 29.542 28.556 29.696 31.103 27.631 24.786 25.565 31.973 28.978 31.645 29.43 34.643 35.244 34.766 31.976 30.597 30.234 29.304 29.304 33.704 29.959 31.032 27.528 28.906 26.276 26.999 25.356 28.624 30.036 26.621 26.682 25.063 23.746 26.41 30.452 27.754 29.547 30.479 32.252 33.574 29.531 33.639 35.231 38.592 40.124 40.726 38.54 42.078 44.747 42.348 37.671 35.452 39.772 43.549
