Appendix_Data/App5-Higher-Order-Taxon-Info/SA_ASCII/smdsum.asc
NCOLS 472
NROWS 227
XLLCORNER 17.83333
YLLCORNER -34.83333
CELLSIZE 0.01666667
NODATA_VALUE -9999
[rows 136 to 169 of 227, columns 0 to 76 of 472]
-9999 -9999 -9999 -9999 -9999 -9999 -9999 -9999 -9999 -9999 -9999 -9999 -9999 -9999 -9999 -9999 -9999 -9999 -9999 8.6156 8.681 8.742001 8.742001 8.35 8.108999 8.472 8.861 9.194 9.133 9.194 9.163 9.344 9.252 9.071 8.618999 8.799 8.769 8.408 8.408 8.83 9.161 9.1 9.1 9.042 9.192 9.192 9.312 9.312 9.946 10.035 9.763 9.974 9.884 10.306 9.916 10.188 10.701 11.063 11.576 12.569 11.879 11.85 11.669 10.732 10.006 10.156 10.123 10.117 10.117 9.062 9.868999 10.26 11.219 11.188 11.757 11.096 10.107
-9999 -9999 -9999 -9999 -9999 -9999 -9999 -9999 -9999 -9999 -9999 -9999 -9999 -9999 -9999 -9999 -9999 -9999 8.804 8.804 8.109 8.62 8.773 8.501 8.108999 8.983 9.014 9.405 9.194 9.344 9.194 9.494 9.252 9.191 8.741 9.252 9.041 8.83 9.13 8.769 9.131001 9.372 9.553 9.342 9.342 9.462 9.734 9.734 9.823 10.276 10.365 9.945 10.245 10.548 10.308 10.701 10.942 11.818 11.728 12.846 12.333 12.154 11.884 11.342 10.524 9.887 9.973001 9.906 9.906 9.723 10.349 10.797 12.476 12.232 12.593 11.992 11.214
-9999 -9999 -9999 -9999 -9999 -9999 -9999 -9999 -9999 -9999 -9999 -9999 -9999 -9999 -9999 -9999 -9999 -9999 8.804 8.552 8.743 8.682 8.712 8.531 8.381 8.62 9.164 9.345 9.493999 9.283 9.405001 9.432 9.282 9.313 9.133 9.191 9.222 9.161 9.222 9.222 9.161 9.281 9.222 9.522 9.342 9.22 9.312 9.432 10.184 10.126 10.487 10.037 10.489 9.977 9.857 10.881 11.124 11.787 12.452 12.303 12.998 12.366 12.07 11.925 10.648 9.617 9.732 10.265 10.265 9.388 10.046 11.034 13.16 12.437 13.006 12.167 12.048
-9999 -9999 -9999 -9999 -9999 -9999 -9999 -9999 -9999 -9999 -9999 -9999 -9999 -9999 -9999 -9999 -9999 -9999 -9999 -9999 8.733 8.774 8.712 8.501 8.59 8.801001 9.134 9.164 9.525 9.586 9.494 9.766 9.643 9.735 9.823999 9.552 9.493999 9.311 9.28 9.069 9.069 9.222 9.342 9.553 9.492001 9.281 9.431 9.523 10.126 10.276 10.759 10.459 10.58 10.64 10.037 10.761 11.094 11.637 11.999 11.909 12.184 12.791 12.194 13.035 11.287 10.491 10.697 10.776 10.776 9.777 10.343 11.778 13.513 13.389 15.844 12.878 12.91
-9999 -9999 -9999 -9999 -9999 -9999 -9999 -9999 -9999 -9999 -9999 -9999 -9999 -9999 -9999 -9999 -9999 -9999 -9999 -9999 -9999 -9999 8.5845 8.351 8.621 8.651 8.893 9.012 9.011 9.072001 9.314 9.823999 10.337 10.035 10.066 9.916 9.644 9.491 9.614 9.372 9.039 9.1 9.583 10.126 10.184 9.945 9.492001 9.734 10.095 10.398 10.82 10.158 10.761 10.762 10.281 10.733 11.124 10.912 12.03 11.276 11.066 11.88 10.761 11.529 11.1 10.098 9.852 10.413 10.413 9.714 11.689 11.623 14.253 14.398 17.657 14.186 13.141
-9999 -9999 -9999 -9999 -9999 -9999 -9999 -9999 -9999 -9999 -9999 -9999 -9999 -9999 -9999 -9999 -9999 -9999 -9999 -9999 -9999 -9999 -9999 8.481 8.471 8.351 8.59 9.073 9.315 9.464 9.736 9.886 10.277 10.036 9.975 10.155 10.036 10.036 10.214 10.214 9.461 9.008 9.22 9.853 10.034 10.306 9.734 9.734 10.337 10.367 10.728 10.367 11.063 11.004 10.916 10.735 10.191 11.154 10.792 11.063 10.884 11.487 11.154 11.489 11.035 10.096 10.275 10.533 10.533 10.283 10.696 10.779 14.843 15.465 20.543 15.191 14.238
-9999 -9999 -9999 -9999 -9999 -9999 -9999 -9999 -9999 -9999 -9999 -9999 -9999 -9999 -9999 -9999 -9999 -9999 -9999 -9999 -9999 -9999 -9999 -9999 8.410999 8.433 8.32 8.59 8.951 9.162 9.373 9.856 10.097 9.975 10.006 10.186 10.367 10.095 10.214 10.214 9.553 9.039001 9.22 9.431 9.581 10.123 10.034 10.065 10.154 10.637 10.487 10.459 10.7 11.246 12.552 11.156 11.004 10.521 10.279 10.731 11.152 11.181 11.061 11.272 11.423 10.217 9.552 11.073 11.073 10.761 11.051 11.161 15.908 17.153 23.12 20.494 15.243
-9999 -9999 -9999 -9999 -9999 -9999 -9999 -9999 -9999 -9999 -9999 -9999 -9999 -9999 -9999 -9999 -9999 -9999 -9999 -9999 -9999 -9999 -9999 -9999 -9999 8.32 8.379499 8.59 8.921 8.801001 9.404 9.765 9.945 9.825 9.975 9.884 10.126 10.518 10.306 10.395 9.914 9.703 9.281 9.461 9.673 9.853 9.673 9.673 10.034 10.276 9.884 10.276 10.155 9.971 10.64 10.431 10.43 11.063 11.001 10.368 11 11.483 11.332 11.119 11.059 10.577 9.465 11.436 11.436 11.178 11.526 12.113 15.596 18.48 18.801 23.81 16.9
-9999 -9999 -9999 -9999 -9999 -9999 -9999 -9999 -9999 -9999 -9999 -9999 -9999 -9999 -9999 -9999 -9999 -9999 -9999 -9999 -9999 -9999 -9999 -9999 -9999 -9999 8.304 8.018 8.229 8.348 8.801001 9.012 9.282 9.162 9.523001 9.795 9.945 10.337 10.576 10.637 10.456 10.425 10.123 9.853 9.973 10.334 10.154 10.365 10.698 10.276 10.154 10.365 10.457 9.885 11.122 10.579 10.609 10.97 10.278 10.819 11.09 11.42 11.692 11.268 11.268 10.966 9.82 11.699 11.699 11.744 12.538 13.33 16.15 19.054 20.173 26.475 18.823
-9999 -9999 -9999 -9999 -9999 -9999 -9999 -9999 -9999 -9999 -9999 -9999 -9999 -9999 -9999 -9999 -9999 -9999 -9999 -9999 -9999 -9999 -9999 -9999 -9999 -9999 -9999 8.068 7.957 8.529 8.559999 8.74 8.829 9.04 9.101 10.276 10.487 10.607 10.726 10.937 10.514 10.514 10.453 9.941999 9.731 9.943 10.546 10.665 10.485 10.426 9.793 9.673 10.065 10.215 11.453 11.121 10.729 10.82 10.245 10.486 11.238 11.449 11.749 11.568 11.174 10.419 10.264 11.062 11.062 11.38 12.952 13.682 15.394 20.191 23.049 32.492 26.326
-9999 -9999 -9999 -9999 -9999 -9999 -9999 -9999 -9999 -9999 -9999 -9999 -9999 -9999 -9999 -9999 -9999 -9999 -9999 -9999 -9999 -9999 -9999 -9999 -9999 -9999 -9999 -9999 8.0465 8.106999 8.74 9.041 9.190001 9.432 9.554 9.312 9.612 10.335 10.454 10.787 10.664 10.299 10.453 9.762 9.309 9.612 10.454 10.546 10.396 10.215 10.335 10.879 10.668 10.426 10.759 11.633 11.149 11.121 10.757 11.359 11.328 10.906 11.867 11.805 11.561 11.197 11.194 12.109 12.109 12.036 13.31 14.814 16.728 23.558 28.422 28.177 31.371
-9999 -9999 -9999 -9999 -9999 -9999 -9999 -9999 -9999 -9999 -9999 -9999 -9999 -9999 -9999 -9999 -9999 -9999 -9999 -9999 -9999 -9999 -9999 -9999 -9999 -9999 -9999 -9999 7.946 7.593 8.046 8.499001 8.679 8.949 9.313 9.613 9.643 9.974 10.244 10.124 10.182 10.392 10.723 10.212 10.032 9.52 10.032 10.304 10.335 10.335 10.546 10.787 10.787 10.848 10.787 11.15 11.058 10.969 11.118 11.179 10.815 10.815 10.962 11.142 11.681 10.836 10.2 12.198 12.198 12.008 12.534 13.806 14.86 24.326 27.153 36.931 32.136
-9999 -9999 -9999 -9999 -9999 -9999 -9999 -9999 -9999 -9999 -9999 -9999 -9999 -9999 -9999 -9999 -9999 -9999 -9999 -9999 -9999 -9999 -9999 -9999 -9999 -9999 -9999 -9999 7.97125 8.138 8.469 8.618999 8.919001 9.13 9.16 9.402 9.432 9.823999 10.213 10.213 10.213 10.785 10.846 10.424 10.363 10.032 9.913 10.063 10.032 10.063 10.726 10.757 10.635 10.726 11.029 11.601 11.631 11.631 11.961 12.172 11.177 11.146 10.782 11.082 11.409 10.776 11.581 11.991 11.991 12.461 13.049 13.128 14.066 20.134 23.663 29.332 24.517
-9999 -9999 -9999 -9999 -9999 -9999 -9999 -9999 -9999 -9999 -9999 -9999 -9999 -9999 -9999 -9999 -9999 -9999 -9999 -9999 -9999 -9999 -9999 -9999 -9999 -9999 -9999 -9999 8.108 8.046 8.438 8.83 9.222 9.372 9.402 9.280001 9.221 9.341 9.702 9.822001 9.941 9.791 10.152 10.424 10.424 10.152 9.791 9.852 9.971 10.183 10.938 10.877 10.577 10.635 11.36 12.293 12.415 12.745 13.017 13.134 12.261 11.444 10.872 10.719 10.93 11.196 11.613 11.634 11.634 12.199 13.57 14.157 14.114 17.356 20.629 24.923 26.151
-9999 -9999 -9999 -9999 -9999 -9999 -9999 -9999 -9999 -9999 -9999 -9999 -9999 -9999 -9999 -9999 -9999 -9999 -9999 -9999 -9999 -9999 -9999 -9999 -9999 -9999 -9999 -9999 8.097333 8.138 8.558001 8.83 9.222 9.492 9.552999 9.552999 9.522 9.522 9.641 9.791 10.002 10.122 10.183 10.091 10.272 10.272 9.791 9.733 9.702 10.363 10.908 10.908 10.788 10.757 11.48 12.505 13.377 13.588 13.649 13.738 13.134 12.29 10.811 10.75 10.51 10.836 10.052 11.79 11.79 12.12 12.809 14.713 15.416 17.439 16.292 21.492 21.292
-9999 -9999 -9999 -9999 -9999 -9999 -9999 -9999 -9999 -9999 -9999 -9999 -9999 -9999 -9999 -9999 -9999 -9999 -9999 -9999 -9999 -9999 -9999 -9999 -9999 -9999 -9999 -9999 -9999 -9999 8.600801 8.739 9.011 9.403 9.523 9.584 9.703 9.703 9.703 9.942 10.273 10.422 10.333 10.603 10.544 10.453 10.183 9.88 9.791 10.183 10.725 10.847 10.786 10.847 11.48 12.867 13.739 14.522 14.161 14.37 13.224 12.41 10.993 10.69 10.176 11.317 10.564 11.315 11.315 11.951 12.091 14.612 16.034 18.54 16.104 23.372 21.422
-9999 -9999 -9999 -9999 -9999 -9999 -9999 -9999 -9999 -9999 -9999 -9999 -9999 -9999 -9999 -9999 -9999 -9999 -9999 -9999 -9999 -9999 -9999 -9999 -9999 -9999 -9999 -9999 -9999 -9999 8.739 8.739 8.709 9.131001 9.373 9.554 9.673 9.734 9.762 9.731 9.851 10.123 10.242 10.331 10.422 10.453 10.092 10.031 10.453 10.453 10.514 10.425 10.544 10.847 11.631 12.987 13.409 14.343 15.004 14.675 13.617 12.38 11.204 10.51 11.021 11.321 11.618 11.647 11.647 12.159 13.457 15.399 16.078 20.326 18.188 23.363 20.16
-9999 -9999 -9999 -9999 -9999 -9999 -9999 -9999 -9999 -9999 -9999 -9999 -9999 -9999 -9999 -9999 -9999 -9999 -9999 -9999 -9999 -9999 -9999 -9999 -9999 -9999 -9999 -9999 -9999 -9999 -9999 8.719 8.709 9.012 9.312 9.523 9.643 9.674 9.673 9.732 9.551 9.52 9.851 10.031 10.242 10.061 9.97 9.82 10.514 10.514 10.545 10.484 10.545 10.606 11.27 12.626 13.168 14.102 14.463 14.252 13.557 12.412 10.844 10.933 11.444 11.652 11.802 11.737 11.737 12.367 13.963 15.587 16.064 20.197 20.635 21.257 23.022
-9999 -9999 -9999 -9999 -9999 -9999 -9999 -9999 -9999 -9999 -9999 -9999 -9999 -9999 -9999 -9999 -9999 -9999 -9999 -9999 -9999 -9999 -9999 -9999 -9999 -9999 -9999 -9999 -9999 -9999 -9999 -9999 -9999 9.0335 9.101 9.493 9.674 9.763 9.763 9.702 9.61 9.551001 9.851 10.001 10.27 10.12 9.97 10.031 10.362 10.303 10.273 10.606 10.365 10.606 10.817 11.843 12.446 12.838 13.227 13.5 13.377 12.352 10.906 11.234 11.414 11.775 11.621 12.278 12.278 12.93 14.653 15.922 16.326 16.789 16.926 17.159 23.939
-9999 -9999 -9999 -9999 -9999 -9999 -9999 -9999 -9999 -9999 -9999 -9999 -9999 -9999 -9999 -9999 -9999 -9999 -9999 -9999 -9999 -9999 -9999 -9999 -9999 -9999 -9999 -9999 -9999 -9999 -9999 -9999 -9999 -9999 9.38 9.463 9.644 9.883 9.822001 9.791 9.73 9.76 9.849 9.909 10.359 10.481 10.151 10.604 10.393 10.363 10.304 10.393 10.365 10.365 10.456 11.24 11.541 11.602 11.813 11.933 11.841 11.18 11.419 11.599 11.868 11.716 11.592 12.342 12.342 13.993 17.09 15.17 14.968 17.154 18.257 25.431 21.219
-9999 -9999 -9999 -9999 -9999 -9999 -9999 -9999 -9999 -9999 -9999 -9999 -9999 -9999 -9999 -9999 -9999 -9999 -9999 -9999 -9999 -9999 -9999 -9999 -9999 -9999 -9999 -9999 -9999 -9999 -9999 -9999 -9999 -9999 9.463 9.463 9.644 9.853001 9.883 10.003 10.031 10.031 10.3 10.602 10.957 10.99 10.329 10.21 10.452 10.393 10.424 10.454 10.515 10.304 10.426 10.518 10.487 10.668 10.788 10.88 10.789 11.331 12.235 12.777 12.957 12.984 13.668 11.953 11.953 13.097 14.961 14.962 16.889 18.779 22.981 27.093 24.293
-9999 -9999 -9999 -9999 -9999 -9999 -9999 -9999 -9999 -9999 -9999 -9999 -9999 -9999 -9999 -9999 -9999 -9999 -9999 -9999 -9999 -9999 -9999 -9999 -9999 -9999 -9999 -9999 -9999 -9999 -9999 -9999 -9999 -9999 -9999 9.58375 9.614 9.853001 9.973 10.123 10.424 10.452 10.452 10.452 11.051 11.293 10.542 10.33 10.483 10.363 10.543 10.424 10.515 10.454 10.396 10.246 9.887 10.307 10.577 10.728 10.909 11.391 13.021 13.626 13.927 14.261 14.259 12.681 12.681 12.709 14.033 15.628 17.251 18.812 30.482 25.687 23.398
-9999 -9999 -9999 -9999 -9999 -9999 -9999 -9999 -9999 -9999 -9999 -9999 -9999 -9999 -9999 -9999 -9999 -9999 -9999 -9999 -9999 -9999 -9999 -9999 -9999 -9999 -9999 -9999 -9999 -9999 -9999 -9999 -9999 -9999 -9999 9.865334 9.614 10.034 10.274 10.274 10.333 10.362 10.302 10.24 10.933 11.173 10.632 10.423 10.542 10.422 10.575 10.302 10.363 10.424 10.455 10.546 10.338 10.427 10.397 10.548 10.879 12.176 13.446 14.202 15.503 16.387 15.61 13.231 13.231 12.956 13.734 14.938 18.76 22.365 24.497 25.482 27.763
-9999 -9999 -9999 -9999 -9999 -9999 -9999 -9999 -9999 -9999 -9999 -9999 -9999 -9999 -9999 -9999 -9999 -9999 -9999 -9999 -9999 -9999 -9999 -9999 -9999 -9999 -9999 -9999 -9999 -9999 -9999 -9999 -9999 -9999 -9999 -9999 10.368 10.396 10.335 10.305 10.183 10.363 10.121 9.79 10.691 11.113 11.053 10.994 11.085 10.934 10.875 10.875 10.725 10.755 10.635 10.608 10.939 11.12 10.939 11.12 11.542 12.45 13.959 14.867 16.748 17.313 18.512 12.692 12.692 12.838 13.589 14.639 17.736 21.556 21.822 23.803 20.248
-9999 -9999 -9999 -9999 -9999 -9999 -9999 -9999 -9999 -9999 -9999 -9999 -9999 -9999 -9999 -9999 -9999 -9999 -9999 -9999 -9999 -9999 -9999 -9999 -9999 -9999 -9999 -9999 -9999 -9999 -9999 -9999 -9999 -9999 -9999 10.177 10.368 10.396 10.335 10.305 10.183 10.363 10.121 9.79 10.691 11.113 11.053 10.994 11.085 10.934 10.875 10.875 10.725 10.755 10.635 10.608 10.939 11.12 10.939 11.12 11.542 12.45 13.959 14.867 16.748 17.313 18.512 12.692 12.692 12.838 13.589 14.639 17.736 21.556 21.822 23.803 20.248
-9999 -9999 -9999 -9999 -9999 -9999 -9999 -9999 -9999 -9999 -9999 -9999 -9999 -9999 -9999 -9999 -9999 -9999 -9999 -9999 -9999 -9999 -9999 -9999 -9999 -9999 -9999 -9999 -9999 -9999 -9999 -9999 -9999 -9999 -9999 10.0815 9.795 9.253 9.793 10.032 10.544 10.726 11.025 11.688 12.319 12.74 11.626 11.686 11.716 11.507 11.626 11.807 11.114 11.237 11.356 11.54 11.629 11.66 11.207 11.63 11.873 12.747 14.679 15.438 17.282 17.557 16.554 14.124 14.124 14.203 14.558 15.307 17.832 16.504 29.146 23.509 17.274
-9999 -9999 -9999 -9999 -9999 -9999 -9999 -9999 -9999 -9999 -9999 -9999 -9999 -9999 -9999 -9999 -9999 -9999 -9999 -9999 -9999 -9999 -9999 -9999 -9999 -9999 -9999 -9999 -9999 -9999 -9999 -9999 -9999 -9999 -9999 -9999 9.71925 9.884 9.973001 10.335 10.424 10.514 10.634 11.296 11.415 11.476 11.595 12.348 11.716 11.142 11.354 11.537 11.175 11.295 11.537 11.718 11.871 11.96 11.902 11.991 12.203 12.866 14.405 14.829 14.984 15.68 15.773 13.996 13.996 14.775 15.251 17.687 22.052 28.463 29.211 28.78 21.006
-9999 -9999 -9999 -9999 -9999 -9999 -9999 -9999 -9999 -9999 -9999 -9999 -9999 -9999 -9999 -9999 -9999 -9999 -9999 -9999 -9999 -9999 -9999 -9999 -9999 -9999 -9999 -9999 -9999 -9999 -9999 -9999 -9999 -9999 -9999 -9999 9.592667 9.945 10.065 10.304 10.212 10.754 10.994 11.656 11.686 11.564 11.444 11.866 11.596 11.265 11.657 11.898 11.053 11.384 11.626 11.807 11.929 11.96 12.291 12.622 12.592 12.835 13.831 14.767 14.225 14.468 15.165 14.231 14.231 15.223 18.595 19.585 22.446 26.779 29.819 24.598 25.161
-9999 -9999 -9999 -9999 -9999 -9999 -9999 -9999 -9999 -9999 -9999 -9999 -9999 -9999 -9999 -9999 -9999 -9999 -9999 -9999 -9999 -9999 -9999 -9999 -9999 -9999 -9999 -9999 -9999 -9999 -9999 -9999 -9999 -9999 -9999 -9999 9.447001 8.949 9.583 9.911 10.092 10.784 11.446 11.596 11.805 11.866 11.805 12.197 12.227 11.987 11.987 12.229 11.445 11.476 11.718 11.657 11.868 11.929 12.41 13.103 13.314 13.465 13.496 13.647 13.528 13.71 13.652 14.527 14.527 16.152 18.532 23.322 22.144 17.114 21.148 22.134 30.313
-9999 -9999 -9999 -9999 -9999 -9999 -9999 -9999 -9999 -9999 -9999 -9999 -9999 -9999 -9999 -9999 -9999 -9999 -9999 -9999 -9999 -9999 -9999 -9999 -9999 -9999 -9999 -9999 -9999 -9999 -9999 -9999 -9999 -9999 -9999 -9999 -9999 9.280667 9.31 9.641 10.061 10.992 11.503 11.745 11.926 11.715 12.317 12.74 11.894 11.956 11.414 11.503 11.534 11.626 11.746 12.018 11.957 12.199 12.619 13.464 13.884 14.818 15.059 15.059 14.94 14.943 15.062 14.942 14.942 16.419 18.169 19.888 19.139 16.792 15.59 16.179 19.063
-9999 -9999 -9999 -9999 -9999 -9999 -9999 -9999 -9999 -9999 -9999 -9999 -9999 -9999 -9999 -9999 -9999 -9999 -9999 -9999 -9999 -9999 -9999 -9999 -9999 -9999 -9999 -9999 -9999 -9999 -9999 -9999 -9999 -9999 -9999 -9999 -9999 -9999 9.51975 9.429 10.091 10.933 11.413 11.531 11.713 11.623 12.108 12.744 11.921 11.924 11.26 11.322 11.626 11.685 11.657 11.866 12.168 12.257 12.949 13.852 15.625 15.445 16.196 16.738 17.132 16.833 16.743 15.208 15.208 15.995 16.448 16.813 16.121 14.433 15.17 15.572 16.435
-9999 -9999 -9999 -9999 -9999 -9999 -9999 -9999 -9999 -9999 -9999 -9999 -9999 -9999 -9999 -9999 -9999 -9999 -9999 -9999 -9999 -9999 -9999 -9999 -9999 -9999 -9999 -9999 -9999 -9999 -9999 -9999 -9999 -9999 -9999 -9999 -9999 -9999 9.579333 9.698999 10.332 10.782 11.261 11.405 11.742 11.533 12.285 12.408 11.652 11.894 11.291 11.23 11.773 11.685 11.236 12.014 12.406 12.435 13.218 14.484 15.902 16.225 17.185 18.482 19.505 18.155 18.066 15.237 15.237 15.24 15.029 15.21 14.879 15.514 17.205 18.22 19.11
-9999 -9999 -9999 -9999 -9999 -9999 -9999 -9999 -9999 -9999 -9999 -9999 -9999 -9999 -9999 -9999 -9999 -9999 -9999 -9999 -9999 -9999 -9999 -9999 -9999 -9999 -9999 -9999 -9999 -9999 -9999 -9999 -9999 -9999 -9999 -9999 -9999 -9999 9.930666 9.61 9.999001 10.39 11.261 11.561 11.712 11.774 12.167 12.376 11.772 11.922 11.683 11.561 11.895 11.984 12.166 12.585 13.066 13.307 13.485 14.327 15.376 15.973 18.2 18.865 20.706 18.785 18.365 15.085 15.085 14.755 14.484 14.483 14.723 15.384 16.863 18.637 21.486
-9999 -9999 -9999 -9999 -9999 -9999 -9999 -9999 -9999 -9999 -9999 -9999 -9999 -9999 -9999 -9999 -9999 -9999 -9999 -9999 -9999 -9999 -9999 -9999 -9999 -9999 -9999 -9999 -9999 -9999 -9999 -9999 -9999 -9999 -9999 -9999 -9999 -9999 10.16133 10.483 9.787 10.329 11.321 11.773 11.562 11.532 11.714 11.925 11.652 11.891 11.952 11.983 12.192 12.765 13.096 13.277 13.276 13.512 13.843 14.41 14.855 16.046 17.977 18.95 23.679 23.263 19.266 17.371 17.371 18.818 18.908 16.225 15.08 14.827 14.81 15.025 17.183
