Appendix_Data/App5-Higher-Order-Taxon-Info/SA_ASCII/smdsum.asc
NCOLS 472
NROWS 227
XLLCORNER 17.83333
YLLCORNER -34.83333
CELLSIZE 0.01666667
NODATA_VALUE -9999
[rows 136 to 169 of 227, columns 308 to 384 of 472]
17.706 17.856 17.945 18.064 18.274 18.601 18.423 18.092 17.761 17.939 18.391 18.512 18.991 14.163 14.581 14.581 15.178 15.207 15.268 15.898 15.481 15.544 14.681 14.712 15.131 15.609 17.076 16.776 16.476 17.702 20.829 20.74 21.49 20.829 22.207 21.454 21.963 21.003 21.51 20.311 20.521 21.116 21.864 22.375 22.199 21.302 20.706 21.485 20.499 21.61 21.252 20.354 20.714 20.385 20.115 20.146 20.205 20.479 20.419 20.33 20.089 20.297 20.056 19.815 19.694 19.662 19.662 19.692 19.753 19.602 19.66 19.629 19.69 19.659 20.107 19.778 19.778
17.943 18.213 18.572 18.782 18.422 18.692 18.451 18.481 17.669 18.017 18.979 19.015 19.257 14.903 15.089 15.089 15.656 15.123 15.926 16.553 15.932 16.263 16.357 16.928 17.198 17.526 18.241 17.315 17.343 19.794 17.312 17.253 17.554 18.296 23.223 20.886 22.201 21.092 22.587 21.659 22.857 21.265 22.019 20.941 22.496 20.883 20.167 20.408 20.14 19.84 20.292 20.262 20.654 20.714 20.115 20.266 20.717 20.72 21.142 20.636 19.941 20.058 20.117 20.147 20.235 20.083 20.083 19.483 19.452 19.571 19.629 19.509 19.539 19.6 19.689 19.658 19.658
18.211 18.839 19.019 19.643 19.047 19.046 18.837 19.222 17.908 18.324 18.683 19.284 14.813 15.29 16.096 16.096 16.545 16.162 16.789 17.509 16.705 17.784 18.683 20.273 20.575 19.768 18.961 18.27 18.21 21.016 18.208 18.833 20.325 20.71 18.738 17.095 21.214 21.662 23.066 22.765 25.189 20.102 24.771 21.42 21.122 21.003 20.825 20.496 21.366 20.589 20.651 21.103 20.022 20.203 20.145 20.416 21.949 21.112 20.152 20.341 19.462 20.059 19.817 19.695 19.755 19.873 19.873 19.842 19.903 19.571 19.451 19.331 19.361 19.18 19.419 19.689 19.449
18.955 19.076 19.197 18.509 14.244 15.434 15.046 16.202 14.805 20.771 16.38 17.247 18.884 23.38 21.455 21.455 20.357 21.79 24.148 20.966 22.074 19.484 19.82 18.902 16.904 15.405 16.839 16.956 20.688 18.327 18.355 18.355 18.054 17.546 16.202 18.229 19.66 22.013 24.054 22.199 21.748 22.347 23.066 25.609 25.192 24.086 22.621 22.084 21.605 23.136 21.219 20.322 20.322 20.384 20.295 19.755 19.725 19.757 20.06 20.364 20.241 20.027 19.877 19.845 19.755 19.152 19.152 19.633 19.691 19.601 19.451 19.99 19.689 19.6 19.508 19.21 19.179
18.923 19.789 15.461 16.768 17.929 19.622 19.801 17.543 16.679 15.818 16.592 17.069 18.083 18.143 17.374 17.374 18.032 18.125 18.425 21.47 18.912 16.62 14.982 15.317 16.289 15.469 15.374 16.716 17.162 16.923 18.058 19.012 21.009 18.53 18.828 17.186 16.438 16.466 17.032 18.432 21.151 21.031 21.09 21.032 20.762 21.152 20.255 21.005 20.348 19.93 19.78 20.321 20.921 20.322 20.144 19.994 20.296 20.208 20.178 20.809 20.328 19.967 19.876 19.875 19.785 19.722 19.722 19.663 19.632 19.542 19.57 19.6 19.569 19.569 19.75 19.299 19.299
21.664 22.015 22.258 18.995 18.878 18.047 16.829 16.266 14.84 15.851 16.445 17.487 17.34 17.372 17.313 17.313 17.91 18.449 18.542 17.295 17.836 16.319 17.34 16.599 16.904 17.08 17.345 18.151 17.251 16.953 16.443 17.996 19.904 19.455 19.692 18.557 18.736 21.984 17.957 17.539 16.761 18.462 21.928 20.552 20.313 20.313 19.926 20.406 20.587 20.526 20.618 20.649 20.591 20.352 20.413 20.715 20.384 20.446 20.837 20.326 20.236 19.935 20.084 20.114 19.904 19.752 19.752 19.632 19.601 19.812 19.48 19.48 19.449 19.75 19.688 19.329 19.329
17.677 18.717 18.305 18.072 17.6 18.136 16.741 14.751 14.305 13.919 14.395 14.098 14.694 14.993 13.446 13.446 13.861 14.338 14.609 15.534 16.641 19.033 21.339 18.238 18.78 19.555 20.361 23.409 22.389 24.09 24.386 23.667 23.397 22.142 22.736 19.393 18.258 21.18 18.732 16.972 16.465 16.582 18.043 20.73 20.911 21.51 21.722 22.082 22.951 22.804 22.835 22.565 22.418 22.031 21.881 20.803 21.013 20.923 20.444 20.146 20.324 19.844 20.414 20.174 19.842 19.693 19.693 19.751 19.631 19.781 19.811 19.51 19.51 19.688 19.418 19.418 19.418
17.318 18.952 18.808 17.239 15.788 15.551 14.454 14.036 13.443 13.861 13.533 13.266 13.356 13.832 14.217 14.217 14.485 13.976 14.219 14.729 15.209 16.138 18.318 20.83 24.299 23.494 25.883 24.986 30.601 28.33 26.864 26.563 24.174 22.47 20.856 19.632 17.75 18.823 17.122 18.731 18.374 16.941 16.643 17.089 17.744 22.526 22.437 23.398 25.315 24.449 22.235 23.046 22.776 22.687 22.54 22 21.702 21.072 20.863 20.264 20.172 20.174 20.082 20.053 20.111 19.662 19.662 19.842 19.781 19.691 19.691 19.571 19.629 19.629 19.448 19.657 19.568
15.59 16.633 15.483 14.36 14.006 13.77 14.009 14.813 14.218 13.803 14.546 14.457 13.506 14.606 14.902 14.902 15.315 14.352 15.94 15.949 14.582 15.391 17.78 18.707 18.74 19.786 20.923 21.818 23.162 23.489 22.385 25.218 23.844 20.738 19.364 17.423 18.616 22.402 21.507 20.431 18.549 17.832 17.177 17.863 22.63 22.424 24.931 30.304 32.039 26.723 26.757 30.893 30.267 24.605 24.006 22.21 21.909 21.611 21.552 21.85 21.432 21.462 21.4 20.261 20.052 19.661 19.661 19.872 19.841 19.752 19.81 19.81 19.629 19.807 19.448 19.596 19.807
13.805 14.23 14.029 14.121 14.482 14.691 14.961 14.337 14.279 14.101 14.608 14.102 13.804 13.832 15.765 15.765 16.448 16.118 15.617 13.687 15.836 15.421 15.601 15.87 16.41 17.009 18.024 18.144 19.518 18.802 20.503 18.83 18.172 17.484 16.497 16.589 20.316 18.078 18.911 19.775 24.96 20.694 19.203 21.642 21.552 27.574 22.841 19.984 23.684 23.598 23.841 21.756 28.863 25.88 27.182 28.652 26.435 23.469 22.809 22.149 21.939 21.939 22.301 21.34 21.34 20.289 20.289 20.47 19.96 19.932 19.931 19.72 19.898 19.629 19.687 19.565 19.657
13.756 14.56 14.624 15.4 14.691 15.108 15.022 14.608 14.875 14.519 14.43 14.759 13.687 14.221 13.863 13.863 14.012 14.31 14.252 14.851 14.852 16.435 15.751 15.275 16.409 15.665 15.963 16.68 15.576 15.755 16.173 16.022 15.872 16.441 16.856 17.751 17.692 19.688 20.045 17.837 20.755 18.904 24.085 21.637 22.556 23.694 19.233 22.397 19.418 20.912 23.363 18.231 20.592 22.117 23.134 23.761 20.805 22.987 27.738 20.566 24.779 22.061 22.688 21.188 21.639 21.04 21.04 21.818 21.1 20.921 20.864 21.31 21.216 21.125 21.153 20.853 19.148
15.335 14.804 16.262 15.464 16.209 16.24 17.195 18.15 16.367 17.233 17.857 15.207 16.217 14.731 15.653 15.653 16.578 14.939 15.237 15.806 15.899 16.705 18.138 16.737 16.888 17.306 17.666 17.337 17.666 17.964 18.321 20.68 20.621 17.812 16.379 16.201 17.781 16.17 26.577 25.292 17.418 20.096 21.581 17.793 20.208 16.901 18.307 20.071 16.228 18.436 18.706 17.187 20.323 24.027 24.297 24.09 21.79 18.506 20.985 22.059 21.67 26.3 24.537 24.479 22.568 19.342 19.342 17.999 21.069 19.6 21.668 21.246 21.066 17.124 15.988 16.702 15.805
14.33 15.045 15.226 15.257 15.883 16.482 18.628 16.904 15.655 14.286 16.313 15.953 14.82 15.535 15.388 15.388 15.06 16.016 15.986 17.12 17.422 15.991 19.034 18.171 16.709 19.039 19.008 18.234 19.516 18.382 18.742 23.129 17.546 19.127 19.336 17.424 21.094 18.346 22.432 17.092 19.118 14.912 18.395 17.915 18.001 17.35 20.334 19.655 14.915 16.975 19.753 19.157 17.217 17.069 17.13 16.235 16.831 18.326 17.578 21.099 18.173 21.488 32.301 24.986 22.477 24.179 24.179 30.512 17.341 21.462 22.236 18.053 20.379 22.853 18.522 18.638 17.976
14.721 15.97 16.121 15.112 16.453 16.871 16.187 13.926 14.467 14.444 14.495 16.014 13.957 15.12 15.092 15.092 15.658 15.898 19.538 21.659 20.109 15.812 17.306 20.591 21.308 16.65 18.383 19.936 21.129 19.577 17.755 21.278 18.889 17.903 22.17 21.724 23.452 20.765 23.747 21.238 20.073 23.648 22.246 18.665 15.714 21.975 23.26 17.091 21.388 19.482 20.201 16.411 16.62 17.458 16.622 17.159 18.295 17.369 17.368 16.619 16.675 20.023 19.875 21.369 21.311 20.175 20.175 21.818 20.025 22.233 20.44 22.228 21.629 24.969 27.708 19.444 19.916
18.182 17.827 16.336 15.719 16.131 18.336 16.582 16.045 16.349 17.242 16.517 16.196 16.341 16.019 16.82 16.82 17.688 17.479 17.777 17.424 16.65 15.873 15.637 17.964 17.999 14.95 18.146 21.788 21.222 19.913 20.204 24.359 20.446 22.687 35.702 26.919 25.427 26.506 25.244 22.389 23.789 19.664 21.959 22.248 15.876 20.236 21.565 19.394 21.813 17.879 23.029 18.259 18.832 19.717 17.666 17.253 18.743 18.746 18.175 17.455 17.696 18.203 17.636 17.876 18.8 18.025 18.025 19.157 19.241 21.206 19.029 19.265 20.25 20.194 21.802 23.048 30.095
19.429 19.792 17.743 18.247 17.921 18.387 17.433 16.514 18.183 18.478 15.47 17.049 16.579 17.716 16.022 16.022 15.66 15.905 16.087 17.252 17.195 18.513 16.239 17.969 20.178 16.267 18.5 20.918 22.833 25.346 21.706 26.983 23.49 25.123 34.476 27.269 25.505 30.217 27.24 31.155 32.614 27.68 27.812 25.703 20.316 15.184 22.947 23.219 24.139 21.874 19.575 18.865 19.488 15.103 18.27 18.321 19.073 20.055 17.962 16.26 18.53 18.474 18.713 18.533 18.174 18.024 18.024 17.846 16.501 16.529 17.122 21.358 17.832 19.474 20.699 20.34 21.441
20.343 21.322 19.562 18.334 18.664 15.682 15.147 15.744 17.765 17.426 14.839 17.112 16.783 16.966 14.949 14.949 14.356 16.358 17.492 18.026 20.154 21.997 17.551 19.224 20.809 19.707 17.587 18.746 23.708 28.358 27.769 26.649 29.119 25.446 25.805 25.767 26.044 23.898 26.311 35.395 36.465 39.023 31.948 31.367 20.85 17.494 27.243 26.105 25.042 23.43 23.956 23.887 23.839 20.371 22.813 18.691 21.319 21.735 17.733 15.578 17.845 18.861 19.729 19.552 18.592 19.371 19.371 18.263 16.888 17.097 18.319 17.629 17.065 18.227 19.387 18.492 19.446
22.605 22.427 20.25 17.597 18.163 15.002 14.466 16.16 17.586 16.385 16.006 18.705 15.804 14.322 14.058 14.058 15.404 17.108 17.675 16.421 21.562 19.768 16.747 19.945 22.453 22.54 21.343 20.505 27.434 29.494 32.03 23.998 38.866 34.088 35.222 32.444 36.802 21.666 22.173 37.484 38.018 38.048 30.346 23.066 19.483 22.558 28.261 24.441 27.547 25.07 33.463 29.225 34.57 28.299 27.465 22.866 24.33 24.329 20.296 16.475 17.608 19.429 20.626 20.534 17.817 20.952 20.952 17.965 16.322 17.366 19.185 18.14 18.14 18.287 18.287 16.527 18.139
22.255 22.524 20.257 18.647 17.511 15.363 16.376 16.582 16.221 18.598 15.466 15.652 15.422 14.086 15.199 15.199 16.305 17.651 18.398 16.034 20.431 22.223 22.28 26.791 29.984 28.428 29.769 27.405 24.358 30.719 23.969 25.103 24.117 40.242 29.91 30.387 23.22 21.309 22.473 23.847 25.964 26.083 28.621 29.545 37.426 29.486 27.964 25.936 27.072 31.821 35.586 23.074 19.82 23.554 23.314 18.955 24.63 15.638 22.718 23.135 17.461 21.94 31.018 19.401 20.417 18.354 18.354 17.009 18.084 18.351 19.217 19.484 16.201 19.72 18.08 19.274 18.589
22.44 21.905 19.994 17.784 15.815 18.621 18.65 17.872 16.468 15.033 15.092 15.693 17.698 17.527 17.03 17.03 20.172 24.124 24.33 27.89 28.846 26.238 21.868 23.897 19.887 23.918 22.988 22.688 22.028 27.584 23.581 24.687 26.209 32.002 36.959 34.808 31.345 25.97 17.16 17.786 21.608 33.134 30.595 29.163 27.669 29.88 22.086 20.058 23.015 39.532 24.449 28.991 39.565 23.974 23.138 16.117 19.046 19.074 28.963 24.452 22.032 19.075 15.968 19.103 21.074 17.638 17.638 17.19 14.949 18.949 16.889 18.442 16.56 19.992 19.752 17.695 18.29
20.895 19.492 18.237 16.297 15.581 17.372 15.668 15.31 16.295 15.429 17.936 22.331 20.696 22.621 27.228 27.228 21.95 23.623 22.152 19.905 18.287 18.793 18.131 17.561 18.692 21.11 21.823 20.537 19.37 22.148 20.864 23.701 23.523 24.627 30.213 30.631 27.466 20.057 27.763 35.528 28.718 36.601 31.316 26.925 24.568 24.269 26.091 27.288 29.947 29.679 24.632 30.608 24.603 33.775 26.693 20.839 24.573 30.16 32.431 37.091 23.109 23.317 29.38 20.867 18.595 18.565 18.565 17.638 17.487 22.414 17.487 19.396 15.098 15.994 20.411 17.694 17.098
15.73 17.076 15.881 16.15 16.749 17.436 16.989 17.376 18.931 21.681 17.049 21.597 22.441 17.09 18.523 18.523 18.752 19.316 17.602 22.551 22.01 17.841 22.627 22.708 19.023 20.9 19.55 18.564 21.551 22.268 23.165 20.388 22.896 21.344 25.585 25.345 22.211 23.375 24.868 29.111 26.809 31.918 28.064 31.59 29.261 29.41 19.792 23.766 24.93 28.397 22.422 20.72 22.274 25.114 30.582 22.484 20.9 22.453 20.601 19.913 19.943 28.308 34.939 31.921 22.481 22.358 22.358 16.654 28.478 22.416 27.879 16.651 16.353 17.933 21.159 17.935 22.623
16.991 17.889 17.352 17.621 17.68 16.905 19.03 19.567 20.224 21.24 18.039 16.427 18.316 17.602 23.227 23.227 22.416 26.528 23.918 29.165 29.942 28.344 25.484 22.503 24.644 24.304 17.636 23.546 24.503 19.401 19.699 18.925 21.553 20.687 26.095 21.166 19.703 22.96 25.888 26.124 22.541 27.44 21.197 24.812 22.302 24.156 23.888 23.888 24.127 19.676 22.068 22.903 23.771 26.251 28.581 24.218 19.615 20.573 20.035 17.017 17.404 23.678 28.129 17.612 25.32 24.69 24.69 23.075 26.451 20.625 22.715 24.415 21.1 24.444 19.19 17.159 17.606
19.987 19.448 19.419 20.346 21.876 17.478 21.373 19.186 21.757 21.875 19.631 17.356 20.414 24.077 21.334 21.334 19.989 23.387 19.64 23.27 24.168 23.385 22.406 20.412 18.545 17.31 18.314 16.708 17.188 21.431 18.925 22.391 22.779 20.779 21.824 24.365 20.032 21.556 21.466 20.034 22.752 21.526 22.364 19.764 21.379 19.646 23.712 24.878 20.514 20.157 21.919 23.743 20.902 22.339 25.237 23.474 23.504 22.666 23.623 28.792 29.63 29.896 25.801 21.378 24.935 22.123 22.123 20.002 24.182 17.789 21.103 21.937 18.892 21.16 23.847 21.37 17.01
19.987 19.448 19.419 20.346 21.876 17.478 21.373 19.186 21.757 21.875 19.631 17.356 20.414 24.077 21.334 21.334 19.989 23.387 19.64 23.27 24.168 23.385 22.406 20.412 18.545 17.31 18.314 16.708 17.188 21.431 18.925 22.391 22.779 20.779 21.824 24.365 20.032 21.556 21.466 20.034 22.752 21.526 22.364 19.764 21.379 19.646 23.712 24.878 20.514 20.157 21.919 23.743 20.902 22.339 25.237 23.474 23.504 22.666 23.623 28.792 29.63 29.896 25.801 21.378 24.935 22.123 22.123 20.002 24.182 17.789 21.103 21.937 18.892 21.16 23.847 21.37 17.01
25.653 24.576 24.009 27.993 28.477 28.452 28.966 30.52 27.699 27.667 30.75 27.128 23.987 28.219 25.354 25.354 23.561 20.417 20.573 19.368 19.695 18.914 21.361 20.867 20.971 19.613 21.272 22.83 24.447 24.81 19.674 23.23 28.043 29.417 26.938 30.553 25.475 28.738 31.124 28.97 25.955 22.397 20.814 21.652 23.119 24.853 23.807 22.014 20.159 20.699 20.011 20.52 20.249 21.385 20.608 18.784 21.473 19.739 21.503 24.643 20.398 24.075 19.738 20.784 22.008 27.804 27.804 25.65 21.734 22.362 28.124 27.077 19.998 24.535 20.712 21.19 21.31
22.273 22.602 21.796 22.456 24.195 23.388 25.547 23.598 25.605 25.753 26.082 26.113 28.815 24.383 20.283 20.283 20.106 22.723 22.786 26.537 18.488 26.468 29.181 26.349 22.052 23.508 24.396 24.096 22.573 22.485 20.424 19.767 23.802 26.133 24.816 24.817 25.952 24.173 24.58 24.518 21.98 24.851 25.123 26.469 25.095 23.092 25.844 22.764 24.201 25.278 20.851 22.646 23.005 20.641 19.981 20.579 18.964 19.532 20.189 21.205 20.189 19.949 19.98 20.486 20.933 22.157 22.157 20.782 20.033 22.242 21.226 21.971 23.194 24.148 22.622 22.472 26.176
24.105 22.486 24.226 23.836 23.388 22.729 21.711 26.865 25.037 27.314 29.024 27.527 31.275 28.401 22.35 22.35 21.875 22.027 25.028 26.319 28.025 27.087 25.19 27.307 28.852 31.802 26.409 25.927 30.081 30.411 23.447 23.417 26.076 29.215 25.09 25.294 26.058 26.757 21.995 22.156 22.102 23.717 25.365 25.066 26.712 26.534 29.438 29.856 27.763 26.299 23.846 27.227 23.817 20.673 19.504 19.623 20.461 20.698 22.883 23.331 24.107 21.118 20.728 20.817 21.206 21.561 21.561 20.275 20.962 20.182 20.51 20.657 20.356 22.772 21.127 21.513 23.516
27.913 29.352 30.371 28.184 27.674 25.158 24.349 24.469 23.601 23.181 24.829 26.539 25.312 25.043 32.007 32.007 29.01 34.562 34.024 36.24 27.718 31.07 30.463 27.156 35.861 30.404 32.669 38.347 35.175 32.064 34.695 26.68 33.438 29.31 26.438 30.893 28.174 23.46 26.319 25.452 23.242 24.38 25.159 23.514 23.515 24.055 21.305 26.33 26.003 23.25 23.4 25.857 22.327 20.316 20.432 21.687 19.923 19.116 19.025 19.415 19.654 20.341 20.282 19.414 20.101 21.324 21.324 22.64 24.102 22.964 21.289 22.003 20.027 20.443 20.528 20.135 22.199
33.879 31.989 30.492 27.976 26.628 27.318 28.727 31.065 29.265 27.231 28.878 28.37 25.553 26.782 27.566 27.566 29.397 31.318 29.877 30.084 30.021 31.785 30.701 28.625 31.523 32.591 31.152 32.615 34.916 33.895 34.365 29.614 27.075 29.056 27.224 34.313 32.88 28.994 36.282 28.48 29.469 24.327 26.185 26.156 25.376 24.268 22.473 23.135 23.135 22.504 21.579 22.781 21.228 20.377 18.572 19.053 20.163 20.465 21.121 22.378 22.049 21.273 21.033 20.733 21.868 23.663 23.663 22.793 22.703 22.31 23.378 24.268 24.569 22.625 22.588 21.498 21.362
32.837 30.29 29.959 30.14 30.29 25.671 26.722 32.206 27.112 30.527 30.586 29.357 28.22 28.971 27.444 27.444 29.185 30.264 27.624 28.401 29.358 30.911 30.816 28.144 30.446 30.261 31.063 33.423 34.587 32.403 29.082 30.428 29.5 34.402 28.72 33.714 34.433 30.997 33.666 32.024 31.869 28.04 29.383 33.371 29.358 26.036 24.781 27.328 25.95 25.593 24.875 24.964 20.831 19.778 18.058 18.365 21.811 22.23 21.841 22.829 21.813 22.619 22.681 22.893 23.52 26.209 26.209 25.009 24.346 22.971 21.744 21.468 23.914 22.954 23.511 23.39 22.624
38.925 40.634 37.905 36.644 34.518 28.341 31.882 32.301 29.99 28.101 27.95 26.512 29.388 32.628 28.193 28.193 26.515 25.465 25.614 26.932 28.157 27.643 27.49 27.31 27.84 27.12 28.644 28.939 29.684 29.713 27.529 29.053 30.492 29.115 28.19 28.725 29.024 29.207 36.625 38.214 35.108 31.096 27.417 37.65 33.645 26.787 27.029 33.292 30.986 32.543 28.529 25.86 22.477 24.155 21.604 20.617 23.847 23.193 22.534 23.372 21.786 21.905 22.831 24.116 26.09 26.596 26.596 26.269 25.612 24.889 23.87 22.909 23.834 22.934 22.154 22.927 23.826
41.418 44.233 40.275 34.43 35.421 30.594 34.732 36.08 29.633 29.123 31.968 27.47 28.067 32.326 26.544 26.544 25.016 27.025 28.671 29.388 25.308 24.347 26.983 30.093 24.55 25.985 27.9 26.371 26.07 27.176 27.026 27.115 30.077 28.64 30.228 27.804 27.355 28.673 30.5 33.405 37.956 33.584 31.401 37.268 38.825 26.16 28.707 42.03 37.509 39.098 32.241 26.012 24.574 30.888 25.047 23.283 24.271 25.109 24.063 23.943 22.657 22.598 21.818 21.517 24.48 24.299 24.299 26.959 28.963 26.507 25.576 24.258 25.511 24.223 23.324 23.444 23.714
43.703 43.005 39.527 34.132 33.054 30.986 29.187 31.287 28.616 28.644 30.98 29.958 29.915 30.107 27.985 27.985 28.975 28.883 30.649 30.736 28.065 28.991 30.727 28.057 26.587 28.95 27.722 27.63 30.654 31.999 30.233 31.37 31.429 35.53 35.082 31.46 34.216 35.893 42.962 38.171 33.62 31.253 28.828 40.807 34.549 35.057 40.327 34.55 35.657 26.823 29.998 27.601 24.128 26.042 25.893 30.953 34.847 36.344 28.86 26.435 26.523 23.918 24.635 22.778 24.424 22.985 22.985 22.446 25.168 24.625 25.492 29.168 32.697 28.505 27.576 26.979 26.323
