Appendix_Data/App5-Higher-Order-Taxon-Info/SA_ASCII/text1.asc
NCOLS 472
NROWS 227
XLLCORNER 17.83333
YLLCORNER -34.83333
CELLSIZE 0.01666667
NODATA_VALUE -9999
[rows 111 to 147 of 227, columns 0 to 81 of 472]
-9999 0 1 0 53 93 25 25 36 88 91 30 0 0 0 65 39 52 40 99 6 0 20 87 20 16 31 21 15 9 0 0 0 17 30 3 35 19 53 65 67 52 42 78 100 100 77 72 84 84 32 50 31 0 61 100 100 87 99 100 96 94 100 100 100 100 100 100 100 100 100 5 0 0 0 0 0 0 0 0 0 0
-9999 -9999 0 0 39 56 28 26 47 46 37 43 0 0 0 79 45 30 66 74 0 0 0 0 0 0 0 4 63 23 38 12 71 30 8 15 20 30 85 52 11 13 47 100 100 100 100 100 100 100 89 88 71 28 45 100 100 99 100 97 100 91 100 100 100 100 100 100 100 100 96 0 0 0 0 0 0 0 0 0 0 0
-9999 -9999 6 0 51 84 86 27 0 0 0 0 0 0 0 50 20 24 51 9 0 0 0 0 0 0 0 0 0 3 17 36 31 33 31 47 47 61 68 78 69 97 100 100 100 100 100 92 86 91 97 91 53 26 54 97 100 88 97 100 100 100 100 100 100 100 100 100 100 100 100 2 0 0 0 0 0 0 0 0 0 0
-9999 -9999 12 0 41 90 74 99 13 0 0 0 0 0 0 0 0 25 6 0 0 0 0 0 0 0 0 0 0 0 5 41 33 40 16 1 23 55 28 88 100 100 100 100 100 100 100 89 99 95 92 100 89 63 99 80 98 99 13 72 100 100 100 100 100 100 100 100 100 100 100 5 0 0 0 0 0 0 0 0 0 0
-9999 0 0 0 12 65 50 21 0 0 0 0 0 0 0 0 0 0 0 0 0 0 0 0 0 0 0 0 0 0 0 0 34 48 37 33 89 76 30 99 100 100 100 100 98 100 100 100 100 100 100 100 100 54 96 99 52 99 14 16 96 100 100 100 100 100 100 100 100 100 100 13 0 0 0 0 0 0 0 0 0 0
-9999 0 0 0 0 8 3 0 0 0 0 0 0 0 0 0 0 0 0 0 0 0 0 0 0 0 0 0 0 0 0 15 9 50 100 59 6 12 14 86 100 100 100 100 96 100 100 100 100 100 100 100 100 93 68 100 28 75 73 43 43 100 100 100 100 100 100 100 100 100 98 15 0 0 0 0 0 0 0 0 0 0
-9999 -9999 -9999 0 21 0 0 0 -9999 -9999 0 0 0 0 0 0 12 46 19 0 0 0 0 0 0 0 0 0 0 0 0 30 10 20 67 20 50 80 82 66 100 100 100 100 100 100 100 100 100 100 100 100 100 100 61 53 54 100 94 96 6 65 100 100 100 100 100 100 91 47 78 26 0 0 0 0 0 0 0 0 0 0
-9999 -9999 0 0 22 8 0 0 -9999 -9999 -9999 0 0 0 2 0 4 25 15 0 0 0 0 0 0 0 0 0 0 0 1 10 0 0 0 37 72 65 100 83 97 100 100 100 100 100 100 100 100 100 100 100 100 100 97 38 100 100 96 88 6 7 89 100 100 100 100 91 71 70 58 39 0 0 0 0 0 0 0 0 0 0
-9999 -9999 -9999 0 0 5 -9999 -9999 -9999 -9999 -9999 0 27 12 57 66 11 0 4 19 0 0 0 0 0 0 0 0 0 0 28 42 0 0 0 1 97 100 100 100 97 93 100 100 100 100 100 100 100 76 49 70 94 98 100 100 100 100 100 100 45 0 22 94 100 100 100 91 96 59 27 31 4 0 0 0 0 0 0 0 0 0
-9999 -9999 -9999 -9999 -9999 -9999 -9999 0 0 0 -9999 0 68 50 14 30 51 0 0 0 0 0 0 0 0 0 0 0 0 0 44 20 0 0 1 58 95 78 83 65 97 98 100 100 100 100 100 100 96 71 90 35 80 100 100 100 100 94 100 85 82 13 27 56 99 100 100 100 80 89 79 51 6 0 0 0 0 0 0 0 0 0
-9999 -9999 -9999 -9999 -9999 -9999 -9999 0 2 10 -9999 1 54 38 39 61 10 0 0 0 0 0 0 0 0 0 0 0 0 0 10 0 0 16 47 84 100 100 81 72 92 100 100 100 100 100 100 98 70 80 42 66 17 66 100 100 100 96 100 82 100 99 89 95 90 100 100 100 100 91 49 29 9 0 0 0 0 0 0 0 0 0
-9999 -9999 -9999 -9999 -9999 -9999 0 0 17 20 28 0 0 1 41 6 0 0 0 0 0 0 0 0 0 0 0 0 0 0 4 8 0 20 89 89 86 80 93 100 100 100 100 100 100 100 100 100 75 100 99 80 55 5 51 100 100 100 100 92 94 100 100 100 100 100 100 100 100 56 2 60 11 0 0 0 0 0 0 0 0 0
-9999 -9999 -9999 -9999 -9999 -9999 0 0 0 0 0 0 0 0 2 21 2 16 0 0 0 0 0 0 0 0 0 0 0 0 0 0 0 5 38 56 80 88 87 98 99 100 100 100 100 100 100 100 99 86 100 77 100 81 7 86 100 100 100 97 69 100 76 100 100 100 100 100 98 10 0 45 23 0 0 0 0 0 3 0 0 0
-9999 -9999 -9999 -9999 -9999 -9999 -9999 0 5 7 13 0 0 0 0 0 0 8 0 0 0 0 0 0 0 0 0 0 0 0 0 0 0 29 87 72 85 98 82 89 97 100 100 100 100 100 100 100 100 95 67 96 100 100 50 38 100 100 100 100 93 85 41 32 92 100 100 100 69 0 0 6 3 0 0 0 0 0 12 25 0 0
-9999 -9999 -9999 -9999 -9999 -9999 -9999 -9999 0 13 0 8 0 0 0 0 0 0 0 0 0 0 0 0 0 0 0 0 0 0 0 5 56 70 68 73 63 74 97 100 100 100 100 100 100 100 100 100 100 100 100 94 86 100 98 11 94 100 100 100 100 80 64 41 72 100 97 49 1 0 0 5 0 0 0 0 0 0 24 49 19 0
-9999 -9999 -9999 -9999 -9999 -9999 -9999 -9999 -9999 -9999 0 0 0 39 0 0 0 0 0 0 0 0 0 0 0 0 0 0 0 0 0 12 66 92 83 54 74 100 100 100 100 100 100 100 100 100 100 100 100 100 100 98 95 100 100 83 52 100 100 100 64 77 98 89 68 89 13 15 53 33 0 17 0 0 0 0 0 0 40 54 23 0
-9999 -9999 -9999 -9999 -9999 -9999 -9999 -9999 -9999 -9999 -9999 -9999 0 6 4 0 0 0 0 0 0 0 0 0 0 0 0 0 0 0 0 34 80 92 48 89 89 42 93 100 100 100 100 86 100 100 100 100 100 100 100 100 99 75 100 100 34 94 100 100 97 59 53 99 87 24 37 93 97 81 28 16 0 0 0 0 1 33 68 40 36 3
-9999 -9999 -9999 -9999 -9999 -9999 -9999 -9999 -9999 -9999 -9999 -9999 -9999 0 3 13 0 0 0 0 0 0 0 0 0 0 0 0 0 2 49 93 100 51 70 92 100 61 84 100 100 100 100 83 100 100 100 100 100 100 100 100 100 92 51 98 87 32 98 100 100 57 64 52 94 57 75 100 55 19 50 2 0 0 0 1 13 47 21 52 93 12
-9999 -9999 -9999 -9999 -9999 -9999 -9999 -9999 -9999 -9999 -9999 -9999 -9999 -9999 0 0 5 0 0 0 0 0 0 0 0 0 0 1 43 88 100 100 100 62 89 100 100 100 73 53 78 99 99 100 99 95 84 100 100 100 100 100 100 100 64 70 83 56 57 94 81 70 44 32 71 47 44 62 13 8 3 17 2 0 0 0 2 2 14 11 78 10
-9999 -9999 -9999 -9999 -9999 -9999 -9999 -9999 -9999 -9999 -9999 -9999 -9999 -9999 -9999 0 0 0 0 0 0 0 0 0 0 0 8 38 100 100 100 100 100 96 47 99 100 93 96 56 100 96 56 78 66 17 30 84 100 100 100 100 100 100 100 67 59 81 35 100 95 100 83 38 58 61 46 94 74 27 13 24 15 0 1 11 0 5 39 55 74 5
-9999 -9999 -9999 -9999 -9999 -9999 -9999 -9999 -9999 -9999 -9999 -9999 -9999 -9999 -9999 -9999 0 0 0 0 0 0 0 0 0 0 35 23 100 100 100 100 100 100 42 47 58 74 95 95 100 100 94 32 36 85 64 69 100 100 100 100 100 100 100 100 91 95 85 66 100 100 100 88 78 52 41 100 100 59 2 0 24 0 35 19 0 42 64 79 80 3
-9999 -9999 -9999 -9999 -9999 -9999 -9999 -9999 -9999 -9999 -9999 -9999 -9999 -9999 -9999 -9999 0 0 0 0 0 0 0 0 0 6 77 90 100 100 100 100 100 100 62 24 19 0 15 26 98 100 100 67 1 11 9 48 100 100 100 100 100 100 100 100 100 100 96 52 100 100 100 100 100 98 41 66 100 100 69 33 25 2 46 27 21 76 71 83 71 4
-9999 -9999 -9999 -9999 -9999 -9999 -9999 -9999 -9999 -9999 -9999 -9999 -9999 -9999 -9999 -9999 -9999 0 0 0 0 0 0 0 10 41 64 95 99 62 30 90 100 100 100 38 14 52 21 0 90 100 100 97 64 78 19 38 100 95 100 100 100 100 90 99 96 97 97 70 81 100 100 100 100 91 54 37 68 100 100 51 8 14 92 79 43 83 82 82 50 36
-9999 -9999 -9999 -9999 -9999 -9999 -9999 -9999 -9999 -9999 -9999 -9999 -9999 -9999 -9999 -9999 -9999 -9999 0 0 0 0 0 0 0 0 0 3 2 0 48 29 83 100 82 64 16 42 26 47 34 79 99 98 100 100 100 100 100 100 100 96 89 97 80 81 97 96 100 100 54 84 98 95 91 100 90 34 9 66 100 99 81 9 30 66 98 99 79 44 72 63
-9999 -9999 -9999 -9999 -9999 -9999 -9999 -9999 -9999 -9999 -9999 -9999 -9999 -9999 -9999 -9999 -9999 -9999 0 0 0 0 0 0 0 0 0 0 0 3 92 14 6 98 100 98 60 0 4 17 39 63 99 96 93 100 100 100 100 100 99 16 1 86 96 100 100 100 100 100 78 39 97 88 70 100 100 100 31 54 100 100 90 1 0 51 76 57 67 41 50 74
-9999 -9999 -9999 -9999 -9999 -9999 -9999 -9999 -9999 -9999 -9999 -9999 -9999 -9999 -9999 -9999 -9999 -9999 -9999 0 0 0 8 0 0 0 0 0 0 0 0 0 21 94 55 98 100 52 6 0 0 37 62 98 100 100 100 100 100 74 81 0 8 100 100 100 100 100 96 73 99 46 92 71 14 85 100 100 54 85 60 64 65 0 0 3 75 44 61 61 36 80
-9999 -9999 -9999 -9999 -9999 -9999 -9999 -9999 -9999 -9999 -9999 -9999 -9999 -9999 -9999 -9999 -9999 -9999 0 0 0 0 1 0 0 0 2 0 0 0 0 0 80 100 90 81 100 100 77 2 0 46 100 100 69 71 100 100 98 31 63 0 29 100 100 100 100 100 99 25 25 65 48 84 44 89 100 87 45 86 85 91 0 0 0 1 61 82 5 5 29 67
-9999 -9999 -9999 -9999 -9999 -9999 -9999 -9999 -9999 -9999 -9999 -9999 -9999 -9999 -9999 -9999 -9999 -9999 0 0 0 0 0 0 0 0 9 19 0 0 0 0 68 74 3 47 89 59 91 16 0 40 80 75 93 70 100 100 100 99 96 15 44 100 100 100 100 100 100 97 37 16 65 100 71 64 71 96 91 52 100 100 0 14 0 0 12 84 82 71 45 16
-9999 -9999 -9999 -9999 -9999 -9999 -9999 -9999 -9999 -9999 -9999 -9999 -9999 -9999 -9999 -9999 -9999 -9999 -9999 -9999 0 0 0 0 0 0 0 2 0 0 0 0 1 2 0 0 3 46 34 65 3 0 0 46 66 100 100 100 85 83 100 39 5 86 100 100 100 100 100 100 99 39 55 100 45 0 0 4 44 70 100 100 0 23 0 0 0 70 100 100 96 48
-9999 -9999 -9999 -9999 -9999 -9999 -9999 -9999 -9999 -9999 -9999 -9999 -9999 -9999 -9999 -9999 -9999 -9999 -9999 -9999 -9999 -9999 0 0 0 0 0 0 0 0 0 0 0 0 0 0 0 7 53 92 34 0 0 30 14 84 100 100 67 8 94 57 0 62 100 100 100 100 100 100 100 99 61 90 83 9 0 0 51 66 86 100 23 0 0 0 0 25 100 100 100 82
-9999 -9999 -9999 -9999 -9999 -9999 -9999 -9999 -9999 -9999 -9999 -9999 -9999 -9999 -9999 -9999 -9999 -9999 -9999 -9999 -9999 -9999 -9999 0 0 0 0 0 0 0 0 0 0 0 0 0 0 0 0 16 48 0 0 0 0 20 90 100 100 63 98 41 0 44 100 100 100 100 100 100 100 100 53 56 66 99 52 39 42 100 21 24 16 4 0 0 0 0 85 99 90 15
-9999 -9999 -9999 -9999 -9999 -9999 -9999 -9999 -9999 -9999 -9999 -9999 -9999 -9999 -9999 -9999 -9999 -9999 -9999 -9999 -9999 -9999 -9999 -9999 0 0 0 0 0 0 0 0 0 0 0 0 0 0 1 22 2 0 0 0 0 0 12 96 98 95 61 21 0 0 71 100 100 100 100 100 100 100 52 71 14 83 87 38 68 100 80 12 64 5 0 0 0 0 45 17 2 0
-9999 -9999 -9999 -9999 -9999 -9999 -9999 -9999 -9999 -9999 -9999 -9999 -9999 -9999 -9999 -9999 -9999 -9999 -9999 -9999 -9999 -9999 -9999 -9999 -9999 0 0 0 0 0 0 0 0 0 0 0 0 0 12 81 53 13 0 0 0 11 18 100 100 72 76 24 0 0 27 94 100 100 100 100 100 95 84 44 58 39 68 92 94 100 100 44 34 12 14 0 0 0 6 23 0 0
-9999 -9999 -9999 -9999 -9999 -9999 -9999 -9999 -9999 -9999 -9999 -9999 -9999 -9999 -9999 -9999 -9999 -9999 -9999 -9999 -9999 -9999 -9999 -9999 -9999 -9999 0 0 0 0 5 18 27 3 0 0 0 0 0 0 19 1 0 0 0 19 28 39 85 59 91 71 5 0 0 58 100 99 100 100 100 100 99 27 100 14 69 79 95 100 100 90 0 0 0 0 0 0 0 1 0 7
-9999 -9999 -9999 -9999 -9999 -9999 -9999 -9999 -9999 -9999 -9999 -9999 -9999 -9999 -9999 -9999 -9999 -9999 -9999 -9999 -9999 -9999 -9999 -9999 -9999 -9999 -9999 1 20 68 72 6 7 2 9 0 0 0 0 0 0 34 21 3 17 37 40 56 86 34 41 16 55 4 0 13 88 94 86 100 100 100 100 34 100 18 94 91 48 82 95 51 0 11 1 0 0 0 0 0 45 26
-9999 -9999 -9999 -9999 -9999 -9999 -9999 -9999 -9999 -9999 -9999 -9999 -9999 -9999 -9999 -9999 -9999 -9999 -9999 -9999 -9999 -9999 -9999 -9999 -9999 -9999 -9999 -9999 36 10 86 6 1 41 4 0 0 0 37 4 0 0 51 42 34 62 12 86 53 60 1 0 28 35 0 0 9 75 56 96 100 95 95 46 100 65 53 100 77 42 13 8 0 0 0 0 0 0 0 0 9 53
-9999 -9999 -9999 -9999 -9999 -9999 -9999 -9999 -9999 -9999 -9999 -9999 -9999 -9999 -9999 -9999 -9999 -9999 -9999 -9999 -9999 -9999 -9999 -9999 -9999 -9999 -9999 -9999 67 4 35 0 21 25 5 0 0 0 7 6 0 0 13 21 0 5 17 80 40 63 55 24 32 88 7 0 0 4 56 86 100 96 44 42 86 80 18 98 100 89 70 83 71 20 17 0 0 0 0 0 0 0
